  0.100000000000000E+001  0.120672709254519E+006  0.297102077735437E+001  0.442139431918902E+002  0.170208166152096E+001 -0.429900957402654E-003  0.981170842796340E+002
  0.100000000000000E+001  0.238760955772319E+006  0.271804506244782E+001  0.516450614388241E+002  0.136308171267711E+001 -0.887463350005419E-004  0.247279702880780E+002
  0.100000000000000E+001  0.496858993772915E+005  0.303815932820716E+001  0.284933594111053E+002  0.276543631221264E+001 -0.724408249275228E-003  0.842886432747051E+002
  0.100000000000000E+001  0.891708777275610E+004  0.313167338748101E+001  0.407551114327202E+002  0.446553279160067E+000 -0.209242639167532E-002  0.690509371130399E+002
  0.100000000000000E+001  0.462689624490583E+005  0.303443279202412E+001  0.213764934041546E+002  0.153694186808544E+001 -0.211292035854346E-002  0.530496320916426E+002
  0.100000000000000E+001  0.131436807910893E+006  0.266756092805540E+001  0.357218729641098E+002  0.112138333093262E+001 -0.806255935869138E-003  0.455411543748332E+002
  0.100000000000000E+001  0.164842765827283E+006  0.292053664352075E+001  0.282907547171759E+002  0.146038327977647E+001 -0.114741055827124E-002  0.389302684036422E+002
  0.100000000000000E+001  0.207265687779075E+006  0.256856801632246E+001  0.299110251257369E+002  0.166625086526913E+001 -0.454785011364026E-002  0.955253103839471E+002
  0.100000000000000E+001  0.323055427305493E+006  0.308491692585775E+001  0.372996765656734E+002  0.177864024703596E+001 -0.139541075767487E-002  0.322364480048874E+002
  0.100000000000000E+001  0.808264928742507E+005  0.329113495203036E+001  0.210622411641714E+002  0.310443626385046E+001 -0.106556287167733E-002  0.776777573407670E+002
  0.100000000000000E+001  0.126865807681025E+006  0.260200500966535E+001  0.349017967873498E+002  0.144280969148446E+001 -0.302273850801536E-002  0.491353448091560E+002
  0.100000000000000E+001  0.512507507858708E+006  0.346510825754804E+001  0.214189602111520E+002  0.108555298730358E+001 -0.492420509210675E-002  0.429493804791464E+002
  0.100000000000000E+001  0.139140941846947E+007  0.351559230085711E+001  0.373421486858663E+002  0.132725136904808E+001 -0.420669549123815E-002  0.221361963923912E+002
  0.100000000000000E+001  0.272516649137065E+006  0.328176937683038E+001  0.683412296972258E+002  0.241439734596003E+001 -0.925344430439774E-002  0.943664089223111E+002
  0.100000000000000E+001  0.125775593783186E+006  0.282487867996781E+001  0.623714766658728E+002  0.393555287994536E+001 -0.367889171702598E-002  0.926947127371329E+002
  0.100000000000000E+001  0.483473499323854E+004  0.299885189440214E+001  0.627281957454497E+002  0.191666960619246E+001 -0.753753393745539E-002  0.579663358755123E+002
  0.100000000000000E+001  0.367785458623416E+006  0.356076622054219E+001  0.573382381972624E+002  0.461038338713467E+001 -0.239272126121980E-002  0.691849360711497E+002
  0.100000000000000E+001  0.698280801215873E+006  0.367466236904557E+001  0.504239768842412E+002  0.468694197264968E+001 -0.335823106149202E-002  0.833042936869267E+002
  0.100000000000000E+001  0.186965746031567E+006  0.268246416482583E+001  0.229967638127156E+002  0.174280945078414E+001 -0.551335991391248E-002  0.296446741092006E+002
  0.100000000000000E+001  0.135635245081520E+006  0.296165511107104E+001  0.214929370707365E+002  0.101204274363053E+001 -0.861778239012306E-002  0.348057298262077E+002
  0.100000000000000E+001  0.105757234899044E+006  0.293155306646694E+001  0.563937299155942E+002  0.316578598324758E+001 -0.893278364886377E-002  0.849759898348520E+002
  0.100000000000000E+001  0.271358140762167E+006  0.349521030215215E+001  0.565181620205024E+002  0.493180929226976E+001 -0.460920383336603E-002  0.727791265054725E+002
  0.100000000000000E+001  0.242134241373114E+006  0.254964267174696E+001  0.449698481254452E+002  0.321292623043932E+001 -0.109584674596925E-001  0.985600728344200E+002
  0.100000000000000E+001  0.186758348043104E+007  0.359420321388509E+001  0.623290098588754E+002  0.438694175793325E+001 -0.867609655594903E-003  0.227949643868822E+002
  0.100000000000000E+001  0.944766114441615E+005  0.318452878137349E+001  0.489626116686602E+002  0.350478593209143E+001 -0.927393827126588E-002  0.783651038636610E+002
  0.100000000000000E+001  0.867350484448426E+005  0.324223458724559E+001  0.639492803000326E+002  0.459280934342592E+001 -0.426804921096392E-002  0.793900064044401E+002
  0.100000000000000E+001  0.276541102330191E+006  0.329842492987687E+001  0.420483503556390E+002  0.358134451760643E+001 -0.102394480715381E-001  0.924844675516614E+002
  0.100000000000000E+001  0.133869238082919E+006  0.262261445523343E+001  0.543525691842512E+002  0.811072606565973E+000 -0.144187509475015E-001  0.671465037052765E+002
  0.100000000000000E+001  0.210703489737410E+006  0.252910039651838E+001  0.420908171626364E+002  0.312995563961855E+001 -0.130507328051014E-001  0.823842159391651E+002
  0.100000000000000E+001  0.133374136997523E+006  0.327220969909701E+001  0.361210641312834E+002  0.465111117360388E+001 -0.747618021772962E-002  0.807125197912398E+002
  0.100000000000000E+001  0.115006867330600E+005  0.310552637142583E+001  0.567504542757703E+002  0.114690316211747E+001 -0.127914258529997E-001  0.502476069010079E+002
  0.100000000000000E+001  0.544188413849200E+006  0.355140055425886E+001  0.346172321087051E+002  0.392034446924425E+001 -0.105806026939402E-001  0.858735815804704E+002
  0.100000000000000E+001  0.233719318391157E+006  0.285109391130646E+001  0.682987628902284E+002  0.286578622394791E+001 -0.644215957083446E-002  0.244666605720604E+002
  0.100000000000000E+001  0.329949193469720E+006  0.341620789220448E+001  0.643059993470133E+002  0.257392652229580E+001 -0.812669143139333E-002  0.446616295428194E+002
  0.100000000000000E+001  0.102971872763977E+007  0.366529679384559E+001  0.277029707956838E+002  0.399690305475925E+001 -0.115461124942124E-001  0.999929452684708E+002
  0.100000000000000E+001  0.386999354375692E+005  0.287559017013999E+001  0.469214509373173E+002  0.115007210278703E+001 -0.147599055699036E-001  0.605356177340855E+002
  0.100000000000000E+001  0.536211981862016E+005  0.283605538055520E+001  0.425295015401242E+002  0.332848455287571E+001 -0.977451047646976E-002  0.455592212884378E+002
  0.100000000000000E+001  0.188126605014040E+006  0.311670307201322E+001  0.369084791500217E+002  0.539834835047812E+000 -0.188870419566048E-001  0.831121153778068E+002
  0.100000000000000E+001  0.971340140638075E+005  0.299163022292245E+001  0.636647155887916E+002  0.107034412118571E+001 -0.118259133968888E-001  0.361282432130075E+002
  0.100000000000000E+001  0.167201574094655E+006  0.289597216884495E+001  0.277454376026812E+002  0.354551417677136E+001 -0.143573972277757E-001  0.898926936559745E+002
  0.100000000000000E+001  0.277785905792025E+006  0.317516311509016E+001  0.262416055475066E+002  0.281474701420100E+001 -0.174618197039863E-001  0.950537493729817E+002
  0.100000000000000E+001  0.237536535992282E+006  0.302318901273937E+001  0.246467271284069E+002  0.285871786810039E+001 -0.175190238142047E-001  0.983498215394721E+002
  0.100000000000000E+001  0.445436485777293E+006  0.360188468809249E+001  0.505404205834193E+002  0.416204239557198E+001 -0.986309309307161E-002  0.650603974937152E+002
  0.100000000000000E+001  0.200071031548906E+006  0.271425040150587E+001  0.226055663970640E+002  0.504004038795986E+000 -0.230049937686811E-001  0.805203414821200E+002
  0.100000000000000E+001  0.299647007747036E+006  0.295209543333767E+001  0.592727661915985E+002  0.324875657406835E+001 -0.684051830345494E-002  0.211518467673599E+002
  0.100000000000000E+001  0.542730212616813E+006  0.331896729674759E+001  0.449273813184478E+002  0.366431510842720E+001 -0.814718538196799E-002  0.286603244841693E+002
  0.100000000000000E+001  0.472408136560450E+005  0.292607421344905E+001  0.628446394120316E+002  0.139177048173755E+001 -0.140423986248737E-001  0.397224336473303E+002
  0.100000000000000E+001  0.638268148775651E+006  0.339566552533375E+001  0.614269683842045E+002  0.249095593147503E+001 -0.102189541046700E-001  0.284857726103117E+002
  0.100000000000000E+001  0.444395578125520E+006  0.356630379102929E+001  0.218921229573108E+002  0.454177058909576E+001 -0.152877093278223E-001  0.699771013148378E+002
  0.100000000000000E+001  0.135217381970291E+006  0.258917746189054E+001  0.493618028358338E+002  0.103451378035064E+001 -0.159438652089651E-001  0.335364693173207E+002
  0.100000000000000E+001  0.142600298142054E+005  0.306994547380384E+001  0.281021566496618E+002  0.152663090022449E+001 -0.182160394482051E-001  0.551643107221305E+002
  0.100000000000000E+001  0.722727888641706E+005  0.270307361039392E+001  0.424475362096170E+002  0.111107236586564E+001 -0.169093750092373E-001  0.476558330053211E+002
  0.100000000000000E+001  0.763500205033039E+006  0.340898612964145E+001  0.652425192229515E+002  0.172760104008302E+001 -0.124150708908267E-001  0.228235368430617E+002
  0.100000000000000E+001  0.212374488338805E+005  0.295604932530047E+001  0.350164179626831E+002  0.145007231470949E+001 -0.172505296316394E-001  0.410449470341301E+002
  0.100000000000000E+001  0.382348032868117E+006  0.324058373949938E+001  0.585673111901718E+002  0.357744555784522E+001 -0.232847946713574E-001  0.966556393894036E+002
  0.100000000000000E+001  0.166444226511734E+006  0.300264664586865E+001  0.217676908198063E+002  0.277574728007359E+001 -0.196112891433200E-001  0.821739646442173E+002
  0.100000000000000E+001  0.217525460823726E+006  0.278936599818808E+001  0.556458081071701E+002  0.394586384501234E+001 -0.225657726273643E-001  0.905800341066451E+002
  0.100000000000000E+001  0.330704807826054E+006  0.315623786159801E+001  0.413004285472149E+002  0.436142238216516E+001 -0.238724370500386E-001  0.980885118234545E+002
  0.100000000000000E+001  0.129568233037290E+006  0.275355774478633E+001  0.583707247169276E+002  0.135277074761014E+001 -0.161918654246622E-001  0.268426489185659E+002
  0.100000000000000E+001  0.275337129141600E+006  0.253639028272274E+001  0.630769316672995E+002  0.360686435158525E+001 -0.222246180049621E-001  0.971909200778361E+002
  0.100000000000000E+001  0.182316416217714E+006  0.319570548196089E+001  0.291206365103154E+002  0.289771760502177E+001 -0.153695570144162E-001  0.312296123777130E+002
  0.100000000000000E+001  0.884330439316766E+005  0.330960163046426E+001  0.222063751972941E+002  0.297427619053678E+001 -0.163350668146884E-001  0.453489699934900E+002
  0.100000000000000E+001  0.505015332734996E+005  0.294272985757889E+001  0.365517600704448E+002  0.255871765617793E+001 -0.150284023920141E-001  0.378404922766805E+002
  0.100000000000000E+001  0.780556400120945E+005  0.312042960819626E+001  0.440253451243761E+002  0.176832928196899E+001 -0.174985298473365E-001  0.343511266353753E+002
  0.100000000000000E+001  0.401623670158582E+006  0.324625669449187E+001  0.616155664191223E+002  0.242470831102700E+001 -0.281403251984425E-001  0.922517302918233E+002
  0.100000000000000E+001  0.173507354675790E+006  0.339962055444147E+001  0.425215131017978E+002  0.103756212219259E+001 -0.206029523235471E-001  0.395121884246058E+002
  0.100000000000000E+001  0.220329233417903E+006  0.296706574880545E+001  0.631193984742969E+002  0.315547501818061E+001 -0.250359027222319E-001  0.870906684653398E+002
  0.100000000000000E+001  0.492594509146430E+006  0.333393761221538E+001  0.487740136011462E+002  0.357103355253946E+001 -0.263425671611998E-001  0.945991461821492E+002
  0.100000000000000E+001  0.114345238580960E+007  0.361312855846059E+001  0.472701868591671E+002  0.284026639276306E+001 -0.294469896211168E-001  0.997602080086327E+002
  0.100000000000000E+001  0.280005677658963E+006  0.322004146371201E+001  0.556882802273630E+002  0.349447496702445E+001 -0.253770573446341E-001  0.804797824941488E+002
  0.100000000000000E+001  0.218838675245024E+006  0.300653336860954E+001  0.509396064699937E+002  0.169177024103722E+001 -0.165330200470643E-001  0.202317629473749E+002
  0.100000000000000E+001  0.908174093287538E+006  0.358691323603858E+001  0.413428953542123E+002  0.391003350417727E+001 -0.266837217836019E-001  0.879882602109582E+002
  0.100000000000000E+001  0.302227774665403E+006  0.251413008105059E+001  0.382441848799380E+002  0.322323719550629E+001 -0.298453483537373E-001  0.964453942039321E+002
  0.100000000000000E+001  0.165949575602392E+006  0.292218749070816E+001  0.336727237944405E+002  0.247574752077392E+001 -0.171206650815842E-001  0.216646353814257E+002
  0.100000000000000E+001  0.513557659295250E+006  0.344077227579692E+001  0.648513217747035E+002  0.488795628094870E+000 -0.299067020734631E-001  0.736992042532340E+002
  0.100000000000000E+001  0.434035910068605E+006  0.321067579686988E+001  0.329672687930138E+002  0.280443604913403E+001 -0.335649387773545E-001  0.971684280034695E+002
  0.100000000000000E+001  0.648665043368171E+006  0.344061199815572E+001  0.427962721640631E+002  0.280126711125844E+001 -0.315964590767441E-001  0.868804171703920E+002
  0.100000000000000E+001  0.789953148917520E+005  0.314103905376434E+001  0.634761175212775E+002  0.113659219705049E+001 -0.288945449426614E-001  0.523622855314958E+002
  0.100000000000000E+001  0.225464177368505E+006  0.258710177289492E+001  0.476269059387440E+002  0.821383571632949E+000 -0.333056318415463E-001  0.650318250375357E+002
  0.100000000000000E+001  0.172075710551988E+006  0.339401467758754E+001  0.560449992743436E+002  0.147559169327155E+001 -0.292356995650635E-001  0.457514056325282E+002
  0.100000000000000E+001  0.183526677328428E+006  0.256088654211506E+001  0.416996197143884E+002  0.189115022763040E+001 -0.305423639877378E-001  0.532598833493376E+002
  0.100000000000000E+001  0.262335477825189E+006  0.286045957758979E+001  0.210197690113822E+002  0.355582514183834E+001 -0.332442781218205E-001  0.877780089532633E+002
  0.100000000000000E+001  0.122462887829694E+007  0.369358771362107E+001  0.353651539171292E+002  0.314026660468552E+001 -0.319376136991462E-001  0.802695312364539E+002
  0.100000000000000E+001  0.778354988553176E+006  0.348030706538171E+001  0.692432711718967E+002  0.431038317241824E+001 -0.348920971668969E-001  0.886756067711051E+002
  0.100000000000000E+001  0.529010195453198E+006  0.331167731890109E+001  0.239412721269802E+002  0.318740639925447E+001 -0.339632975099749E-001  0.938536203082453E+002
  0.100000000000000E+001  0.586209929429030E+006  0.348007970960195E+001  0.306164801271636E+002  0.133756233411505E+001 -0.230935763852829E-001  0.200215177619034E+002
  0.100000000000000E+001  0.130740747855936E+006  0.338069520986597E+001  0.575803361015061E+002  0.258423748736278E+001 -0.270135723254381E-001  0.425469508750787E+002
  0.100000000000000E+001  0.991904579462169E+005  0.326679906136259E+001  0.644945974145274E+002  0.250767890184777E+001 -0.260480598693272E-001  0.284275872243312E+002
  0.100000000000000E+001  0.134873241550671E+006  0.263758590728734E+001  0.635500944134583E+002  0.106308149796069E+001 -0.325881222406777E-001  0.442186409880334E+002
  0.100000000000000E+001  0.413816767022340E+005  0.289056162219389E+001  0.561189761665244E+002  0.140208144959850E+001 -0.329292768630798E-001  0.376077550168424E+002
  0.100000000000000E+001  0.172979152714146E+006  0.334511431280277E+001  0.289320437559968E+002  0.296396522546980E+001 -0.324381859043500E-001  0.474636546962012E+002
  0.100000000000000E+001  0.294580065697781E+006  0.350068915517003E+001  0.500672578372605E+002  0.705825249196561E+000 -0.344895888247690E-001  0.380326766580238E+002
  0.100000000000000E+001  0.148805843628819E+006  0.336015284299524E+001  0.547013051061010E+002  0.250126689654201E+001 -0.291058349987147E-001  0.263710879076004E+002
  0.100000000000000E+001  0.213804322394423E+006  0.338736651717972E+001  0.325261305993055E+002  0.173042579185505E+001 -0.862718171293408E-002  0.786428123454744E+002
  0.100000000000000E+001  0.119387281102610E+006  0.261982586243432E+001  0.230871595220680E+002  0.120884275238571E+001 -0.344423697684905E-002  0.734094620029461E+002
  0.100000000000000E+001  0.102624485192741E+006  0.308475399059434E+001  0.230854665032889E+002  0.332172495003166E+001 -0.250002037167171E-002  0.473066927125066E+002
  0.100000000000000E+001  0.209142265624012E+005  0.301291428599400E+001  0.683322384665907E+002  0.102000603810908E+001 -0.395899196368384E-002  0.557171406578071E+002
  0.100000000000000E+001  0.109866663574839E+005  0.295770017304668E+001  0.403983923531432E+002  0.246543610029018E+001 -0.332237841549523E-001  0.237793140119136E+002
  0.100000000000000E+001  0.534330471550025E+006  0.364262224618480E+001  0.504784944097846E+002  0.379801081671887E+001 -0.119803524389258E-001  0.630923467422134E+002
  0.100000000000000E+001  0.107692112777645E+006  0.284527937367034E+001  0.633520152908383E+002  0.404203459274625E+001 -0.293326473532135E-002  0.903163026538144E+002
  0.100000000000000E+001  0.459767018651869E+006  0.349273042827010E+001  0.503815623616952E+002  0.283953926822209E+001 -0.155003785916295E-002  0.973703695165371E+002
  0.100000000000000E+001  0.819944272223064E+005  0.268833390176686E+001  0.555155905516935E+002  0.133753230734274E+001 -0.263891578357573E-002  0.700977882828153E+002
  0.100000000000000E+001  0.221973914396373E+006  0.330559223353646E+001  0.417677361193381E+002  0.350067177533967E+001 -0.622020811459879E-002  0.449150818389756E+002
  0.100000000000000E+001  0.826279591694757E+006  0.367302820408130E+001  0.670515796911829E+002  0.124995023908362E+001 -0.114349428328407E-001  0.831362798468133E+002
  0.100000000000000E+001  0.165682216030015E+006  0.253472000404783E+001  0.400039627870250E+002  0.806058923488017E+000 -0.169091377725258E-002  0.447804996866464E+002
  0.100000000000000E+001  0.113777915377576E+005  0.309028653640968E+001  0.533037199456319E+002  0.341308970708056E+001 -0.150162351638638E-001  0.579535673307502E+002
  0.100000000000000E+001  0.929480101153574E+005  0.273991537149661E+001  0.454965782152531E+002  0.293292111637922E+001 -0.100104112449312E-001  0.715887394105283E+002
  0.100000000000000E+001  0.538912176896508E+005  0.293334106450621E+001  0.454673005196827E+002  0.708586966260283E+000 -0.147218835562794E-001  0.377350590692274E+002
  0.100000000000000E+001  0.299556883064295E+006  0.351941439800440E+001  0.515399519265144E+002  0.718477310645657E+000 -0.104869408265176E-001  0.578189912133916E+002
  0.100000000000000E+001  0.373353121192827E+006  0.352714791433307E+001  0.496516618693206E+002  0.472817746777789E+001 -0.118302084222758E-002  0.842115147495542E+002
  0.100000000000000E+001  0.526851103376960E+006  0.362477830853600E+001  0.693953890020996E+002  0.182759033159593E+001 -0.340979431690772E-002  0.765465483844543E+002
  0.100000000000000E+001  0.544272516477923E+005  0.307222936369455E+001  0.564249360403602E+002  0.625095462488526E+000 -0.202656744074933E-002  0.836006213566533E+002
  0.100000000000000E+001  0.108562798035039E+006  0.272207152548995E+001  0.644134728075680E+002  0.962501086673040E+000 -0.143985312291312E-002  0.850429410527692E+002
  0.100000000000000E+001  0.181886099257650E+006  0.279923044919716E+001  0.335892757890226E+002  0.253801054075867E+001 -0.807798406615796E-002  0.994722200721215E+002
  0.100000000000000E+001  0.210972055963586E+006  0.344757469284527E+001  0.267867239224126E+002  0.441675839592909E+001 -0.119459124348232E-001  0.662294391959450E+002
  0.100000000000000E+001  0.172943837186629E+006  0.254486790979922E+001  0.218048077278811E+002  0.355166869558944E+001 -0.997596858498987E-002  0.747258318642599E+002
  0.100000000000000E+001  0.226410710805083E+006  0.345920613069670E+001  0.572793586034073E+002  0.403214470377764E+001 -0.716821012092195E-002  0.702323644001739E+002
  0.100000000000000E+001  0.189425366743928E+006  0.260655970920696E+001  0.647571961043223E+002  0.310777783541060E+001 -0.231942185240447E-003  0.363700578135694E+002
  0.100000000000000E+001  0.168736012306383E+006  0.265023191197296E+001  0.396602394902707E+002  0.466078217195648E+001 -0.289882473121874E-002  0.934533890353226E+002
  0.100000000000000E+001  0.305275623236235E+006  0.319785150965554E+001  0.390526082084848E+002  0.244053858353093E+001 -0.211089565010235E-001  0.924267794547025E+002
  0.100000000000000E+001  0.122283286157204E+006  0.337963290920891E+001  0.344144206564993E+002  0.372072563192884E+001 -0.179311016972241E-001  0.522502888465647E+002
  0.100000000000000E+001  0.666354020709662E+006  0.369661801369513E+001  0.241486170387978E+002  0.412930924351852E+001 -0.195082272489559E-002  0.681361004391538E+002
  0.100000000000000E+001  0.980116537353591E+006  0.369881898476724E+001  0.620420735066645E+002  0.204764464639583E+001 -0.151206905716652E-001  0.838817553920434E+002
  0.100000000000000E+001  0.597794079837722E+004  0.303870506667994E+001  0.633227322820723E+002  0.181770044262732E+001 -0.764473970250832E-002  0.564626162030372E+002
  0.100000000000000E+001  0.103857333217460E+006  0.306299936801891E+001  0.355051611493987E+002  0.286552582335178E+001 -0.117262124780836E-001  0.808306136962967E+002
  0.100000000000000E+001  0.563444708517737E+006  0.348589000934765E+001  0.584377481682265E+002  0.191108229078445E+001 -0.161051130882766E-001  0.306809860970284E+002
  0.100000000000000E+001  0.105767187624681E+006  0.276570615218255E+001  0.404870720307348E+002  0.373061552089746E+001 -0.136961563279170E-001  0.723342210279818E+002
  0.100000000000000E+001  0.285045344167189E+006  0.251598296843402E+001  0.527529616625987E+002  0.175439570849930E+001 -0.228592003941173E-001  0.985315612867392E+002
  0.100000000000000E+001  0.108315567325278E+006  0.266034215000881E+001  0.226316402683451E+002  0.262150204732439E+001 -0.207733028375268E-001  0.536066638569191E+002
  0.100000000000000E+001  0.159449357617125E+006  0.306669681787921E+001  0.262066826306134E+002  0.533730702645659E+000 -0.245003526322637E-001  0.729537406661863E+002
  0.100000000000000E+001  0.518971154633627E+005  0.325642506102851E+001  0.354758781732291E+002  0.641192125855630E+000 -0.164376874452706E-001  0.469769272827724E+002
  0.100000000000000E+001  0.122831716083827E+007  0.361151215530863E+001  0.410654256169503E+002  0.372652541462082E+001 -0.197499509005626E-003  0.395071441950776E+002
  0.100000000000000E+001  0.637802625814276E+006  0.357709466868688E+001  0.417953261093249E+002  0.183788721506503E+001 -0.564516525941000E-003  0.526659989993133E+002
  0.100000000000000E+001  0.335237663619628E+006  0.354520508704820E+001  0.465304457419961E+002  0.151617171516390E+001 -0.141726859095033E-001  0.585644667958745E+002
  0.100000000000000E+001  0.127834656811523E+006  0.287107015435629E+001  0.583425091063199E+002  0.483972899726450E+001 -0.661901247414583E-002  0.910617781990444E+002
  0.100000000000000E+001  0.253826299908287E+005  0.295913184519215E+001  0.404577943677606E+002  0.150628182619528E+001 -0.184076312951039E-001  0.384805346144575E+002
  0.100000000000000E+001  0.120165208263794E+006  0.336178906320225E+001  0.533313099356187E+002  0.175030560222266E+001 -0.936054359149948E-002  0.657044844538351E+002
  0.100000000000000E+001  0.476996619207067E+006  0.361683146549886E+001  0.554880005617067E+002  0.300031641220063E+001 -0.829460735594004E-002  0.623468711597304E+002
  0.100000000000000E+001  0.115408179877413E+005  0.313612222525775E+001  0.672707809498609E+002  0.409953999959905E+001 -0.545240623193079E-002  0.609904961493760E+002
  0.100000000000000E+001  0.203238718838126E+006  0.309248759856515E+001  0.211971764460951E+002  0.133142510995787E+001 -0.281861003547947E-001  0.736992222836398E+002
  0.100000000000000E+001  0.644634583987523E+005  0.311274574235239E+001  0.559694168192336E+002  0.203775475463324E+001 -0.193556333014271E-001  0.637978232106263E+002
  0.100000000000000E+001  0.187314889597548E+006  0.253234328234064E+001  0.551442772649524E+002  0.855039663463069E+000 -0.950251830990621E-002  0.310197544734362E+002
  0.100000000000000E+001  0.105193519679853E+007  0.365277006029405E+001  0.322793340048489E+002  0.543620594408244E+000 -0.202654099025018E-001  0.930376789198268E+002
  0.100000000000000E+001  0.279861409572503E+006  0.327980154393387E+001  0.467772369906609E+002  0.270297691540468E+001 -0.253446037577432E-002  0.441696062937455E+002
  0.100000000000000E+001  0.143672763540935E+006  0.256051078473377E+001  0.349944619157022E+002  0.160375332800626E+001 -0.537666151607705E-002  0.455259813040999E+002
  0.100000000000000E+001  0.927265419731458E+006  0.361061905734363E+001  0.348975298676127E+002  0.645282234926234E+000 -0.299363442478884E-001  0.798040041156765E+002
  0.100000000000000E+001  0.254977146928560E+006  0.324627715583591E+001  0.536750385455685E+002  0.389558235096022E+001 -0.815263263753331E-002  0.970316011401293E+002
  0.100000000000000E+001  0.167273873863745E+006  0.251907712911328E+001  0.268143139123994E+002  0.275397429107120E+001 -0.629022350200411E-002  0.739803563190299E+002
  0.100000000000000E+001  0.310155569890161E+005  0.285301298164115E+001  0.614637199204490E+002  0.205173475267246E+001 -0.286193447347378E-001  0.367088261899772E+002
  0.100000000000000E+001  0.370851460583075E+006  0.343894798690946E+001  0.225071182302688E+002  0.332581505630829E+001 -0.159986771742895E-001  0.801337634731874E+002
  0.100000000000000E+001  0.355262933392308E+006  0.331332584094847E+001  0.398794407489488E+002  0.151037193247192E+001 -0.319062880977218E-001  0.713076053751382E+002
  0.100000000000000E+001  0.162482838540726E+006  0.276167008515538E+001  0.330768888823388E+002  0.338911979043631E+001 -0.784216482680553E-003  0.380648244617088E+002
  0.100000000000000E+001  0.165746031493895E+006  0.342178391271812E+001  0.317962300743347E+002  0.361906399141085E+001 -0.826016469599871E-002  0.654839575784915E+002
  0.100000000000000E+001  0.683253571283396E+006  0.361924576327944E+001  0.391771355597565E+002  0.173622557454703E+001 -0.258835821642608E-001  0.658996737662107E+002
  0.100000000000000E+001  0.574150497775061E+005  0.322821998312077E+001  0.567962493596976E+002  0.110758810636819E+001 -0.301529648981253E-001  0.426786491310620E+002
  0.100000000000000E+001  0.184122651059144E+006  0.343341535056955E+001  0.622888647553294E+002  0.323445029925939E+001 -0.348246238209747E-002  0.694868888549438E+002
  0.100000000000000E+001  0.477755117450609E+006  0.351168079003359E+001  0.534282419837082E+002  0.270877669809666E+001 -0.197908581712623E-001  0.314264616422584E+002
  0.100000000000000E+001  0.173190609659150E+006  0.261429322553562E+001  0.628689060471285E+002  0.111747799533681E+001 -0.259180221683634E-001  0.627625813124791E+002
  0.100000000000000E+001  0.986836704116714E+006  0.367082723300918E+001  0.291581232233161E+002  0.333161483900027E+001 -0.332550749697776E-001  0.673906248939237E+002
  0.100000000000000E+001  0.189144351767646E+006  0.282098516285594E+001  0.211695864561083E+002  0.299420921202179E+001 -0.338417919434525E-001  0.659482990883315E+002
  0.100000000000000E+001  0.104503563546398E+006  0.263455146096501E+001  0.276411464528634E+002  0.182380764280615E+001 -0.170875550987023E-001  0.528611822394656E+002
  0.100000000000000E+001  0.186890716407012E+006  0.332195254688429E+001  0.441590464410925E+002  0.260131527488669E+001 -0.278535233582554E-001  0.574032750256724E+002
  0.100000000000000E+001  0.239708104385887E+004  0.306449584680709E+001  0.583132261301503E+002  0.261539530256232E+001 -0.113304874250393E-001  0.572080917855202E+002
  0.100000000000000E+001  0.268458381736106E+006  0.312231444571946E+001  0.235978587557645E+002  0.247061524493726E+001 -0.979378795514912E-002  0.287140944323959E+002
  0.100000000000000E+001  0.254823516228920E+006  0.317206082005294E+001  0.440621143930031E+002  0.164284417901269E+001 -0.174232087621991E-001  0.916813039094724E+002
  0.100000000000000E+001  0.419371206729791E+005  0.303317252086460E+001  0.331044788723256E+002  0.172633568557842E+001 -0.301185248777292E-001  0.458157415847936E+002
  0.100000000000000E+001  0.398291418166853E+006  0.357099586773414E+001  0.415209395574777E+002  0.231386611968214E+001 -0.178584336483278E-001  0.593099423411046E+002
  0.100000000000000E+001  0.375948712103652E+006  0.317443754176013E+001  0.289218052282712E+002  0.159386343903764E+001 -0.961160422954544E-002  0.254420491226828E+002
  0.100000000000000E+001  0.840260290836286E+006  0.365666789073346E+001  0.646602640562329E+002  0.214930628691382E+001 -0.247916249170518E-001  0.706480805878931E+002
  0.100000000000000E+001  0.471786970202385E+006  0.355130397964308E+001  0.468048322938432E+002  0.104019281054678E+001 -0.318687687871164E-001  0.519205234168304E+002
  0.100000000000000E+001  0.222934427891451E+006  0.324390043412872E+001  0.688153477103004E+002  0.394456263551852E+001 -0.159642371701869E-001  0.832708559269190E+002
  0.100000000000000E+001  0.107289736770768E+007  0.363640974638743E+001  0.298880237156907E+002  0.144297663944448E+001 -0.336220919867129E-001  0.805494796609066E+002
  0.100000000000000E+001  0.105309909401596E+006  0.325401076324792E+001  0.517867431751792E+002  0.190528251088643E+001 -0.338387126206563E-001  0.434241246762921E+002
  0.100000000000000E+001  0.187470958279064E+006  0.264008400622156E+001  0.578593998626102E+002  0.191517239985505E+001 -0.296037699071879E-001  0.635080629299326E+002
  0.100000000000000E+001  0.157876588549868E+006  0.264781172115542E+001  0.402194303361007E+002  0.752359697106558E+000 -0.533290885072146E-003  0.412159668856101E+002
  0.100000000000000E+001  0.149534007758261E+006  0.274764897946742E+001  0.436082881580593E+002  0.942621276305430E+000 -0.706491260641214E-003  0.979812689816614E+002
  0.100000000000000E+001  0.169644333839817E+006  0.252726324029145E+001  0.249478905883481E+002  0.275754969259338E+001 -0.427971543061824E-002  0.783172703147715E+002
  0.100000000000000E+001  0.105210730871906E+006  0.313853643195498E+001  0.509599106347152E+002  0.283544915915148E+001 -0.230413810239581E-001  0.645432987558563E+002
  0.100000000000000E+001  0.820306680230196E+004  0.298492262531930E+001  0.354482881832423E+002  0.230397623071352E+001 -0.220933790176349E-001  0.392260101596875E+002
  0.100000000000000E+001  0.335673016299717E+006  0.333691577740844E+001  0.529218194812324E+002  0.810668045611482E+000 -0.101025200006805E-001  0.950787591848961E+002
  0.100000000000000E+001  0.282518778740423E+006  0.328753506082132E+001  0.448889469334671E+002  0.712677527953676E+000 -0.282205403588973E-001  0.705621298299082E+002
  0.100000000000000E+001  0.386783059301219E+006  0.342731654905803E+001  0.620144835166777E+002  0.371042874845975E+001 -0.207763794881908E-001  0.761308382689585E+002
  0.100000000000000E+001  0.948109740111769E+005  0.311356340877381E+001  0.211974820689233E+002  0.459561174764621E+000 -0.761806504495705E-002  0.435107217349164E+002
  0.100000000000000E+001  0.692102118929057E+005  0.321658854526934E+001  0.263036146787029E+002  0.149220179851965E+001 -0.349306698678652E-001  0.386757178546097E+002
  0.100000000000000E+001  0.238853529826524E+006  0.267360830323617E+001  0.509616036208981E+002  0.722567416922293E+000 -0.239855976454289E-001  0.906460619740724E+002
  0.100000000000000E+001  0.827752254321786E+006  0.364503654396539E+001  0.341676293752382E+002  0.253391997906528E+001 -0.295693272472466E-001  0.666451493114408E+002
  0.100000000000000E+001  0.161789501651058E+006  0.274306795348449E+001  0.400000015227124E+002  0.381655212371001E+001 -0.151008586255522E-001  0.830002026236695E+002
  0.100000000000000E+001  0.147137024952814E+006  0.253391934618500E+001  0.567496367607820E+002  0.602247385397098E+000 -0.116812728029714E-001  0.630947862859148E+002
  0.100000000000000E+001  0.470204399342524E+006  0.328730600183877E+001  0.392435877610486E+002  0.699361887968030E+000 -0.316394858636504E-001  0.921109618104209E+002
  0.100000000000000E+001  0.109192652874089E+007  0.345156068805729E+001  0.388208904302565E+002  0.333338906166053E+001 -0.763228256430670E-002  0.207360305555922E+002
  0.100000000000000E+001  0.133399933854601E+006  0.293236446266574E+001  0.324217757237381E+002  0.172698472151239E+001 -0.168604580934388E-001  0.801776269055428E+002
  0.100000000000000E+001  0.178838374675712E+006  0.272039451167618E+001  0.291125013234851E+002  0.245587853982563E+001 -0.112633284166190E-001  0.907905460229125E+002
  0.100000000000000E+001  0.506129281189236E+006  0.316127867410364E+001  0.249294538325647E+002  0.309664017996490E+001 -0.223239803741405E-002  0.242727400191049E+002
  0.100000000000000E+001  0.168335128858147E+006  0.326534631375895E+001  0.557126753896369E+002  0.483824491978194E+001 -0.241895478884750E-002  0.913183608195094E+002
  0.100000000000000E+001  0.311104762047283E+006  0.320022823136272E+001  0.239122990437529E+002  0.239155829897264E+001 -0.132973519683699E-001  0.261875247051658E+002
  0.100000000000000E+001  0.151411151764636E+006  0.255204436370347E+001  0.285377125980824E+002  0.675468104153304E+000 -0.687787720114977E-003  0.485915419972879E+002
  0.100000000000000E+001  0.726832071324082E+006  0.368928621573808E+001  0.623312241901429E+002  0.338045637511591E+001 -0.136132115029418E-001  0.700925226220229E+002
  0.100000000000000E+001  0.251527871843804E+006  0.335937476542166E+001  0.696421802507644E+002  0.301439598445950E+001 -0.267615687668852E-001  0.621516879195782E+002
  0.100000000000000E+001  0.246374713809978E+006  0.263225780503913E+001  0.658437618272004E+002  0.308172826792434E+001 -0.227951122358789E-001  0.926387766070178E+002
  0.100000000000000E+001  0.347273457283652E+006  0.354133807295641E+001  0.395588674035406E+002  0.789669790361973E+000 -0.240363379330043E-001  0.375807349264447E+002
  0.100000000000000E+001  0.182078376111149E+006  0.259718852707233E+001  0.348572770333236E+002  0.909957819779593E+000 -0.190237844283282E-001  0.724339887392189E+002
  0.100000000000000E+001  0.688334898533153E+006  0.362319569116069E+001  0.641646743118750E+002  0.101594495557030E+001 -0.409315867918479E-002  0.912716495143668E+002
  0.100000000000000E+001  0.533129995077108E+006  0.326918098487909E+001  0.674555066105527E+002  0.626141627422548E+000 -0.764297097909388E-002  0.266142061735538E+002
  0.100000000000000E+001  0.536333407861931E+006  0.342960099997748E+001  0.552899780588448E+002  0.147227164085166E+001 -0.134017488173716E-001  0.999434234179513E+002
  0.100000000000000E+001  0.326621189174774E+006  0.352194939463665E+001  0.534403623605290E+002  0.133114165633313E+001 -0.608414312615166E-002  0.737077054032845E+002
  0.100000000000000E+001  0.123109311131470E+006  0.298580899988011E+001  0.578428386974340E+002  0.362618758400247E+001 -0.547505748583074E-003  0.984412695968093E+002
  0.100000000000000E+001  0.152869298868880E+006  0.265038273091546E+001  0.376318376645009E+002  0.315494853126379E+001 -0.118016271530224E-001  0.781355323183909E+002
  0.100000000000000E+001  0.429351500630183E+005  0.291681054654945E+001  0.580461019016423E+002  0.405635329512414E+001 -0.413227947683255E-002  0.516004366642036E+002
  0.100000000000000E+001  0.534246928687945E+005  0.279078321825553E+001  0.437319679731583E+002  0.453631134498231E+000 -0.971519163430268E-002  0.637622148356345E+002
  0.100000000000000E+001  0.300457662819022E+006  0.306677497745299E+001  0.275781599870620E+002  0.240505645770104E+001 -0.313325747784594E-001  0.900245949775401E+002
  0.100000000000000E+001  0.148387396489374E+006  0.250741123381534E+001  0.341193000274433E+002  0.345367709107815E+001 -0.261972640379187E-002  0.555892782961430E+002
  0.100000000000000E+001  0.107935201523604E+006  0.272612369303615E+001  0.508015978467351E+002  0.171800239432146E+001 -0.336045735145007E-003  0.482921704672437E+002
  0.100000000000000E+001  0.281603022852847E+006  0.342387181861750E+001  0.336008815355948E+002  0.221014778635583E+001 -0.243290341546843E-001  0.624417990108732E+002
  0.100000000000000E+001  0.621154901036828E+006  0.358521857552397E+001  0.315480026330707E+002  0.163885209071562E+001 -0.134266547515084E-001  0.830469078565887E+002
  0.100000000000000E+001  0.533004860085941E+005  0.286909528177841E+001  0.543141354837927E+002  0.141927428712989E+001 -0.951794648437555E-002  0.708384244522387E+002
  0.100000000000000E+001  0.949285716903535E+004  0.311739807989394E+001  0.329403186030346E+002  0.224745787961125E+001 -0.128420812352034E-001  0.588065731239312E+002
  0.100000000000000E+001  0.552514842190765E+006  0.344481808874269E+001  0.254478723244132E+002  0.434016948748118E+001 -0.155130929260668E-001  0.974202253393451E+002
  0.100000000000000E+001  0.274098801587687E+006  0.290441480203311E+001  0.379471173069928E+002  0.324525643086377E+001 -0.419847922237631E-002  0.236053114693851E+002
  0.100000000000000E+001  0.581446470241164E+006  0.342285840010408E+001  0.419169599530015E+002  0.247905206667232E+001 -0.212825591791317E-001  0.966276182389572E+002
  0.100000000000000E+001  0.648428041717866E+006  0.337999122440780E+001  0.416117463386610E+002  0.136096548320821E+001 -0.349387173524736E-001  0.969756260807290E+002
  0.100000000000000E+001  0.183213920060074E+005  0.308106523276798E+001  0.576234098840457E+002  0.690380016193862E+000 -0.151150735053566E-001  0.602255053721218E+002
  0.100000000000000E+001  0.351222552504541E+006  0.334075053961193E+001  0.646646507021483E+002  0.259856475045811E+001 -0.153265361746334E-001  0.303746045389405E+002
  0.100000000000000E+001  0.110974837078279E+006  0.336060254664682E+001  0.554932412956494E+002  0.190243735197334E+001 -0.169865225456210E-001  0.531025965575690E+002
  0.100000000000000E+001  0.169538667429336E+006  0.317556892941862E+001  0.549746984163528E+002  0.138196373845772E+001 -0.210048994038564E-001  0.744736503391806E+002
  0.100000000000000E+001  0.442088166116675E+006  0.323575597542303E+001  0.237687848090877E+002  0.227438617512715E+001 -0.318011366809470E-001  0.960530982094412E+002
  0.100000000000000E+001  0.105672154774857E+006  0.269345817791482E+001  0.263217698025286E+002  0.370524596886052E+001 -0.164782452110911E-002  0.800324052491943E+002
  0.100000000000000E+001  0.422640641232402E+006  0.309371131121435E+001  0.303688915080185E+002  0.115568857324939E+001 -0.595807869026289E-002  0.207827357885114E+002
  0.100000000000000E+001  0.114437291017432E+006  0.321855788243814E+001  0.620933479945801E+002  0.783739750095583E+000 -0.261334645223499E-001  0.578322280271627E+002
  0.100000000000000E+001  0.232447240323840E+006  0.343061432684875E+001  0.469738996414381E+002  0.120336735774121E+001 -0.164482238092176E-001  0.657576041898672E+002
  0.100000000000000E+001  0.176816654426856E+006  0.307824388851911E+001  0.375645002457232E+002  0.463357902823677E+001 -0.129375323069563E-001  0.907438347177699E+002
  0.100000000000000E+001  0.887285642987809E+005  0.271938118480490E+001  0.374285744276963E+002  0.272478282014212E+001 -0.821685608061165E-002  0.449763652509967E+002
  0.100000000000000E+001  0.155280509204093E+005  0.291971838421936E+001  0.596762887865698E+002  0.126167570904010E+001 -0.260174529085325E-001  0.396203965264063E+002
  0.100000000000000E+001  0.483785087044098E+005  0.307432272397793E+001  0.442503864650069E+002  0.169716044201452E+001 -0.229958838508232E-001  0.569097001558749E+002
  0.100000000000000E+001  0.173672240206893E+006  0.261249220090072E+001  0.565864431997051E+002  0.492637709236798E+001 -0.585275814707139E-002  0.884490798684636E+002
  0.100000000000000E+001  0.371259366829932E+006  0.321763104898792E+001  0.519807036585918E+002  0.220116591178770E+001 -0.780462179639050E-002  0.305563425725741E+002
  0.100000000000000E+001  0.275958769944796E+006  0.344772592641260E+001  0.270780592093407E+002  0.154549235681390E+001 -0.240826639035381E-002  0.854401791293244E+002
  0.100000000000000E+001  0.443069438978027E+006  0.337872756360650E+001  0.272813224461453E+002  0.197565806793558E+001 -0.599303744647108E-002  0.385993522689421E+002
  0.100000000000000E+001  0.911929945745085E+006  0.358905333772745E+001  0.432908338539865E+002  0.342674879556225E+001 -0.186506709417548E-001  0.983427531733800E+002
  0.100000000000000E+001  0.277222205103746E+006  0.268861008884006E+001  0.228950116858240E+002  0.218625354433038E+001 -0.283673359948553E-001  0.989223791604870E+002
  0.100000000000000E+001  0.320898710114915E+006  0.317940369106331E+001  0.667175296372687E+002  0.316986089872111E+001 -0.262289155941028E-001  0.897694956559720E+002
  0.100000000000000E+001  0.818797941911812E+005  0.273923328236436E+001  0.282571649886011E+002  0.202865542165735E+001 -0.987684245159930E-002  0.677043512346547E+002
  0.100000000000000E+001  0.117272219509175E+006  0.295503790447406E+001  0.433092759229654E+002  0.308765830819073E+001 -0.206979856628267E-001  0.723872835062998E+002
  0.100000000000000E+001  0.101447946509939E+006  0.270125616728644E+001  0.656404985903959E+002  0.265156255680267E+001 -0.192103385239229E-001  0.594796095768766E+002
  0.100000000000000E+001  0.566828980770134E+006  0.359196117539736E+001  0.449210207389140E+002  0.632071664894970E+000 -0.554584438974825E-002  0.863627130355827E+002
  0.100000000000000E+001  0.578316923648161E+006  0.365780145768687E+001  0.204410683072595E+002  0.334237093343470E+001 -0.241566949388940E-001  0.526214869938913E+002
  0.100000000000000E+001  0.337601036326360E+006  0.347731626474852E+001  0.590219497898899E+002  0.410935064605194E+001 -0.801608446566728E-002  0.807054417021397E+002
  0.100000000000000E+001  0.230370906311957E+006  0.253109800249493E+001  0.366907271224594E+002  0.454544639744000E+001 -0.950373160457113E-002  0.936131156315629E+002
  0.100000000000000E+001  0.184436695337930E+005  0.295120323335392E+001  0.315664393888541E+002  0.129976114792735E+001 -0.154739694725804E-001  0.570914381895084E+002
  0.100000000000000E+001  0.247755287772119E+006  0.260266746614442E+001  0.338998712466513E+002  0.517869523269545E+000 -0.171872941605654E-001  0.973735201064259E+002
  0.100000000000000E+001  0.775151047680485E+005  0.330820362786637E+001  0.369401984056070E+002  0.388051838839615E+001 -0.733402188799437E-002  0.672303415530263E+002
  0.100000000000000E+001  0.176984189955380E+006  0.300557460401852E+001  0.671001520117338E+002  0.178153830414207E+001 -0.174898598536841E-001  0.226309663726167E+002
  0.100000000000000E+001  0.606135484857064E+006  0.363584176960706E+001  0.369101559358478E+002  0.148125351262583E+001 -0.299261638477975E-001  0.518288799307564E+002
  0.100000000000000E+001  0.523232632650781E+005  0.276301940677531E+001  0.458172510771389E+002  0.429213465369838E+001 -0.470092464114015E-002  0.611401147660378E+002
  0.100000000000000E+001  0.393027930912917E+006  0.357257249707759E+001  0.588025156959024E+002  0.117354307824334E+001 -0.225836522224408E-001  0.424896774774522E+002
  0.100000000000000E+001  0.268775269200658E+006  0.290058003982962E+001  0.262042860860770E+002  0.145735972601714E+001 -0.339644630158364E-001  0.883094600431173E+002
  0.100000000000000E+001  0.852824195371748E+005  0.332936803088350E+001  0.362495930032876E+002  0.151856406129800E+001 -0.184392109120232E-001  0.481936540438144E+002
  0.100000000000000E+001  0.303091284226882E+006  0.353459547308302E+001  0.261858439845018E+002  0.179645021618263E+001 -0.319171482947644E-001  0.342649297474506E+002
  0.100000000000000E+001  0.877379353903436E+006  0.355272049060149E+001  0.679739251024013E+002  0.186967093214487E+001 -0.209236632119079E-001  0.997616853843177E+002
  0.100000000000000E+001  0.806747470491734E+006  0.364649631783933E+001  0.674681222880213E+002  0.245588502741894E+001 -0.406084313424388E-002  0.501658125985851E+002
  0.100000000000000E+001  0.211987140159957E+006  0.267272341562504E+001  0.557057972787845E+002  0.276531979537204E+001 -0.152516217586901E-001  0.932232479303962E+002
  0.100000000000000E+001  0.136344714560151E+006  0.314433441365530E+001  0.357310501239911E+002  0.998090450576357E+000 -0.224575851307133E-001  0.695647078254260E+002
  0.100000000000000E+001  0.124877267027343E+006  0.316700785546362E+001  0.466185503232184E+002  0.235876403446073E+001 -0.262951153396465E-001  0.617743644261829E+002
  0.100000000000000E+001  0.384820509581090E+005  0.291297587542932E+001  0.463032706807265E+002  0.226845613486076E+001 -0.338982632702926E-001  0.363045913474123E+002
  0.100000000000000E+001  0.939092741947214E+006  0.364132061703701E+001  0.359527501491754E+002  0.108916567153254E+001 -0.280896735637413E-001  0.767684112607104E+002
  0.100000000000000E+001  0.365380856599871E+006  0.342477240497510E+001  0.480918126962166E+002  0.237516440492541E+001 -0.467294653704883E-002  0.943147957682411E+002
  0.100000000000000E+001  0.252677692077199E+005  0.308285594766156E+001  0.350773028477890E+002  0.656705079050699E+000 -0.225179913025812E-001  0.526085725295025E+002
  0.100000000000000E+001  0.108805661448975E+007  0.350570641620319E+001  0.529789752854094E+002  0.189480483255275E+001 -0.455758076455188E-002  0.294597410802161E+002
  0.100000000000000E+001  0.873652682572193E+005  0.332262552209346E+001  0.228765695842488E+002  0.252534448711866E+001 -0.263200186179446E-001  0.448778488648203E+002
  0.100000000000000E+001  0.326382275166296E+006  0.353499991836724E+001  0.399769898122382E+002  0.466080226896711E+001 -0.666839709454863E-002  0.604468526681803E+002
  0.100000000000000E+001  0.823912627210190E+005  0.286235268190502E+001  0.409411120647539E+002  0.242605471295055E+001 -0.173987568298422E-001  0.675226192732446E+002
  0.100000000000000E+001  0.122656538863447E+007  0.364515537924050E+001  0.476955866832867E+002  0.287706237637917E+001 -0.333136897539877E-001  0.920642565775018E+002
  0.100000000000000E+001  0.212932611770677E+006  0.284422775602870E+001  0.691530362274534E+002  0.235283399698831E+001 -0.283922392731534E-001  0.820258575269010E+002
  0.100000000000000E+001  0.102679615889009E+007  0.363482835109364E+001  0.452262343532545E+002  0.175015824835908E+001 -0.268796888559515E-001  0.860146991588404E+002
  0.100000000000000E+001  0.365388185074051E+006  0.322423262054090E+001  0.609881548928064E+002  0.357325221166314E+001 -0.254402084480216E-001  0.930756789312849E+002
  0.100000000000000E+001  0.175921692302514E+006  0.322033239622985E+001  0.386555215230767E+002  0.689464477638003E+000 -0.484426584559620E-002  0.928204884146066E+002
  0.100000000000000E+001  0.497822593213790E+006  0.323959073706773E+001  0.355116160300035E+002  0.406228287997377E+001 -0.203515288748692E-002  0.313489435634856E+002
  0.100000000000000E+001  0.650891860367414E+006  0.358850526908550E+001  0.676031703205171E+002  0.438629594623816E+001 -0.710085819759084E-002  0.465041060060490E+002
  0.100000000000000E+001  0.468186313421435E+006  0.350218379049824E+001  0.441830490462291E+002  0.317579048357074E+001 -0.241317890047571E-001  0.695180025925068E+002
  0.100000000000000E+001  0.274329177910155E+005  0.316802127341824E+001  0.383024719384080E+002  0.208985975414424E+001 -0.293415903314926E-001  0.275885451980989E+002
  0.100000000000000E+001  0.234981438175165E+006  0.338913763853567E+001  0.418273662753990E+002  0.340015927423421E+001 -0.721865611549741E-002  0.823752929372246E+002
  0.100000000000000E+001  0.112327615684859E+006  0.276213989811106E+001  0.594424716441938E+002  0.120651365330147E+001 -0.133161765858136E-001  0.327044484577505E+002
  0.100000000000000E+001  0.148512849810160E+006  0.261414568671136E+001  0.444191349230829E+002  0.234026332102826E+001 -0.148726820462887E-001  0.698005064171938E+002
  0.100000000000000E+001  0.521342439528762E+006  0.342770648917884E+001  0.453437127565106E+002  0.399804448840849E+001 -0.295530503449306E-001  0.777376443276645E+002
  0.100000000000000E+001  0.449895886422569E+005  0.325683020871625E+001  0.261877257684044E+002  0.176063205145938E+001 -0.589531701755807E-002  0.660054705247585E+002
  0.100000000000000E+001  0.658120958866404E+005  0.328797936820343E+001  0.602134007299966E+002  0.239154132003011E+001 -0.682208360549865E-002  0.603405200638548E+002
  0.100000000000000E+001  0.309374363183792E+006  0.335712543300151E+001  0.265339388024922E+002  0.673087562533298E+000 -0.269512877714638E-002  0.467947641562460E+002
  0.100000000000000E+001  0.611412478742438E+006  0.363105160842621E+001  0.294487321344866E+002  0.936316699062898E+000 -0.155295901815292E-001  0.719668478971263E+002
  0.100000000000000E+001  0.288041064783019E+006  0.322940163928975E+001  0.489267383742950E+002  0.196648484289236E+001 -0.644314387680374E-002  0.369177724784289E+002
  0.100000000000000E+001  0.987645782747903E+006  0.365678803973225E+001  0.287571467246662E+002  0.361127521654515E+001 -0.211102199470479E-001  0.868073062219754E+002
  0.100000000000000E+001  0.175632158083368E+005  0.290468872543356E+001  0.466811774800997E+002  0.193883630717223E+001 -0.305789323777330E-001  0.302818525926943E+002
  0.100000000000000E+001  0.794860359812443E+006  0.349879484330190E+001  0.273978599248538E+002  0.431978875779641E+001 -0.285731391858714E-001  0.959365019456494E+002
  0.100000000000000E+001  0.632604199423083E+005  0.305025826840287E+001  0.698777319721910E+002  0.246932524204842E+001 -0.707288009349952E-002  0.796787809360289E+002
  0.100000000000000E+001  0.250140884341928E+006  0.329913447588981E+001  0.266689815217924E+002  0.260349847855855E+001 -0.573514651262555E-002  0.431330575264570E+002
  0.100000000000000E+001  0.296491119499543E+006  0.336678135678005E+001  0.482268607287123E+002  0.430557486553390E+001 -0.771296425623451E-002  0.906530830662287E+002
  0.100000000000000E+001  0.486942994222297E+006  0.362384729866265E+001  0.289145477291832E+002  0.263114701427868E+001 -0.165893579954028E-001  0.497689774121917E+002
  0.100000000000000E+001  0.374102904336858E+006  0.351477556817975E+001  0.632501921366277E+002  0.317182520060107E+001 -0.615645879575942E-002  0.535570311790088E+002
  0.100000000000000E+001  0.197058953003273E+006  0.259899380580265E+001  0.513528190948952E+002  0.155084905252892E+001 -0.143072223568587E-001  0.202761731778619E+002
  0.100000000000000E+001  0.528688921730837E+005  0.284094197777103E+001  0.474559316755059E+002  0.312054719880526E+001 -0.142070572365494E-001  0.630170175323478E+002
  0.100000000000000E+001  0.199723730585252E+006  0.273071446437888E+001  0.555707492462888E+002  0.834909334763552E+000 -0.122116066790496E-001  0.968849606324086E+002
  0.100000000000000E+001  0.133555166781805E+006  0.271409760108138E+001  0.562235106476574E+002  0.149956548514918E+001 -0.933981773569464E-002  0.815756921628181E+002
  0.100000000000000E+001  0.233603178578027E+005  0.319883925104576E+001  0.263227738009001E+002  0.369104251206787E+001 -0.893533208090502E-002  0.623437639322224E+002
  0.100000000000000E+001  0.647340615795577E+005  0.312516012375178E+001  0.355585586011770E+002  0.149957105073311E+001 -0.223578207976487E-001  0.297361595312010E+002
  0.100000000000000E+001  0.115873231370584E+007  0.355707983535332E+001  0.637314479226120E+002  0.401469162770024E+001 -0.599628830712039E-002  0.306846121084839E+002
  0.100000000000000E+001  0.164445141250241E+006  0.298836708642133E+001  0.476801466349570E+002  0.151594842125457E+001 -0.245069552102598E-001  0.757618837895616E+002
  0.100000000000000E+001  0.652590509744106E+006  0.364620358097707E+001  0.225150533084662E+002  0.172573096756224E+001 -0.160950525105044E-001  0.414911812109641E+002
  0.100000000000000E+001  0.302566639693210E+006  0.253017458830254E+001  0.684670967560741E+002  0.203299714429525E+001 -0.329788659341836E-001  0.956458437954524E+002
  0.100000000000000E+001  0.905958005930371E+005  0.328629267496749E+001  0.475596608652598E+002  0.968266623701274E+000 -0.285930135439365E-001  0.462967810757581E+002
  0.100000000000000E+001  0.651224596921679E+005  0.322511203756301E+001  0.473629342931552E+002  0.658873670270785E+000 -0.168249538475094E-001  0.415113452768253E+002
  0.100000000000000E+001  0.959582933623468E+005  0.334050856970401E+001  0.271866948906654E+002  0.133774416554172E+001 -0.348133398174978E-001  0.314855017961318E+002
  0.100000000000000E+001  0.245146567887540E+006  0.278811994776604E+001  0.355295631568939E+002  0.344419029064297E+001 -0.332400077286785E-001  0.831974044497028E+002
  0.100000000000000E+001  0.242690163237276E+006  0.294118662844452E+001  0.342133764122319E+002  0.301000342557685E+001 -0.316299808775626E-001  0.834668346655931E+002
  0.100000000000000E+001  0.266111452769466E+006  0.271439033794365E+001  0.311765850056008E+002  0.222971954779986E+001 -0.322956083431406E-001  0.902503235504391E+002
  0.100000000000000E+001  0.580637192356691E+005  0.282042489016248E+001  0.257760596745485E+002  0.901416067788544E+000 -0.257293256744755E-001  0.474525585833319E+002
  0.100000000000000E+001  0.788782584188974E+006  0.353987620025383E+001  0.529625042489789E+002  0.232388083754566E+001 -0.346955418995913E-001  0.756143147904503E+002
  0.100000000000000E+001  0.468558845779189E+005  0.296628716999404E+001  0.239256885245831E+002  0.216205906531541E+001 -0.251790666535267E-001  0.255241244237640E+002
