2.393150461613189841e-05 8.660574552724721470e-11 7.781951254663536342e-13
2.448894096842228047e-05 1.405540525484138007e-10 8.692790053123881903e-13
2.505936168136361892e-05 2.077510563039660974e-10 9.647032812053500133e-13
2.564306919956823707e-05 2.830249173935073791e-10 1.063489657437485168e-12
2.624037301248861295e-05 3.630709608507575393e-10 1.163992488668528116e-12
2.685158981851265889e-05 4.461339898233709132e-10 1.265030203681919470e-12
2.747704369288123379e-05 5.297028771195457095e-10 1.364498093344875978e-12
2.811706625951745350e-05 6.121930796681680207e-10 1.460594786035378050e-12
2.877199686685782864e-05 6.908040397602438071e-10 1.550997892437754447e-12
2.944218276777941324e-05 7.640327484120623553e-10 1.633284912844518395e-12
3.012797930371789620e-05 8.305360980236816818e-10 1.704998781637828566e-12
3.082975009307410534e-05 8.877714689548780368e-10 1.763923102890699773e-12
3.154786722400964650e-05 9.355808746120868887e-10 1.806684626997655897e-12
3.228271145173280656e-05 9.721864748228961262e-10 1.832724896729601186e-12
3.303467240037981687e-05 9.970535150882273207e-10 1.839316930992337205e-12
3.380414876959908759e-05 1.010473352913799707e-09 1.825778265768653595e-12
3.459154854594680595e-05 1.011210228082832179e-09 1.791409485139423274e-12
3.539728921920685885e-05 1.001770325637215944e-09 1.736908541322215092e-12
3.622179800374952406e-05 9.822028602452111800e-10 1.663497675408025013e-12
3.706551206504588155e-05 9.545512072942775236e-10 1.573769197848941465e-12
3.792887875145917236e-05 9.208856383793202535e-10 1.471790808501352976e-12
3.881235583143463039e-05 8.830646105246497570e-10 1.362971144236435566e-12
3.971641173621410364e-05 8.445800025976861571e-10 1.253302770653958637e-12
4.064152580820497269e-05 8.079130912810161171e-10 1.150384823535889255e-12
4.158818855513353842e-05 7.747245760445667785e-10 1.062302214289692792e-12
4.255690191011879072e-05 7.492698683060785297e-10 9.979988285228371388e-13
4.354817949780397373e-05 7.317977665910213865e-10 9.658175051920228625e-13
4.456254690668728712e-05 7.249354806898685351e-10 9.732367011743090108e-13
4.560054196779547508e-05 7.289268943928468530e-10 1.026426743457692666e-12
4.666271503984951611e-05 7.433983834240348995e-10 1.129124669782764084e-12
4.774962930107183058e-05 7.680081794100133008e-10 1.282297492564597944e-12
4.886186104779055486e-05 8.006619980539719137e-10 1.482273068151016484e-12
4.999999999999999562e-05 8.390233809556710500e-10 1.722219259814200778e-12
5.057897271299490442e-05 8.593581124011321017e-10 1.853601693752817247e-12
5.116464961403767209e-05 8.801267884634844153e-10 1.990589488894559476e-12
5.175710833396714221e-05 9.007517348442634921e-10 2.130269058257178828e-12
5.235642740254491996e-05 9.212224627603577949e-10 2.271163927649320594e-12
5.296268625886447866e-05 9.401298105241559412e-10 2.410479974934202821e-12
5.357596526188034176e-05 9.583136591265999892e-10 2.545370499633641761e-12
5.419634570106018624e-05 9.746586382925877154e-10 2.673463567964740683e-12
5.482390980715924394e-05 9.891654489086143891e-10 2.791942906162411931e-12
5.545874076312003680e-05 1.001891845287486198e-09 2.898045568385831132e-12
5.610092271509814368e-05 1.012107305802323444e-09 2.989490410481881106e-12
5.675054078361571342e-05 1.020379071467542628e-09 3.064564447487077163e-12
5.740768107484407919e-05 1.025927539219190506e-09 3.119638183510382685e-12
5.807243069201718864e-05 1.029487302136587976e-09 3.154598128937816768e-12
5.874487774697651393e-05 1.031042595750899121e-09 3.168205419282582205e-12
5.942511137185094486e-05 1.030618874274161996e-09 3.159734133377522742e-12
6.011322173087064877e-05 1.028681754391439986e-09 3.128903668847661862e-12
6.080930003231839372e-05 1.025679213320822360e-09 3.076709925941221355e-12
6.151343854061905325e-05 1.022096401890682700e-09 3.004428215936831372e-12
6.222573058856921034e-05 1.017759681344738247e-09 2.914544544818650927e-12
6.294627058970830402e-05 1.013624123581791119e-09 2.809442144165029005e-12
6.367515405083314138e-05 1.009926891714134379e-09 2.692972778168764512e-12
6.441247758465673719e-05 1.007382076430197274e-09 2.569158305701762989e-12
6.515833892261499124e-05 1.006195527895874456e-09 2.442441849333674208e-12
6.591283692782035650e-05 1.006939403946812526e-09 2.318190301366914359e-12
6.667607160816619769e-05 1.009431986293771637e-09 2.201718322631524498e-12
6.744814412958265366e-05 1.014596183371816203e-09 2.097918511906430824e-12
6.822915682944618535e-05 1.022165376346348293e-09 2.012309915803791966e-12
6.901921323014417829e-05 1.031842265685889979e-09 1.949616450708022072e-12
6.981841805279680852e-05 1.043874364712306728e-09 1.914263383489539504e-12
7.062687723113775782e-05 1.057960552800164473e-09 1.909244169702769323e-12
7.144469792555517389e-05 1.073708282797941107e-09 1.937212515340052556e-12
7.227198853729638578e-05 1.090925594883359466e-09 1.999233705760808772e-12
7.310885872283590017e-05 1.108883569715295167e-09 2.094873339773710939e-12
7.395541940841035122e-05 1.127055992504658183e-09 2.222786323719822853e-12
7.481178280472162371e-05 1.144757883115621635e-09 2.378917874599884610e-12
7.567806242181034505e-05 1.162057156767532830e-09 2.559188719475983457e-12
7.655437308410142656e-05 1.177800943734061468e-09 2.757361730504625718e-12
7.744083094562412067e-05 1.191692925770763740e-09 2.965599008358721920e-12
7.833755350540750207e-05 1.203432203873855479e-09 3.175503302264703222e-12
7.924465962305569597e-05 1.212614800342889828e-09 3.378465415261648720e-12
8.016226953450208102e-05 1.219572900126718747e-09 3.564221615550423243e-12
8.109050486794647857e-05 1.224017319787453390e-09 3.725623551101795752e-12
8.202948865997692718e-05 1.225971104854062093e-09 3.853833106116697021e-12
8.297934537187796715e-05 1.226346263317988420e-09 3.941947941222754823e-12
8.394020090612794207e-05 1.224891514595850640e-09 3.986191621930915298e-12
8.491218262308729617e-05 1.223074019366055102e-09 3.983847556588703638e-12
8.589541935787945305e-05 1.220903125728254936e-09 3.933715729916609575e-12
8.689004143746880239e-05 1.219217930385740103e-09 3.840435678147439264e-12
8.789618069793464267e-05 1.218785482247204272e-09 3.709217655672282077e-12
8.891397050194613488e-05 1.220013657895928776e-09 3.548678235923842859e-12
8.994354575643935166e-05 1.223850476666002773e-09 3.370143344890553351e-12
9.098504293049911853e-05 1.229387159612360413e-09 3.186560605375348845e-12
9.203860007344770748e-05 1.238356364394455703e-09 3.011118106058169338e-12
9.310435683314326931e-05 1.249399821375359483e-09 2.858795046310817550e-12
9.418245447449009216e-05 1.263094857434234598e-09 2.742533123644346108e-12
9.527303589816242058e-05 1.278040656997290026e-09 2.672940189616396755e-12
9.637624565954682279e-05 1.294406729822860297e-09 2.659560332796734868e-12
9.749222998790225210e-05 1.310888930162861729e-09 2.705502341924522726e-12
9.862113680574265443e-05 1.326828045702460734e-09 2.814095408890004549e-12
9.976311574844392432e-05 1.341784716878267133e-09 2.971209565187911656e-12
1.009183181840780691e-04 1.354602759202205958e-09 3.185619257041005280e-12
1.020868972334764650e-04 1.364969377083742512e-09 3.427600101162831071e-12
1.032690077905264468e-04 1.372634643452564646e-09 3.684502761519964530e-12
1.044648065427019234e-04 1.377530668537168294e-09 3.938702587680188905e-12
1.056744519918323676e-04 1.380189162013028753e-09 4.166801660613738334e-12
1.068981044751116051e-04 1.380055482378918518e-09 4.354576325051838647e-12
1.081359261863509960e-04 1.379313227284880330e-09 4.478751766733772789e-12
1.093880811974775648e-04 1.377416761625043077e-09 4.531389088500111867e-12
1.106547354802819166e-04 1.376287748834685445e-09 4.508584398254203284e-12
1.119360569284169843e-04 1.376940326403812047e-09 4.414650655420927687e-12
1.132322153796529716e-04 1.379346536034675116e-09 4.254986194664806273e-12
1.145433826383885891e-04 1.384523278714469535e-09 4.049059834905585594e-12
1.158697324984239751e-04 1.392794499881427891e-09 3.824437395087600042e-12
1.172114407659961160e-04 1.403470495912768315e-09 3.606552365529381342e-12
1.185686852830827555e-04 1.416848366151171934e-09 3.415505256744041438e-12
1.199416459509744813e-04 1.431196304851979091e-09 3.286323824547287305e-12
1.213305047541206945e-04 1.447411021526048827e-09 3.235129785616953676e-12
1.227354457842515364e-04 1.461527979111361848e-09 3.272225518392530466e-12
1.241566552647784948e-04 1.474446939208384046e-09 3.399503438092185557e-12
1.255943215754789502e-04 1.484855317055051747e-09 3.605680515465578138e-12
1.270486352774653110e-04 1.493632529468456469e-09 3.867097711085522610e-12
1.285197891384432108e-04 1.497380962686542618e-09 4.162303590942984806e-12
1.300079781582635788e-04 1.497934389045234563e-09 4.443969163915143275e-12
1.315133995947690435e-04 1.497854938360420322e-09 4.683569763805349843e-12
1.330362529899404168e-04 1.495544427270798708e-09 4.847273903963805504e-12
1.345767401963458062e-04 1.496447229157737820e-09 4.912228168319510162e-12
1.361350654038956073e-04 1.494734529675992923e-09 4.870129108492315447e-12
1.377114351669082826e-04 1.497870525838588137e-09 4.728965209019393070e-12
1.393060584314884456e-04 1.504634867154326831e-09 4.512127849107911206e-12
1.409191465632227234e-04 1.514957539333126897e-09 4.256233318869214606e-12
1.425509133751954596e-04 1.526805702642506530e-09 4.007194830966805524e-12
1.442015751563302745e-04 1.540967190626187509e-09 3.806506042123062197e-12
1.458713507000582675e-04 1.554931348026648092e-09 3.697225456782892522e-12
1.475604613333193413e-04 1.567756735346983868e-09 3.703139751197129637e-12
1.492691309458980017e-04 1.576495575728204648e-09 3.830235164351086504e-12
1.509975860201007907e-04 1.585175520169307533e-09 4.062924234694140598e-12
1.527460556607755941e-04 1.589650364419314101e-09 4.363378130877197478e-12
1.545147716256795760e-04 1.589813180258365536e-09 4.679593805100045911e-12
1.563039683561977700e-04 1.588660371817993852e-09 4.953855180440669507e-12
1.581138830084189426e-04 1.588028446680764774e-09 5.137996981456851489e-12
1.599447554845698401e-04 1.590298021723895111e-09 5.192239915741331108e-12
1.617968284648140247e-04 1.589880696172671815e-09 5.112769439664299808e-12
1.636703474394191234e-04 1.596560383724070674e-09 4.909050054709875125e-12
1.655655607412955237e-04 1.605884642021412935e-09 4.637373688832398305e-12
1.674827195789137821e-04 1.618302398057178587e-09 4.357670942996099885e-12
1.694220780696013395e-04 1.631827314339545985e-09 4.140897881992902747e-12
1.713838932732252138e-04 1.643887876869731079e-09 4.044130652724354513e-12
1.733684252262658175e-04 1.653806130664408039e-09 4.097754036861417669e-12
1.753759369762839622e-04 1.659911310392408851e-09 4.296501769640571536e-12
1.774066946167876340e-04 1.663372652830920628e-09 4.601645458490993322e-12
1.794609673225026631e-04 1.662675337125754181e-09 4.937813578107463898e-12
1.815390273850506729e-04 1.660994817872637499e-09 5.239875452178946692e-12
1.836411502490422785e-04 1.660537290612978327e-09 5.382529566169509146e-12
1.857676145485863753e-04 1.662201033321980859e-09 5.384868722486668584e-12
1.879187021442221307e-04 1.667892786922199014e-09 5.221505555374681042e-12
1.900946981602805912e-04 1.677154684230426756e-09 4.946814297597398234e-12
1.922958910226767171e-04 1.689009488500589085e-09 4.645111559427324401e-12
1.945225724971402217e-04 1.701711113645673534e-09 4.413207902760266497e-12
1.967750377278886019e-04 1.708114177218396552e-09 4.332481992926514511e-12
1.990535852767486491e-04 1.719664819201153426e-09 4.434850710323835875e-12
2.013585171627295303e-04 1.722308285468578929e-09 4.699894724776294073e-12
2.036901389020563029e-04 1.721998339252394263e-09 5.045894605515763765e-12
2.060487595486651640e-04 1.720487987860625622e-09 5.386853227410946796e-12
2.084346917351677527e-04 1.720055927900481001e-09 5.552234806589100641e-12
2.108482517142910644e-04 1.721264644918444563e-09 5.548078870820738295e-12
2.132897594007962582e-04 1.729872988737145039e-09 5.350977617542245547e-12
2.157595384138824807e-04 1.739775830911231673e-09 5.052559424286444945e-12
2.182579161200830003e-04 1.752266525966259367e-09 4.751335099731666150e-12
2.207852236766562250e-04 1.764122218478369488e-09 4.582499112339034010e-12
2.233417960754814700e-04 1.767755163727969898e-09 4.624665717039395820e-12
2.259279721874612925e-04 1.771086979211260043e-09 4.868338770213531435e-12
2.285440948074375753e-04 1.770144428975782831e-09 5.224927978900304086e-12
2.311905106996301417e-04 1.768007468188710700e-09 5.547711398438876728e-12
2.338675706435990400e-04 1.769771288427080432e-09 5.708938411905024090e-12
2.365756294807400931e-04 1.772952132327372267e-09 5.643856522617022870e-12
2.393150461613192145e-04 1.782628807135704062e-09 5.374549601411867378e-12
2.420861837920496669e-04 1.793946061976193026e-09 5.044560124714210043e-12
2.448894096842230486e-04 1.801155847259656027e-09 4.802171156758465646e-12
2.477250954023952571e-04 1.805920593956127399e-09 4.798259229505902153e-12
2.505936168136362096e-04 1.810590589547271842e-09 4.980412378324889568e-12
2.534953541373522129e-04 1.814942198211446524e-09 5.395993318210068770e-12
2.564306919956823639e-04 1.808197425287839649e-09 5.709995617348643557e-12
2.594000194644804458e-04 1.809219686346258601e-09 5.835770577487668761e-12
2.624037301248860888e-04 1.819302286512321760e-09 5.683489224880983337e-12
2.654422221154941939e-04 1.822534525906875440e-09 5.362391006462873910e-12
2.685158981851263043e-04 1.836375050723178258e-09 5.052495925608662153e-12
2.716251657462165044e-04 1.842559975893044958e-09 4.949040276174064781e-12
2.747704369288123854e-04 1.842431195150810602e-09 5.097552835663419374e-12
2.779521286352018127e-04 1.844990412003055719e-09 5.475896286419421815e-12
2.811706625951744943e-04 1.844214315495598723e-09 5.806672587249631871e-12
2.844264654219206255e-04 1.853957058291413580e-09 5.923234578369711078e-12
2.877199686685782661e-04 1.853336568313197532e-09 5.736544241968777154e-12
2.910516088854357393e-04 1.878448686300327609e-09 5.399034219099765405e-12
2.944218276777944713e-04 1.870900137023724359e-09 5.127671309851168609e-12
2.978310717645051204e-04 1.875758747302226696e-09 5.123886845513308229e-12
3.012797930371790027e-04 1.886411184691506411e-09 5.414743835176492676e-12
3.047684486200846234e-04 1.871680616002792135e-09 5.793778258053893487e-12
3.082975009307410805e-04 1.881680160712626385e-09 6.015400439557950487e-12
3.118674177412095313e-04 1.871874817513976121e-09 5.884479912445699242e-12
3.154786722400964379e-04 1.899019260554815613e-09 5.547437826636960943e-12
3.191317430952743915e-04 1.897397996147329231e-09 5.255949490445061604e-12
3.228271145173277810e-04 1.897723595272195285e-09 5.263033358088867092e-12
3.265652763237360972e-04 1.897475130591195874e-09 5.581353392179154514e-12
3.303467240037981823e-04 1.886437147614342740e-09 5.936655245083551009e-12
3.341719587843073962e-04 1.882919713435572767e-09 6.072442688888853070e-12
3.380414876959908759e-04 1.890538607326980925e-09 5.845057918215806060e-12
3.419558236407145655e-04 1.921344277055848662e-09 5.488515620007428246e-12
3.459154854594680595e-04 1.919154607406156810e-09 5.329426890973148893e-12
3.499209980011365223e-04 1.927093522106998361e-09 5.525266384996632264e-12
3.539728921920689544e-04 1.927469887055787808e-09 5.912433754229593207e-12
3.580717051064509363e-04 1.888166131396836359e-09 6.133193959869289293e-12
3.622179800374948611e-04 1.927866810360482353e-09 5.975041548270714750e-12
3.664122665694521551e-04 1.935611434187980761e-09 5.598955617105108034e-12
3.706551206504588155e-04 1.954735074825751814e-09 5.424986048532263355e-12
3.749471046662278739e-04 1.961163192185925087e-09 5.630592859704853493e-12
3.792887875145917642e-04 1.935153644430703992e-09 6.017133026374622271e-12
3.836807446809092350e-04 1.938982046133884882e-09 6.185271386523147711e-12
3.881235583143459651e-04 1.944676050664016684e-09 5.952250850571088133e-12
3.926178173050358226e-04 1.959113756675881722e-09 5.573357576039525516e-12
3.971641173621406028e-04 1.961152929263660381e-09 5.549122049249380506e-12
4.017630610928087857e-04 1.954258267619231279e-09 5.883142451698074683e-12
4.064152580820497404e-04 1.950056620962982186e-09 6.160536030468594880e-12
4.111213249735356265e-04 1.964183304536293998e-09 6.132681659418504051e-12
4.158818855513353842e-04 1.977229746267610249e-09 5.757696969442708894e-12
4.206975708225972393e-04 1.973275221240158226e-09 5.597317063595130327e-12
4.255690191011882867e-04 1.969457397108937108e-09 5.870463080965222446e-12
4.304968760923003155e-04 1.969015720751766401e-09 6.231541340627505158e-12
4.354817949780401981e-04 1.978957340338621789e-09 6.193392835427859402e-12
4.405244365040072822e-04 1.984130262267797719e-09 5.829678155354771464e-12
4.456254690668729119e-04 1.980847148161714918e-09 5.669580545412712469e-12
4.507855688029784470e-04 1.978896769840678133e-09 5.973978279725675337e-12
4.560054196779547643e-04 1.964559922777597784e-09 6.254888756392328084e-12
4.612857135773813463e-04 1.973170849280342096e-09 6.176748887950933869e-12
4.666271503984952018e-04 1.990307637037716670e-09 5.795642034788500837e-12
4.720304381429617636e-04 2.002229275384223945e-09 5.751753000346147741e-12
4.774962930107179535e-04 1.996802861090949788e-09 6.194862017170734369e-12
4.830254394949064418e-04 2.009016368231629213e-09 6.395201890130637843e-12
4.886186104779055486e-04 2.002173000268144295e-09 6.036024306893153752e-12
4.942765473284694211e-04 2.004414964155854533e-09 5.785055903544076383e-12
4.999999999999999020e-04 1.999631173253411459e-09 6.041444656748929068e-12
5.057897271299491120e-04 2.006996453560573617e-09 6.361511330256671784e-12
5.116464961403767615e-04 2.010761809934715381e-09 6.204033754260892875e-12
5.175710833396719507e-04 2.028315763374432453e-09 5.857434099361433487e-12
5.235642740254497010e-04 1.995888534638525391e-09 6.040988323904245326e-12
5.296268625886442309e-04 2.013499120007885445e-09 6.395280977662122419e-12
5.357596526188034176e-04 2.023625224271129078e-09 6.297052220120169735e-12
5.419634570106019031e-04 2.032798967498165368e-09 5.920393477646159631e-12
5.482390980715924666e-04 2.055006179561851386e-09 6.037780127884261483e-12
5.545874076312003274e-04 2.026183939795981177e-09 6.503523699764083338e-12
5.610092271509814097e-04 2.028463872085399579e-09 6.350246380690663599e-12
5.675054078361570394e-04 2.033438504791786873e-09 5.914178430626287493e-12
5.740768107484413340e-04 2.030771647086033075e-09 6.192757958006164814e-12
5.807243069201712630e-04 2.044027816474001843e-09 6.469871152003829316e-12
5.874487774697650716e-04 2.034237001542761401e-09 6.188450828192799249e-12
5.942511137185093944e-04 2.049267412014818555e-09 5.963164322092846959e-12
6.011322173087065013e-04 2.041679734160590436e-09 6.266784276967488391e-12
6.080930003231838424e-04 2.042609581554212847e-09 6.431683262328415135e-12
6.151343854061905054e-04 2.050758404131140948e-09 6.057998616220568571e-12
6.222573058856920762e-04 2.079442712492769039e-09 6.179703881198411103e-12
6.294627058970836365e-04 2.043368304054576756e-09 6.600339363773721788e-12
6.367515405083307633e-04 2.056503542828516945e-09 6.262238231616952113e-12
6.441247758465673719e-04 2.056269320497983660e-09 6.023964661465848516e-12
6.515833892261499666e-04 2.010809529882299419e-09 6.425468067832688588e-12
6.591283692782036463e-04 2.056141359906342635e-09 6.417850081924924459e-12
6.667607160816619227e-04 2.050986175286025188e-09 6.102491288871410644e-12
6.744814412958265908e-04 2.064334442842410933e-09 6.353026792665452731e-12
6.822915682944618535e-04 2.057348324459823368e-09 6.476854332391460464e-12
6.901921323014425418e-04 2.074255946419238300e-09 6.114988825282979484e-12
6.981841805279687899e-04 2.056272526475397341e-09 6.335913600814549011e-12
7.062687723113776324e-04 2.069108422249763034e-09 6.544477561285356564e-12
7.144469792555517389e-04 2.065961975209612507e-09 6.180749461826059428e-12
7.227198853729638849e-04 2.082534004778163186e-09 6.386781781158114282e-12
7.310885872283591101e-04 2.060072674435317633e-09 6.515096942524141788e-12
7.395541940841035122e-04 2.067354305968522151e-09 6.204265025340496432e-12
7.481178280472162642e-04 2.039198949636781091e-09 6.373841505823122794e-12
7.567806242181035047e-04 2.075842522313207477e-09 6.542061232752807640e-12
7.655437308410150245e-04 2.078887589691338238e-09 6.262799070458931719e-12
7.744083094562404478e-04 2.071511106882797776e-09 6.492792415771932323e-12
7.833755350540749394e-04 2.075964187987266276e-09 6.494790895352844944e-12
7.924465962305569326e-04 2.059010047015182372e-09 6.225100816921063345e-12
8.016226953450208102e-04 2.082409362620819294e-09 6.575291290652459108e-12
8.109050486794648670e-04 2.052208561939018977e-09 6.366937623559974047e-12
8.202948865997692447e-04 2.072364572648315879e-09 6.354786054768997102e-12
8.297934537187797799e-04 2.052925982525780432e-09 6.627885191081114472e-12
8.394020090612803152e-04 2.112256727040269616e-09 6.266910126102915769e-12
8.491218262308720130e-04 2.092800613615222313e-09 6.565467938451625568e-12
8.589541935787945847e-04 2.098890307082408985e-09 6.441633165587036931e-12
8.689004143746880239e-04 2.090024930041751968e-09 6.362446861259393490e-12
8.789618069793465622e-04 2.088757480002389802e-09 6.565979528672076465e-12
8.891397050194613759e-04 2.099220021795245181e-09 6.321500674527208179e-12
8.994354575643935708e-04 2.061868305112174617e-09 6.597799897635381395e-12
9.098504293049911040e-04 2.083275702762580732e-09 6.399601074671270154e-12
9.203860007344779421e-04 2.093985617763789234e-09 6.437498038390394157e-12
9.310435683314336689e-04 2.075621706172277427e-09 6.588706726371318266e-12
9.418245447449009487e-04 2.091681599907874881e-09 6.410107211084222668e-12
9.527303589816240974e-04 2.104844565667639299e-09 6.659598496996490595e-12
9.637624565954682008e-04 2.100455420610848761e-09 6.358875824282612342e-12
9.749222998790225752e-04 2.088285223842127634e-09 6.673330243683675038e-12
9.862113680574266256e-04 2.098903566398170071e-09 6.405601496342836750e-12
9.976311574844392432e-04 2.105564770861186283e-09 6.668587598014333744e-12
1.009183181840779715e-03 2.094082108785507328e-09 6.472890426467912111e-12
1.020868972334764650e-03 2.094582535391555704e-09 6.555528157839213869e-12
1.032690077905264441e-03 2.102771366530776253e-09 6.499991056552967478e-12
1.044648065427020373e-03 2.087668497658195878e-09 6.574087172468509354e-12
1.056744519918323758e-03 2.102389407214229688e-09 6.551450249027515562e-12
1.068981044751116105e-03 2.099483178832150814e-09 6.539818542867233965e-12
1.081359261863509879e-03 2.096720971094793964e-09 6.557510468128189252e-12
1.093880811974775810e-03 2.090476454796859775e-09 6.583044315708109190e-12
1.106547354802818028e-03 2.113541267268695727e-09 6.564710384304216002e-12
1.119360569284169951e-03 2.095232205668154531e-09 6.562309319993313798e-12
1.132322153796529608e-03 2.107761253089502790e-09 6.520094793053173519e-12
1.145433826383887273e-03 2.104527047614489552e-09 6.661600753478570173e-12
1.158697324984239805e-03 2.111991827561595991e-09 6.520162179782666618e-12
1.172114407659961268e-03 2.118852143759223622e-09 6.710020517296406389e-12
1.185686852830827474e-03 2.108300212901540057e-09 6.515046538189469795e-12
1.199416459509744732e-03 2.108005564056749854e-09 6.727314937115210322e-12
1.213305047541207108e-03 2.110323259199600035e-09 6.503307140072534176e-12
1.227354457842515364e-03 2.110351022469669161e-09 6.692709149659199142e-12
1.241566552647785111e-03 2.103992223913904180e-09 6.579877312298683801e-12
1.255943215754791020e-03 2.095850137460300912e-09 6.544453301718016504e-12
1.270486352774653164e-03 2.114184831102489525e-09 6.709922245628086148e-12
1.285197891384432054e-03 2.115615237503879179e-09 6.504615414820075195e-12
1.300079781582635843e-03 2.119150439307318503e-09 6.730011437773389189e-12
1.315133995947690652e-03 2.110525935005720716e-09 6.616525278312294088e-12
1.330362529899404168e-03 2.120345517337176901e-09 6.583979939232008308e-12
1.345767401963456761e-03 2.112963848972629787e-09 6.752421066806853817e-12
1.361350654038956127e-03 2.114654767478381554e-09 6.537311018845749915e-12
1.377114351669082772e-03 2.125769561614742475e-09 6.615324358152887012e-12
1.393060584314885974e-03 2.114361869338162021e-09 6.730713612855460036e-12
1.409191465632227396e-03 2.130354925819032582e-09 6.550745977505231424e-12
1.425509133751954758e-03 2.106586505411438710e-09 6.703641550952275913e-12
1.442015751563302745e-03 2.123926992062628374e-09 6.705044893221376326e-12
1.458713507000582730e-03 2.125589701817635310e-09 6.551394667953081844e-12
1.475604613333191895e-03 2.118094817475171841e-09 6.700198206751422145e-12
1.492691309458979909e-03 2.103550405256022206e-09 6.788172861110566570e-12
1.509975860201007852e-03 2.114166287329436397e-09 6.595466209116430428e-12
1.527460556607757513e-03 2.120326706153395378e-09 6.656649466391138792e-12
1.545147716256795598e-03 2.109642404863252184e-09 6.781696906584952514e-12
1.563039683561977646e-03 2.124304002141077429e-09 6.675446471924075356e-12
1.581138830084189264e-03 2.123178933559707342e-09 6.606729215262537284e-12
1.599447554845698184e-03 2.126471412753103034e-09 6.716182785777071801e-12
1.617968284648140355e-03 2.127877665007165181e-09 6.798421623581414486e-12
1.636703474394191234e-03 2.119297233828476609e-09 6.684336017431641816e-12
1.655655607412955454e-03 2.122917370937093079e-09 6.620618702910841883e-12
1.674827195789139501e-03 2.121235525215532898e-09 6.718250379912410976e-12
1.694220780696013232e-03 2.130964702262201353e-09 6.798053886099436932e-12
1.713838932732252192e-03 2.119596271734438234e-09 6.764396993852981377e-12
1.733684252262658338e-03 2.120837684069924132e-09 6.682996190654521442e-12
1.753759369762839188e-03 2.124327764144522485e-09 6.644816783457547058e-12
1.774066946167876394e-03 2.119881109073119832e-09 6.702337669917634866e-12
1.794609673225024951e-03 2.124987281686573708e-09 6.798475127562286802e-12
1.815390273850507000e-03 2.123516130000485608e-09 6.839053804950479468e-12
1.836411502490423002e-03 2.118014232936866129e-09 6.755665797351398405e-12
1.857676145485863753e-03 2.127078492735400832e-09 6.706958394830666245e-12
1.879187021442221307e-03 2.130140246910814929e-09 6.667928694477785346e-12
1.900946981602806129e-03 2.126229507579653084e-09 6.681881247568629528e-12
1.922958910226767659e-03 2.122477421360490403e-09 6.696351590031685163e-12
1.945225724971402217e-03 2.124864348168468457e-09 6.777409546528158623e-12
1.967750377278885965e-03 2.124239122737327906e-09 6.817642772539274199e-12
1.990535852767486274e-03 2.122616591502546457e-09 6.829101253227724551e-12
2.013585171627295303e-03 2.121015741471258416e-09 6.840466537271171321e-12
2.036901389020564709e-03 2.121844963957784147e-09 6.840766871146596842e-12
2.060487595486651911e-03 2.121005448955189095e-09 6.827083576480309651e-12
2.084346917351677202e-03 2.126011382593921487e-09 6.816105603307280951e-12
2.108482517142911024e-03 2.124900070719195983e-09 6.807695792927293713e-12
2.132897594007962527e-03 2.121166379105676342e-09 6.799445312757470661e-12
2.157595384138824915e-03 2.125668969080974551e-09 6.799860276268070529e-12
2.182579161200830058e-03 2.126545547660118313e-09 6.818376726340577450e-12
2.207852236766562250e-03 2.119873746180136590e-09 6.829741647667168192e-12
2.233417960754816977e-03 2.122263279415795629e-09 6.840457264840653098e-12
2.259279721874612925e-03 2.121783083820086908e-09 6.843448420295903208e-12
2.285440948074375644e-03 2.123357897665912773e-09 6.859753196835036488e-12
2.311905106996301525e-03 2.121322982062009800e-09 6.857244544344078419e-12
2.338675706435990129e-03 2.123674589874579508e-09 6.839827551126541383e-12
2.365756294807401256e-03 2.124424587534541827e-09 6.790239615008525104e-12
2.393150461613189652e-03 2.124589258605921922e-09 6.756939445840550734e-12
2.420861837920496723e-03 2.123274398847449968e-09 6.727062334290671652e-12
2.448894096842230486e-03 2.119973458096490090e-09 6.748300317509741843e-12
2.477250954023952571e-03 2.127079963800382774e-09 6.809816845766831681e-12
2.505936168136362312e-03 2.123978171873168960e-09 6.871497611167221584e-12
2.534953541373521912e-03 2.123655533255619344e-09 6.865312816643117834e-12
2.564306919956823531e-03 2.123039750325869110e-09 6.797338080339561414e-12
2.594000194644804566e-03 2.127862189484046679e-09 6.752954256258625672e-12
2.624037301248860997e-03 2.123092979747736378e-09 6.799272274987850853e-12
2.654422221154942047e-03 2.117405737330150163e-09 6.870732119528162041e-12
2.685158981851263043e-03 2.114163010789294123e-09 6.845527522038596470e-12
2.716251657462167863e-03 2.119624279010575155e-09 6.765691327219913233e-12
2.747704369288123637e-03 2.120105141968122716e-09 6.813712321871010995e-12
2.779521286352018127e-03 2.118837896886812963e-09 6.881983338106187309e-12
2.811706625951745052e-03 2.118927140233928249e-09 6.815360983102328116e-12
2.844264654219206146e-03 2.120914176260308880e-09 6.786777874645184220e-12
2.877199686685782878e-03 2.123711110630548286e-09 6.883247280564566988e-12
2.910516088854357610e-03 2.117760200898713121e-09 6.813932629555203387e-12
2.944218276777944496e-03 2.115778345259155973e-09 6.803618082212394296e-12
2.978310717645054131e-03 2.113893286986151723e-09 6.888956192337471353e-12
3.012797930371790243e-03 2.117190327437476175e-09 6.787732865483890314e-12
3.047684486200846234e-03 2.115844040381969891e-09 6.871063400261786054e-12
3.082975009307411130e-03 2.121653380259101683e-09 6.839673411251548607e-12
3.118674177412095096e-03 2.119567436404121100e-09 6.836889954377405403e-12
3.154786722400964704e-03 2.118685873134688879e-09 6.866412297783318058e-12
3.191317430952740879e-03 2.113000066204203563e-09 6.822011936096690349e-12
3.228271145173277051e-03 2.123731175848135608e-09 6.878235704201432008e-12
3.265652763237360864e-03 2.116066899623699366e-09 6.829882008811989314e-12
3.303467240037981281e-03 2.113366530933026399e-09 6.865007541356843747e-12
3.341719587843073637e-03 2.111477950579721674e-09 6.862852315417011340e-12
3.380414876959909193e-03 2.115547328189624753e-09 6.840152129241029827e-12
3.419558236407146089e-03 2.114114572532411937e-09 6.897724767878312731e-12
3.459154854594680487e-03 2.116639086260872029e-09 6.814076779517917261e-12
3.499209980011365548e-03 2.119580599471592910e-09 6.902068295316132717e-12
3.539728921920689327e-03 2.121578206821768307e-09 6.870741909030077656e-12
3.580717051064509580e-03 2.111378156802680451e-09 6.820154333721061979e-12
3.622179800374952189e-03 2.114830113153613781e-09 6.905178053119823511e-12
3.664122665694521767e-03 2.111854242909972353e-09 6.876979833399659194e-12
3.706551206504588372e-03 2.110757552760285888e-09 6.826431446875298228e-12
3.749471046662278956e-03 2.113014474999373520e-09 6.864797104838824359e-12
3.792887875145917100e-03 2.108353048519974331e-09 6.914256482185896553e-12
3.836807446809092133e-03 2.111588637423111416e-09 6.886975644236241556e-12
3.881235583143458675e-03 2.110591530054343119e-09 6.838497025766664648e-12
3.926178173050358551e-03 2.108837240917347061e-09 6.841429932699300830e-12
3.971641173621410364e-03 2.110256306574237296e-09 6.879282195561193538e-12
4.017630610928087966e-03 2.108738873613476086e-09 6.906564711389394413e-12
4.064152580820497296e-03 2.108632195103068300e-09 6.915768765431390986e-12
4.111213249735355506e-03 2.109884618408480991e-09 6.916663601261481325e-12
4.158818855513353625e-03 2.105192613219234010e-09 6.904657621808307882e-12
4.206975708225973477e-03 2.112526041437022086e-09 6.892125664022592683e-12
4.255690191011879397e-03 2.105495991989398678e-09 6.876844530724404672e-12
4.304968760923003589e-03 2.108125338577050990e-09 6.888934113053807680e-12
4.354817949780402306e-03 2.106289580807797665e-09 6.898269494170867476e-12
4.405244365040072822e-03 2.110176104946508469e-09 6.900677841753159953e-12
4.456254690668728577e-03 2.106899259570014400e-09 6.917934028001730288e-12
4.507855688029784903e-03 2.106076893983529189e-09 6.926575932792885340e-12
4.560054196779547535e-03 2.106847751283821663e-09 6.922593900899465333e-12
4.612857135773813788e-03 2.106804405767931611e-09 6.904637475458046526e-12
4.666271503984952343e-03 2.106176550011263715e-09 6.870093386519957176e-12
4.720304381429616877e-03 2.105780282667678308e-09 6.863603349170900344e-12
4.774962930107178559e-03 2.105460498702673544e-09 6.907307156463283102e-12
4.830254394949069947e-03 2.106263189946997644e-09 6.932859817336254328e-12
4.886186104779055052e-03 2.103582216766885014e-09 6.893873223175501123e-12
4.942765473284694427e-03 2.103954133483815856e-09 6.870275407004002652e-12
4.999999999999999237e-03 2.104425931968468386e-09 6.930951435742698499e-12
5.057897271299491120e-03 2.104363306047920479e-09 6.905664403650154169e-12
5.116464961403772820e-03 2.104046882639507430e-09 6.878465353165365763e-12
5.175710833396719723e-03 2.098400925629852125e-09 6.937862135582529613e-12
5.235642740254497010e-03 2.100022039828083270e-09 6.879597400243836529e-12
5.296268625886442309e-03 2.100521118742252157e-09 6.930773812172609488e-12
5.357596526188034176e-03 2.099960236314851733e-09 6.888679364075201214e-12
5.419634570106018380e-03 2.099362592552774739e-09 6.935578862443102220e-12
5.482390980715924449e-03 2.098444772899716787e-09 6.883777718325706906e-12
5.545874076312003707e-03 2.099678767382160751e-09 6.941219152049316639e-12
5.610092271509814314e-03 2.096911843072880723e-09 6.888151854997055580e-12
5.675054078361576465e-03 2.096614828715432008e-09 6.920445742495143815e-12
5.740768107484413990e-03 2.097108021037026696e-09 6.933691098356306035e-12
5.807243069201712196e-03 2.097797849332263901e-09 6.889675402190207001e-12
5.874487774697644861e-03 2.095589786665221664e-09 6.907847719404003798e-12
5.942511137185094161e-03 2.094230759639256804e-09 6.943338944419283803e-12
6.011322173087065013e-03 2.095209005536325152e-09 6.937140995895065961e-12
6.080930003231838424e-03 2.093923713777170058e-09 6.905656273842518405e-12
6.151343854061904620e-03 2.094293690454608859e-09 6.894095672192099671e-12
6.222573058856928352e-03 2.094472798792001325e-09 6.901743447110671858e-12
6.294627058970836582e-03 2.093085031482217748e-09 6.911064454583524078e-12
6.367515405083307850e-03 2.090828683726137453e-09 6.924071573319502715e-12
6.441247758465666780e-03 2.091581051983657952e-09 6.910780484935740547e-12
6.515833892261499449e-03 2.086645711712001800e-09 6.923554605933829145e-12
6.591283692782036463e-03 2.090448942991161802e-09 6.913257234639388499e-12
6.667607160816618576e-03 2.090254938256866141e-09 6.905001638260820268e-12
6.744814412958264824e-03 2.089488218944426879e-09 6.902894722288482348e-12
6.822915682944625040e-03 2.090480237716427129e-09 6.920735479947898031e-12
6.901921323014426068e-03 2.088555827738083618e-09 6.945099303974048659e-12
6.981841805279687466e-03 2.088625936971691945e-09 6.947901252831724615e-12
7.062687723113769168e-03 2.086345256138757623e-09 6.909220649875163066e-12
7.144469792555517389e-03 2.086491788519071470e-09 6.923271065867876013e-12
7.227198853729639716e-03 2.085349774357539542e-09 6.950767186645654774e-12
7.310885872283589583e-03 2.085715874163617456e-09 6.910463776019976480e-12
7.395541940841033821e-03 2.085234188431016322e-09 6.950061339737238747e-12
7.481178280472170448e-03 2.085388144098687337e-09 6.925958473709980768e-12
7.567806242181042420e-03 2.083865091377857088e-09 6.945752960905904677e-12
7.655437308410150896e-03 2.083391781823481866e-09 6.920303095992318898e-12
7.744083094562405345e-03 2.082350790045366673e-09 6.957040140826702005e-12
7.833755350540741805e-03 2.081192816648095491e-09 6.921901359711977849e-12
7.924465962305568892e-03 2.080891300612654462e-09 6.933731025140041483e-12
8.016226953450207235e-03 2.080813852388445928e-09 6.959297241078988835e-12
8.109050486794647586e-03 2.080258423571466035e-09 6.941537189286597756e-12
8.202948865997691796e-03 2.079784278038754424e-09 6.919665856650804923e-12
8.297934537187806256e-03 2.078877006658512387e-09 6.922869624425385084e-12
8.394020090612802285e-03 2.077427806769776882e-09 6.934692721153599819e-12
8.491218262308719913e-03 2.077916246399622186e-09 6.943780073721842140e-12
8.589541935787937607e-03 2.078187531208415123e-09 6.949219016979573569e-12
8.689004143746880890e-03 2.077529898359461304e-09 6.942751771239907033e-12
8.789618069793463453e-03 2.075123776979086411e-09 6.933056309673266400e-12
8.891397050194612892e-03 2.074948845404245935e-09 6.926663265627333775e-12
8.994354575643936575e-03 2.074213093644505592e-09 6.929722520776349073e-12
9.098504293049921449e-03 2.073209097310364172e-09 6.955906515191110550e-12
9.203860007344780506e-03 2.073063674205690519e-09 6.960957381225067613e-12
9.310435683314336255e-03 2.072535814283185992e-09 6.923992195743140677e-12
9.418245447449000163e-03 2.072421643816118792e-09 6.945806553001726456e-12
9.527303589816240106e-03 2.071321227422367628e-09 6.952266205712143833e-12
9.637624565954681574e-03 2.070432084851777855e-09 6.918428450912163272e-12
9.749222998790225969e-03 2.070943918945645372e-09 6.953479279026511212e-12
9.862113680574265823e-03 2.068977902603937040e-09 6.945264923632625463e-12
9.976311574844402841e-03 2.070143855415875762e-09 6.941102854669763338e-12
1.009183181840780756e-02 2.069042293262288861e-09 6.965864186263121395e-12
1.020868972334764736e-02 2.067771308305784002e-09 6.947545383453385167e-12
1.032690077905264354e-02 2.066025761415560677e-09 6.935468209124684573e-12
1.044648065427019289e-02 2.066258205658084240e-09 6.943175831613187343e-12
1.056744519918323758e-02 2.065871810138658238e-09 6.947439110825645503e-12
1.068981044751116105e-02 2.067181424954284550e-09 6.956481295390441326e-12
1.081359261863509835e-02 2.064508679510927241e-09 6.950865039153434494e-12
1.093880811974775810e-02 2.060547407882331320e-09 6.945615296413864030e-12
1.106547354802819155e-02 2.062767001335198732e-09 6.939168354440363349e-12
1.119360569284169951e-02 2.061534924470734205e-09 6.944995084225267872e-12
1.132322153796529694e-02 2.062972853344214330e-09 6.954167917279281608e-12
1.145433826383886015e-02 2.040268545935001184e-09 6.959883960231659009e-12
1.158697324984239718e-02 2.060932415365863991e-09 6.941031259502875317e-12
1.172114407659961138e-02 2.059809800044233155e-09 6.970662437550870295e-12
1.185686852830827517e-02 2.058980174611775509e-09 6.942641349281358128e-12
1.199416459509744862e-02 2.058079104697764784e-09 6.968938734451014350e-12
1.213305047541208236e-02 2.057400676713280222e-09 6.948510685169880922e-12
1.227354457842515234e-02 2.056423839053059725e-09 6.949036107948859359e-12
1.241566552647785024e-02 2.055662592205577915e-09 6.969100438665713276e-12
1.255943215754789372e-02 2.055374650473569111e-09 6.969394394249746301e-12
1.270486352774653077e-02 2.054356448059124951e-09 6.962806662566338821e-12
1.285197891384432141e-02 2.054332206366589306e-09 6.960265689134961782e-12
1.300079781582635929e-02 2.053583160862759584e-09 6.963450862192247486e-12
1.315133995947690738e-02 2.053399552980020958e-09 6.968365330336371798e-12
1.330362529899405469e-02 2.052336338480126554e-09 6.968492941234108972e-12
1.345767401963458149e-02 2.051405112591104375e-09 6.954302996521413182e-12
1.361350654038956387e-02 2.047583505323420874e-09 6.951483683660891491e-12
1.377114351669082859e-02 2.049766440711820668e-09 6.974022048294178867e-12
1.393060584314884456e-02 2.050090168209031171e-09 6.949701312719026070e-12
1.409191465632227136e-02 2.049163665855418154e-09 6.974284824171641224e-12
1.425509133751954628e-02 2.048377043367682602e-09 6.953273562417465261e-12
1.442015751563302701e-02 2.046779125583221856e-09 6.969149120899281543e-12
1.458713507000582686e-02 2.046529790981387820e-09 6.973654740004092794e-12
1.475604613333193239e-02 2.044743368162627165e-09 6.968792991155637014e-12
1.492691309458979952e-02 2.045272917053513682e-09 6.970131341431817120e-12
1.509975860201007852e-02 2.042740445859445348e-09 6.982347419311127697e-12
1.527460556607755995e-02 2.043338934156791118e-09 6.974608791350049569e-12
1.545147716256795728e-02 2.043538128060356900e-09 6.977244695427611895e-12
1.563039683561977602e-02 2.040307550062235005e-09 6.944811776365110125e-12
1.581138830084189567e-02 2.041404254033276121e-09 6.956530948764641488e-12
1.599447554845698227e-02 2.041470830780921942e-09 6.973949303308857943e-12
1.617968284648142047e-02 2.040773065947659965e-09 6.960099399705966631e-12
1.636703474394191060e-02 2.040301943844155669e-09 6.972628203139848074e-12
1.655655607412955324e-02 2.039295912215037850e-09 6.968834287700936180e-12
1.674827195789137593e-02 2.038927281950983634e-09 6.958948347995075557e-12
1.694220780696013492e-02 2.038039378315788157e-09 6.961261884948319512e-12
1.713838932732252018e-02 2.037535897081136782e-09 6.961726753597197049e-12
1.733684252262658251e-02 2.036698705811403930e-09 6.961363732943543725e-12
1.753759369762839665e-02 2.035015267027656017e-09 6.957736322591054263e-12
1.774066946167878259e-02 2.035607558446077580e-09 6.962410946894235844e-12
1.794609673225026555e-02 2.033265892774945327e-09 6.979876391375930734e-12
1.815390273850506567e-02 2.033579182839420692e-09 6.960145176455476820e-12
1.836411502490422828e-02 2.032553587032518962e-09 6.979055290204606011e-12
1.857676145485861671e-02 2.031702376273707862e-09 6.961207370949894389e-12
1.879187021442221481e-02 2.030073120707021506e-09 6.965221645959393783e-12
1.900946981602805869e-02 2.029986260758442549e-09 6.979189125871946281e-12
1.922958910226767529e-02 2.029882441615607955e-09 6.980286890621937310e-12
1.945225724971402087e-02 2.029032203677460801e-09 6.979127473070800874e-12
1.967750377278888047e-02 2.028831755869565734e-09 6.973715581750452721e-12
1.990535852767486361e-02 2.027323532507535775e-09 6.966357582819326646e-12
2.013585171627295042e-02 2.027677252770190777e-09 6.984008183866002919e-12
2.036901389020562628e-02 2.027334068239974727e-09 6.975559123221667621e-12
2.060487595486651738e-02 2.025593276570287044e-09 6.972469295766294215e-12
2.084346917351677375e-02 2.023988168394539287e-09 6.950767738472847789e-12
2.108482517142910850e-02 2.024525458808538432e-09 6.970470449284419847e-12
2.132897594007962527e-02 2.023242129363994384e-09 6.981071257228899570e-12
2.157595384138826997e-02 2.022645357993245616e-09 6.981027212933723145e-12
2.182579161200830231e-02 2.021392526989030813e-09 6.982159758280476239e-12
2.207852236766562337e-02 2.020348209332836697e-09 6.970468603424962615e-12
2.233417960754814982e-02 2.021951625192497474e-09 6.966365505300246369e-12
2.259279721874612665e-02 2.017062064060962295e-09 6.978702975662342097e-12
2.285440948074375644e-02 2.017377582169211146e-09 6.974560442605588932e-12
2.311905106996301265e-02 2.018173472186159591e-09 6.967463624047490167e-12
2.338675706435990390e-02 2.016817071027302121e-09 6.973131294258309287e-12
2.365756294807403598e-02 2.015841020243587251e-09 6.978035621795153259e-12
2.393150461613192254e-02 2.016010695184314291e-09 6.973114378725682126e-12
2.420861837920496723e-02 2.015003657946331747e-09 6.970447757252137559e-12
2.448894096842230139e-02 2.010478382960030760e-09 6.975295572808476899e-12
2.477250954023950055e-02 2.013114077687319503e-09 6.972952045916284503e-12
2.505936168136361705e-02 2.012737306073628849e-09 6.982917422364551298e-12
2.534953541373521912e-02 2.012896142171122582e-09 6.978750572938841057e-12
2.564306919956824138e-02 2.010968079743935760e-09 6.972299756068807610e-12
2.594000194644804566e-02 2.010675487975654017e-09 6.973731045256306406e-12
2.624037301248863946e-02 2.010455926349413283e-09 6.980245075367322974e-12
2.654422221154941960e-02 2.021767408533340925e-09 6.982587337624811492e-12
2.685158981851263477e-02 2.007935522760182068e-09 6.971084299799141601e-12
2.716251657462165348e-02 2.007600906603903388e-09 6.976478981260908640e-12
2.747704369288124157e-02 2.006850912502755787e-09 6.973467004352798116e-12
2.779521286352018214e-02 2.005906100838642184e-09 6.977430618636670441e-12
2.811706625951744531e-02 2.006463871945983533e-09 6.981707723309015075e-12
2.844264654219206059e-02 2.004510070369325225e-09 6.983572979919789171e-12
2.877199686685785740e-02 2.002617316309283383e-09 7.030523812989184027e-12
2.910516088854357350e-02 2.002253213030856577e-09 6.979876164115184598e-12
2.944218276777944496e-02 2.002688884547502152e-09 6.973080024707282697e-12
2.978310717645051356e-02 2.002658118648317903e-09 6.955780762852334219e-12
3.012797930371789723e-02 2.000635991865322426e-09 6.980408238731888353e-12
3.047684486200846060e-02 2.000711391469334157e-09 6.972742585522737749e-12
3.082975009307410696e-02 1.998914998724482552e-09 6.973099901485612934e-12
3.118674177412094836e-02 2.000238513664903415e-09 6.982914778411055062e-12
3.154786722400967913e-02 1.999231210813516980e-09 6.980604907105596940e-12
3.191317430952744089e-02 1.996963429173713028e-09 6.973699079440817601e-12
3.228271145173277484e-02 1.996440692314713733e-09 6.975034263247015637e-12
3.265652763237360950e-02 1.996338768391451197e-09 6.971912519746391116e-12
3.303467240037978592e-02 1.994558372059449112e-09 6.984531013881480587e-12
3.341719587843074157e-02 1.994813533997489555e-09 6.976685113419503579e-12
3.380414876959909193e-02 1.994885227994353753e-09 6.984320544762555081e-12
3.419558236407145568e-02 1.992814402025946084e-09 6.985475874051535524e-12
3.459154854594680834e-02 1.991917846898815946e-09 6.985974465029306389e-12
3.499209980011368931e-02 1.992390974457502160e-09 6.977913763503494737e-12
3.539728921920690108e-02 1.991173541108021161e-09 6.976079813813655497e-12
3.580717051064509493e-02 1.988942535986964383e-09 6.993072507468246647e-12
3.622179800374948633e-02 1.989050667856171355e-09 6.988848947056377879e-12
3.664122665694521941e-02 1.988477379528464922e-09 6.986156918686143746e-12
3.706551206504588025e-02 1.988508624098828669e-09 6.984807098634746420e-12
3.749471046662278956e-02 1.986830321489470248e-09 6.975312418124042456e-12
3.792887875145917187e-02 1.986905039829139173e-09 6.982331390271344433e-12
3.836807446809096384e-02 1.984896723135539688e-09 6.998326821424965291e-12
3.881235583143459456e-02 1.984225983446591706e-09 6.983083094156923724e-12
3.926178173050358378e-02 1.983805546176109698e-09 6.989153496159830932e-12
3.971641173621406201e-02 1.980511899920574536e-09 6.977269027872924342e-12
4.017630610928087792e-02 1.978518024439375547e-09 6.985734417320946828e-12
4.064152580820497296e-02 1.980299978198875624e-09 6.992072184496282794e-12
4.111213249735355679e-02 1.980383223775593127e-09 6.977684392734559989e-12
4.158818855513353452e-02 1.980294999388057092e-09 6.981095862309811714e-12
4.206975708225977467e-02 1.979934372274168107e-09 6.984615185147840265e-12
4.255690191011883561e-02 1.978421522167773648e-09 6.977807049380475290e-12
4.304968760923003068e-02 1.978069549102956370e-09 6.979152931187494629e-12
4.354817949780401959e-02 1.976452710303011571e-09 6.980115799167375210e-12
4.405244365040068139e-02 1.975609909976819274e-09 6.986254168395920075e-12
4.456254690668728924e-02 1.976076581111802015e-09 6.987276842065189083e-12
4.507855688029784730e-02 1.975425640987747213e-09 6.982385693630514241e-12
4.560054196779547708e-02 1.978668314516381610e-09 6.989452338447082226e-12
4.612857135773813788e-02 1.972575230777799456e-09 6.985237590455310393e-12
4.666271503984956853e-02 1.968086692013249575e-09 6.980510463091175618e-12
4.720304381429617224e-02 1.972184005340734784e-09 6.980096457118245090e-12
4.774962930107178732e-02 1.970054164033216198e-09 6.988875646807268140e-12
4.830254394949064917e-02 1.970925157536072027e-09 6.986733219248374398e-12
4.886186104779054878e-02 1.969042985165293451e-09 6.969793858971383761e-12
4.942765473284694427e-02 1.969207740412322166e-09 6.980375673014007322e-12
4.999999999999999584e-02 1.963920810608808309e-09 6.993160426985636866e-12
5.057897271299489905e-02 1.967860850934284918e-09 6.983840416208487059e-12
5.116464961403772993e-02 1.966133717015876601e-09 6.990336451443708302e-12
5.175710833396719723e-02 1.965132170296508024e-09 6.988765447883288146e-12
5.235642740254497357e-02 1.947852793420625377e-09 6.977986898225624142e-12
5.296268625886443177e-02 1.981742205874744349e-09 6.982256471663929862e-12
5.357596526188034697e-02 1.967156424901903572e-09 6.977718405265781054e-12
5.419634570106018900e-02 1.957676028809622270e-09 6.989756843706783338e-12
5.482390980715923928e-02 1.965139767197521709e-09 6.985032285215900967e-12
5.545874076312004575e-02 1.959311841700746057e-09 6.989616823166909645e-12
5.610092271509819345e-02 1.960835306283746359e-09 6.969899646945753342e-12
5.675054078361576465e-02 1.959273648352841370e-09 6.983124558179987095e-12
5.740768107484413990e-02 1.960266537325416735e-09 6.982211343987281445e-12
5.807243069201712543e-02 1.957795704849751118e-09 6.971515106040548788e-12
5.874487774697651626e-02 1.956486788093621351e-09 6.981239332916143768e-12
5.942511137185094161e-02 1.956378821915191472e-09 6.978594958656600695e-12
6.011322173087065013e-02 1.956068849744698452e-09 6.985587435933571204e-12
6.080930003231839465e-02 1.954680801123503553e-09 6.978060313437040572e-12
6.151343854061905314e-02 1.953637497587816757e-09 6.986533260391250838e-12
6.222573058856927658e-02 1.953189858631548533e-09 6.975285464068989626e-12
6.294627058970836408e-02 1.951500121564925888e-09 6.987392515233339991e-12
6.367515405083307156e-02 1.951412723923857075e-09 6.981973525358949535e-12
6.441247758465666606e-02 1.941826109686620086e-09 6.987276830876918601e-12
6.515833892261499449e-02 1.951093477851240288e-09 6.988163148092886815e-12
6.591283692782036463e-02 1.949841691052140488e-09 6.987861638728750355e-12
6.667607160816618750e-02 1.948606644806866356e-09 6.987805941648778854e-12
6.744814412958265171e-02 1.948531957302133615e-09 6.954651308679523773e-12
6.822915682944624693e-02 1.953528757218964013e-09 7.006242807622464743e-12
6.901921323014424681e-02 1.945763330161702081e-09 6.986716567572665695e-12
6.981841805279687119e-02 1.945016009006473552e-09 6.988271519550594447e-12
7.062687723113769689e-02 1.944817581454285141e-09 6.991868146892486726e-12
7.144469792555517562e-02 1.944114499244381685e-09 6.989874827143629208e-12
7.227198853729638328e-02 1.943256537036845963e-09 6.986407296516468166e-12
7.310885872283590103e-02 1.942273126907002779e-09 6.985082927816739041e-12
7.395541940841035555e-02 1.931374445744373186e-09 6.969070502847299654e-12
7.481178280472171316e-02 1.940752398653166622e-09 6.980033515793985977e-12
7.567806242181042420e-02 1.941277377014811930e-09 6.948715144722728176e-12
7.655437308410151243e-02 1.940163506580245272e-09 6.992628721890605796e-12
7.744083094562405345e-02 1.938408846316759714e-09 6.990215796089202423e-12
7.833755350540749784e-02 1.938131306057962482e-09 6.986445141976410672e-12
7.924465962305569933e-02 1.938657278931742855e-09 6.991678530174680665e-12
8.016226953450207582e-02 1.937062165154157470e-09 6.987304273852473872e-12
8.109050486794648627e-02 1.935326049959084088e-09 6.989991830806842665e-12
8.202948865997693184e-02 1.934916881078233167e-09 6.992648277027941022e-12
8.297934537187805215e-02 1.934227850947339749e-09 6.987034849868439447e-12
8.394020090612802631e-02 1.933284727082776701e-09 6.988048636841887266e-12
8.491218262308720954e-02 1.930972481440873650e-09 6.983650990424109516e-12
8.589541935787936566e-02 1.932839023897252248e-09 6.980503046129163225e-12
8.689004143746879849e-02 1.930450955790977711e-09 6.978125247599583213e-12
8.789618069793464494e-02 1.929598622383606228e-09 6.989942360211403040e-12
8.891397050194613239e-02 1.928955006974436184e-09 6.994524832772987465e-12
8.994354575643935534e-02 1.928172441045057591e-09 6.988160049665807735e-12
9.098504293049920755e-02 1.928063955620658013e-09 7.053858052169877389e-12
9.203860007344780159e-02 1.926446055890900408e-09 7.005025055743091628e-12
9.310435683314335908e-02 1.926245133240600053e-09 6.987480897440013878e-12
9.418245447449000163e-02 1.923605672792566798e-09 6.983127771423241830e-12
9.527303589816239759e-02 1.847246177728889548e-09 6.972866981057499590e-12
9.637624565954681921e-02 1.924676025506279193e-09 6.984013624604233575e-12
9.749222998790227357e-02 1.933202583082703432e-09 6.983656644656943798e-12
9.862113680574267904e-02 1.922779777563393203e-09 6.988330311005181386e-12
9.976311574844402841e-02 1.922342478259151755e-09 6.987713019926838748e-12
1.009183181840780791e-01 1.949301611767521411e-09 6.984723038492724460e-12
1.020868972334764702e-01 1.920022276467377518e-09 6.982043944273671222e-12
1.032690077905264597e-01 1.919401984760300286e-09 6.982423698736696249e-12
1.044648065427020295e-01 1.918793987317064435e-09 6.986692207382296209e-12
1.056744519918323688e-01 1.918583788071864259e-09 6.983955007437085570e-12
1.068981044751116244e-01 1.917171093235950413e-09 6.986834566712227676e-12
1.081359261863509974e-01 1.916345396489419927e-09 6.981048387845308630e-12
1.093880811974775741e-01 1.913914568804554805e-09 6.981927665525391059e-12
1.106547354802819294e-01 1.913660703347895245e-09 6.985663074348837304e-12
1.119360569284169743e-01 1.917449075907998998e-09 6.985071760471224488e-12
1.132322153796529590e-01 1.913381100626695403e-09 6.997815644942917504e-12
1.145433826383886050e-01 1.912449443094998352e-09 6.987168535854993799e-12
1.158697324984239718e-01 1.911760762617864199e-09 6.979320128692159300e-12
1.172114407659961138e-01 1.913236628194505415e-09 6.987466652399679631e-12
1.185686852830827587e-01 1.910387488150976545e-09 6.987944623770596406e-12
1.199416459509744792e-01 1.909589190735118440e-09 6.982485896859586311e-12
1.213305047541208270e-01 1.910021811104634345e-09 6.985126637777858997e-12
1.227354457842515234e-01 1.907980487464482738e-09 6.990984271006357673e-12
1.241566552647785093e-01 1.907032605169089886e-09 7.140448035388641288e-12
1.255943215754789510e-01 1.914983555139783343e-09 6.983705228499591556e-12
1.270486352774652938e-01 1.904689971706450894e-09 6.987411861981178300e-12
1.285197891384432245e-01 1.904223723179042754e-09 6.991059001603591933e-12
1.300079781582635929e-01 1.904292344863735901e-09 6.989128309614010830e-12
1.315133995947690704e-01 1.903528625096453310e-09 6.986754631162224686e-12
1.330362529899405399e-01 1.903739741378971255e-09 6.997051568387059416e-12
1.345767401963458287e-01 1.902594500905713895e-09 6.990079167455323970e-12
1.361350654038956109e-01 1.898812108998797205e-09 6.984125240591842121e-12
1.377114351669082859e-01 1.900522013678981757e-09 6.988031559147205701e-12
1.393060584314885775e-01 1.899027790127103834e-09 6.861792951291941888e-12
1.409191465632227414e-01 1.898591971239273767e-09 6.985462096012434498e-12
1.425509133751954594e-01 1.898250703698221484e-09 6.989013333048113370e-12
1.442015751563302528e-01 1.898542254985676289e-09 7.084517035108159694e-12
1.458713507000582721e-01 1.897812198695984054e-09 6.987444178227524200e-12
1.475604613333193205e-01 1.893753678723102231e-09 7.016728396113367912e-12
1.492691309458979987e-01 1.886053764166065289e-09 6.984306750700873501e-12
1.509975860201007714e-01 1.894516418421914717e-09 6.987372812583351322e-12
1.527460556607755926e-01 1.895681784303070352e-09 7.182147987843940827e-12
1.545147716256795867e-01 1.892714114890432484e-09 6.991074720137578630e-12
1.563039683561977533e-01 1.889137691941663593e-09 7.001831137191233949e-12
1.581138830084189428e-01 1.890017828288025340e-09 6.988907621451780688e-12
1.599447554845698505e-01 1.890985021430376479e-09 6.990085160575903770e-12
1.617968284648141908e-01 1.889063740582435035e-09 6.978484922321514035e-12
1.636703474394191060e-01 1.888370245275711209e-09 6.987935675484271170e-12
1.655655607412955255e-01 1.888844786901501264e-09 7.003547004157048539e-12
1.674827195789137801e-01 1.862446229309398769e-09 6.985240784856672743e-12
1.694220780696013562e-01 1.885998431528576561e-09 6.985886904682320138e-12
1.713838932732252018e-01 1.869658335149591954e-09 6.990551172389446065e-12
1.733684252262658043e-01 1.918207448391216996e-09 6.979644675792694095e-12
1.753759369762839526e-01 1.883776257516842440e-09 7.005029580883841768e-12
1.774066946167878189e-01 1.884056208686122525e-09 6.989818793595437292e-12
1.794609673225026625e-01 1.883324553941046058e-09 6.983383854769774512e-12
1.815390273850506775e-01 1.884858337686274178e-09 6.985220473571117657e-12
1.836411502490422898e-01 1.839410777833193892e-09 6.994396616389878453e-12
1.857676145485863684e-01 1.876996134136084172e-09 6.989782682098503397e-12
1.879187021442221273e-01 1.878708026317700173e-09 6.975277484636646762e-12
1.900946981602806007e-01 1.888452896826776064e-09 6.981616701316705135e-12
1.922958910226767459e-01 1.877823796682964391e-09 6.986571220880452017e-12
1.945225724971402226e-01 1.789309381592323120e-09 6.977094124267923417e-12
1.967750377278887908e-01 1.870352959312224354e-09 7.012826209465893791e-12
1.990535852767486014e-01 1.870509363904412876e-09 6.980916643650500821e-12
2.013585171627295112e-01 1.875950961206761032e-09 7.013549678072300612e-12
2.036901389020562558e-01 1.966061321425342437e-09 6.985849781472749723e-12
2.060487595486651391e-01 1.874859495191562003e-09 6.985483695043920251e-12
2.084346917351677375e-01 1.873070961511608630e-09 6.977709017807968712e-12
2.108482517142911128e-01 1.870346735197148047e-09 6.993394385518146399e-12
2.132897594007962527e-01 1.878266721825815745e-09 6.987860448335227054e-12
2.157595384138827066e-01 1.870245613769479748e-09 6.988206386654751168e-12
2.182579161200830509e-01 1.871012835142150625e-09 6.989521606224509879e-12
2.207852236766562337e-01 1.869178731422788166e-09 6.986854181118905253e-12
2.233417960754814913e-01 1.867921983739428393e-09 6.988172933727323515e-12
2.259279721874612734e-01 1.847557188868737735e-09 7.000981561730746280e-12
2.285440948074375644e-01 1.866815442650667936e-09 6.981568935854316396e-12
2.311905106996301473e-01 1.867961188421393585e-09 6.989269823032127695e-12
2.338675706435990320e-01 1.863618424318316876e-09 7.094583228078964241e-12
2.365756294807403459e-01 1.859939212569100236e-09 6.997074663208933425e-12
2.393150461613192392e-01 1.854747299850222818e-09 6.965729924440076277e-12
2.420861837920496862e-01 1.866633975927782547e-09 6.985039986286269046e-12
2.448894096842230694e-01 1.862937243441348339e-09 6.984940848458083244e-12
2.477250954023952345e-01 1.860601432570173751e-09 6.993976772973467082e-12
2.505936168136362330e-01 1.860305055496407790e-09 6.784766567303325143e-12
2.534953541373521912e-01 1.810690310367180527e-09 6.983684938869573207e-12
2.564306919956823583e-01 1.860209348314226725e-09 7.111416436424119910e-12
2.594000194644804358e-01 1.856647932180760641e-09 6.991200162257055308e-12
2.624037301248863807e-01 1.856748781993186158e-09 6.985384233033218927e-12
2.654422221154941752e-01 1.856284041139511325e-09 6.985278803507753912e-12
2.685158981851263338e-01 1.856668446576068953e-09 6.987774460780523315e-12
2.716251657462164792e-01 1.857468354779336347e-09 6.986163698682849277e-12
2.747704369288123671e-01 1.853018532398690749e-09 6.994143201120729314e-12
2.779521286352018006e-01 1.853424156232183127e-09 6.986779516274988130e-12
2.811706625951744809e-01 1.868657471273253616e-09 6.882781315718237284e-12
2.844264654219206268e-01 1.832441704121323856e-09 6.983314799481923617e-12
2.877199686685785740e-01 1.851483140471572388e-09 6.983753617870730710e-12
2.910516088854357419e-01 1.865883976387424042e-09 7.013706870361172966e-12
2.944218276777944565e-01 1.850932889039452632e-09 6.985721856283975299e-12
2.978310717645051287e-01 1.832040720911945031e-09 6.988065954036473989e-12
3.012797930371790001e-01 1.850248920317853293e-09 6.976133953372025941e-12
3.047684486200846199e-01 1.847118658683946085e-09 6.996508528943083545e-12
3.082975009307410419e-01 1.845664433756218166e-09 6.996319662381842043e-12
3.118674177412095183e-01 1.841809481000269015e-09 6.990517244678577091e-12
3.154786722400967913e-01 1.841138791832890479e-09 6.995000331314994233e-12
3.191317430952744227e-01 1.844561204272998176e-09 6.992104856734038630e-12
3.228271145173277623e-01 1.843523915208478699e-09 6.982231385294584440e-12
3.265652763237361089e-01 1.846118957956620644e-09 6.985293467083172701e-12
3.303467240037981645e-01 1.844095675358178240e-09 6.989857868974832019e-12
3.341719587843073880e-01 1.840594542523308368e-09 6.929427884716220060e-12
3.380414876959909054e-01 1.841843650788960780e-09 6.965772908243209195e-12
3.419558236407145846e-01 1.876642156770495345e-09 7.040297769273172275e-12
3.459154854594680972e-01 1.838059238945589239e-09 6.989361509289125668e-12
3.499209980011368515e-01 1.846593382438243370e-09 6.999222750091898342e-12
3.539728921920689553e-01 1.838019623392241419e-09 6.990420796022712528e-12
3.580717051064509215e-01 1.806305328031908008e-09 6.983233029141875941e-12
3.622179800374948910e-01 1.836413991214881055e-09 6.989059448432016741e-12
3.664122665694521941e-01 1.834502708268105170e-09 6.985680524672364662e-12
3.706551206504588025e-01 1.832265852262904811e-09 6.722165623354396187e-12
3.749471046662278817e-01 1.820470588769886024e-09 6.987765592090222824e-12
3.792887875145917187e-01 1.831970299008897755e-09 6.980157035776943528e-12
3.836807446809096245e-01 1.833241897768638065e-09 6.981266920442540212e-12
3.881235583143459733e-01 1.828190577967436465e-09 6.983754618689085948e-12
3.926178173050358655e-01 1.830344015660710418e-09 6.984708473179558397e-12
3.971641173621406340e-01 1.829053961201805818e-09 6.999519472859909824e-12
4.017630610928087931e-01 1.829567583856536764e-09 6.993222011979737235e-12
4.064152580820497018e-01 1.827455446669414558e-09 6.986314307096170837e-12
4.111213249735355402e-01 1.827118913713396264e-09 7.562631665152190862e-12
4.158818855513353729e-01 1.827532560074688851e-09 6.982720433190277743e-12
4.206975708225977328e-01 1.826019681007412813e-09 6.734224013128251602e-12
4.255690191011883283e-01 1.752077171502647016e-09 6.971819884831653890e-12
4.304968760923003068e-01 1.823483305704810339e-09 6.991971183542571678e-12
4.354817949780401820e-01 1.823355713904671873e-09 6.983970256755181701e-12
4.405244365040072996e-01 1.823683903533676550e-09 6.590057446815856316e-12
4.456254690668728924e-01 1.821267619717429731e-09 6.982206728309318319e-12
4.507855688029784313e-01 1.821839600268523573e-09 6.986134684664795759e-12
4.560054196779547708e-01 1.819241336030865223e-09 7.021518565985681881e-12
4.612857135773818507e-01 1.821348970024076006e-09 6.991655636905320575e-12
4.666271503984956714e-01 1.819372837451557170e-09 6.969109383963048026e-12
4.720304381429616947e-01 1.807418552653472261e-09 6.982192738918765933e-12
4.774962930107178871e-01 1.817373373259329449e-09 6.986613006841387460e-12
4.830254394949065055e-01 1.815087790492193003e-09 7.244514647233574468e-12
4.886186104779055572e-01 1.814807426100835811e-09 6.977285265782900663e-12
4.942765473284694844e-01 1.816701911521683907e-09 6.917913127624892218e-12
5.000000000000000000e-01 1.810820728181801493e-09 7.000831969968583145e-12
5.235642740254498051e-01 1.810868253738291439e-09 6.990965259620347745e-12
5.482390980715924345e-01 1.664540027782049451e-09 6.985914502745080692e-12
5.740768107484414129e-01 1.798347673203044399e-09 6.961186573333390392e-12
6.011322173087064735e-01 1.802213467116221813e-09 6.979369020262783301e-12
6.294627058970836408e-01 1.801569917541418286e-09 6.940492760352987717e-12
6.591283692782035075e-01 1.796518262745353330e-09 6.982696795687793461e-12
6.901921323014423848e-01 1.793130672572477811e-09 6.981824954612753966e-12
7.227198853729637218e-01 1.790891980815767109e-09 6.984090478562213577e-12
7.567806242181041032e-01 1.786958451407063713e-09 6.984677767695571513e-12
7.924465962305567990e-01 1.783972394305664399e-09 6.982314221052827784e-12
8.297934537187802162e-01 1.782377120365373114e-09 6.985230693184409511e-12
8.689004143746876796e-01 1.782871112602621691e-09 6.976150123903198481e-12
9.098504293049917147e-01 1.774257251288203507e-09 6.899413550707323446e-12
9.527303589816235041e-01 1.771798508710527172e-09 6.983208827990721403e-12
9.976311574844397567e-01 1.770017876060641173e-09 6.986083196116522617e-12
1.044648065427019823e+00 1.765986790546149090e-09 6.954822063128294187e-12
1.093880811974776268e+00 1.759478118566609434e-09 6.871711562395641252e-12
1.145433826383886577e+00 1.759339147530008276e-09 6.940666431031887568e-12
1.199416459509745181e+00 1.757235691090784312e-09 6.985505892354225250e-12
1.255943215754790065e+00 1.750757314473688337e-09 7.000580733945147359e-12
1.315133995947690870e+00 1.777095102302308843e-09 6.979919046912341433e-12
1.377114351669083137e+00 1.751704867254853114e-09 6.977831327833997441e-12
1.442015751563302972e+00 1.745859547122310684e-09 6.973363236690667118e-12
1.509975860201008047e+00 1.741440550971529942e-09 7.015198361287676845e-12
1.581138830084189983e+00 1.738959293366938079e-09 7.040945241665006128e-12
1.655655607412955366e+00 1.735663933393436615e-09 6.988358662626241531e-12
1.733684252262658321e+00 1.730647226553830615e-09 6.971705778324385135e-12
1.815390273850506997e+00 9.449679850116641915e-10 6.974239037402695840e-12
1.900946981602805952e+00 1.733503813737530062e-09 6.968624532170968109e-12
1.990535852767486347e+00 1.723932936514506497e-09 6.979886297921490953e-12
2.084346917351676876e+00 1.609237911722005071e-09 6.971704291898703272e-12
2.182579161200830065e+00 1.717807332086894777e-09 6.991143397162377083e-12
2.285440948074375367e+00 1.713763644758301225e-09 6.974502058815414633e-12
2.393150461613192004e+00 1.709336649018970184e-09 6.967691316055185236e-12
2.505936168136361886e+00 1.708701949307263228e-09 6.982995296311959648e-12
2.624037301248862697e+00 1.706205238282285154e-09 7.006022207776557307e-12
2.747704369288122894e+00 1.702078888471691171e-09 6.990089473977858264e-12
2.877199686685784741e+00 1.698299739495022261e-09 6.980675047860651703e-12
3.012797930371788890e+00 1.695747992186833931e-09 6.986970868825448284e-12
3.154786722400966692e+00 3.190496635644726590e-09 6.979501964115988828e-12
3.303467240037980091e+00 1.691107321826771740e-09 6.976493179236483568e-12
3.459154854594682860e+00 1.688772508620061283e-09 6.978486355001800411e-12
3.622179800374950798e+00 1.686028204755697567e-09 9.491324985989556128e-13
3.792887875145918741e+00 1.681208184904297590e-09 6.977469536423274072e-12
3.971641173621408338e+00 1.679895841297593509e-09 6.991146466979686000e-12
4.158818855513356283e+00 1.673514850578662717e-09 6.971371558264524368e-12
4.354817949780404263e+00 1.673517310614408291e-09 6.976903479070309291e-12
4.560054196779547375e+00 1.670742638554553099e-09 6.976192830346830047e-12
4.774962930107179204e+00 1.667233672448097118e-09 6.993740870412046918e-12
5.000000000000000888e+00 1.666428967923316301e-09 6.979034234102396046e-12
6.294627058970836408e+00 1.653166674510934596e-09 6.568297424127975455e-12
7.924465962305567324e+00 1.612579267180394909e-09 6.881812302297402720e-12
9.976311574844396901e+00 1.622414929265327984e-09 6.972912717642729263e-12
1.255943215754790288e+01 1.596011184097111225e-09 7.157555209497057011e-12
1.581138830084189451e+01 1.589066567974053110e-09 6.983531951319805993e-12
1.990535852767486347e+01 1.577886306783810439e-09 6.936815180780158753e-12
2.505936168136362596e+01 1.562032233118531748e-09 6.925801699032405888e-12
3.154786722400966070e+01 1.551723436350336153e-09 6.930161745656899733e-12
3.971641173621406296e+01 1.533974017993420459e-09 6.969159734788310114e-12
4.999999999999999289e+01 1.516247497156863024e-09 6.973535956381335196e-12
