2.393150461613189841e-05 9.572573315259742718e-11 6.861278412691575024e-13
2.448894096842227708e-05 2.818536602286203984e-11 7.637751323515511503e-13
2.505936168136362570e-05 6.487411589387398348e-11 8.446900176731194091e-13
2.564306919956823707e-05 1.265237379884777803e-10 9.279444829668052270e-13
2.624037301248861295e-05 2.056146766016668915e-10 1.012207203293567824e-12
2.685158981851265889e-05 2.968110859392850470e-10 1.096182699697724277e-12
2.747704369288124057e-05 3.957002750864630421e-10 1.178319190250483485e-12
2.811706625951745350e-05 4.985752951740452925e-10 1.256851963790104046e-12
2.877199686685782864e-05 6.015080201489268317e-10 1.329812441405481724e-12
2.944218276777941324e-05 7.004979092162102902e-10 1.394995737950648216e-12
3.012797930371789620e-05 7.936958148614156377e-10 1.450887968172095323e-12
3.082975009307410534e-05 8.774483595058090483e-10 1.495049134558153238e-12
3.154786722400964650e-05 9.499223550931171790e-10 1.525187648890480736e-12
3.228271145173280656e-05 1.008077687129279967e-09 1.540666178221187870e-12
3.303467240037981687e-05 1.050573483738724449e-09 1.539767303011367244e-12
3.380414876959908759e-05 1.076609706882540958e-09 1.521643442177168507e-12
3.459154854594680595e-05 1.086575131758142410e-09 1.486180949199391532e-12
3.539728921920685885e-05 1.080662857601034146e-09 1.434322075235565607e-12
3.622179800374952406e-05 1.059444794549516582e-09 1.367306073210004695e-12
3.706551206504588155e-05 1.025872568480140583e-09 1.287935753535807594e-12
3.792887875145917236e-05 9.821393640939155037e-10 1.199878046224875536e-12
3.881235583143463039e-05 9.314976477389535094e-10 1.107589379276343398e-12
3.971641173621410364e-05 8.776090231468878823e-10 1.016935618590110998e-12
4.064152580820497269e-05 8.241559494321340232e-10 9.342484519138141148e-13
4.158818855513353842e-05 7.753102037385300928e-10 8.667088655742909618e-13
4.255690191011879072e-05 7.340980706043696538e-10 8.212123888470628768e-13
4.354817949780397373e-05 7.042445676113488173e-10 8.050303148856401133e-13
4.456254690668728712e-05 6.871819211948080810e-10 8.240103963101775777e-13
4.560054196779547508e-05 6.851912886098218023e-10 8.826483919929035507e-13
4.666271503984951611e-05 6.981053053044195819e-10 9.832760436795910616e-13
4.774962930107184414e-05 7.245057724653158516e-10 1.125686914074569050e-12
4.886186104779054808e-05 7.628725158224661055e-10 1.306065768928594563e-12
4.999999999999999562e-05 8.096220552600635121e-10 1.517182261126593111e-12
5.057897271299489764e-05 8.348273459007845521e-10 1.630882497683243651e-12
5.116464961403766531e-05 8.610139999601852542e-10 1.748213026861833116e-12
5.175710833396715576e-05 8.865258076869156514e-10 1.866996575774635724e-12
5.235642740254491996e-05 9.119925882868952302e-10 1.985193744064544198e-12
5.296268625886447188e-05 9.361083037193864629e-10 2.100418017750527034e-12
5.357596526188034176e-05 9.587220489224628416e-10 2.210668418989250689e-12
5.419634570106018624e-05 9.792360162854408981e-10 2.314113365190305224e-12
5.482390980715925750e-05 9.970179935862720237e-10 2.408080578064707706e-12
5.545874076312003680e-05 1.012178281931261283e-09 2.490025563286669267e-12
5.610092271509814368e-05 1.024129722977378353e-09 2.559104500679530937e-12
5.675054078361571342e-05 1.033202325950094716e-09 2.612521209698172610e-12
5.740768107484407919e-05 1.038683564586680837e-09 2.649154148178799362e-12
5.807243069201718186e-05 1.041130647961562792e-09 2.667897196962603263e-12
5.874487774697651393e-05 1.040664347417037075e-09 2.667781259646163566e-12
5.942511137185094486e-05 1.037508196401662089e-09 2.649478495124714678e-12
6.011322173087064877e-05 1.032110501685025452e-09 2.612339242634456392e-12
6.080930003231839372e-05 1.024920563058696176e-09 2.558262507470660574e-12
6.151343854061905325e-05 1.016396946325925506e-09 2.488517667108464164e-12
6.222573058856921034e-05 1.007660809290649304e-09 2.404712495545590788e-12
6.294627058970830402e-05 9.984381542726855942e-10 2.310114300536233359e-12
6.367515405083314138e-05 9.901204877112898867e-10 2.207576664823351484e-12
6.441247758465673719e-05 9.830684649393123274e-10 2.101383024994626767e-12
6.515833892261499124e-05 9.780543919441807672e-10 1.994683378317519391e-12
6.591283692782035650e-05 9.756010885716914348e-10 1.893204074745833389e-12
6.667607160816619769e-05 9.758061213243445411e-10 1.800424952464496935e-12
6.744814412958265366e-05 9.791476502060618062e-10 1.720871589326202974e-12
6.822915682944618535e-05 9.861289168733500659e-10 1.659007159948953578e-12
6.901921323014417829e-05 9.963361466036066490e-10 1.618731727199949742e-12
6.981841805279680852e-05 1.009445687359346761e-09 1.602929615193776769e-12
7.062687723113775782e-05 1.026243728779178025e-09 1.613963198516729201e-12
7.144469792555517389e-05 1.044417062441638574e-09 1.653704106297968255e-12
7.227198853729638578e-05 1.065190498545587844e-09 1.722047209364165290e-12
7.310885872283590017e-05 1.087175271750017409e-09 1.818189258796649924e-12
7.395541940841035122e-05 1.109420204930043127e-09 1.939998710770422972e-12
7.481178280472162371e-05 1.131264407352839729e-09 2.083907310252564631e-12
7.567806242181034505e-05 1.152279222601304268e-09 2.245372756055585828e-12
7.655437308410142656e-05 1.171155341041028556e-09 2.418312476430301743e-12
7.744083094562412067e-05 1.187611064855697810e-09 2.596252266984776647e-12
7.833755350540750207e-05 1.201066200130312481e-09 2.771454482548266668e-12
7.924465962305569597e-05 1.211096383747314796e-09 2.936715092235615896e-12
8.016226953450208102e-05 1.217829006595475411e-09 3.083807019216514577e-12
8.109050486794647857e-05 1.220930516551406563e-09 3.206268965333651012e-12
8.202948865997692718e-05 1.220912598263107736e-09 3.297724757078855499e-12
8.297934537187796715e-05 1.217914439617858392e-09 3.352663976170463239e-12
8.394020090612794207e-05 1.213226135922806833e-09 3.368824715749257607e-12
8.491218262308729617e-05 1.207373084750228192e-09 3.345109553714682554e-12
8.589541935787945305e-05 1.201186713053543116e-09 3.283923105792803363e-12
8.689004143746880239e-05 1.195557379998580628e-09 3.187866553769385971e-12
8.789618069793464267e-05 1.192006891081164665e-09 3.062256695016018738e-12
8.891397050194613488e-05 1.190424482495575175e-09 2.918262231754307950e-12
8.994354575643935166e-05 1.192344419520221475e-09 2.764989441070525107e-12
9.098504293049911853e-05 1.197340266698179841e-09 2.609061893312118407e-12
9.203860007344770748e-05 1.206437701271626528e-09 2.469098267890672092e-12
9.310435683314326931e-05 1.218861766662833593e-09 2.355038793578712565e-12
9.418245447449009216e-05 1.234678779634922456e-09 2.275457590897970210e-12
9.527303589816240703e-05 1.252829272807436689e-09 2.239677869358026406e-12
9.637624565954682279e-05 1.272306407472470908e-09 2.254001895153549371e-12
9.749222998790227921e-05 1.292297350819224125e-09 2.319877110364650167e-12
9.862113680574264088e-05 1.311900492391675591e-09 2.435398723274754459e-12
9.976311574844392432e-05 1.329607906245340468e-09 2.594842087519712457e-12
1.009183181840780691e-04 1.344489173688297436e-09 2.788356892521251947e-12
1.020868972334764650e-04 1.355961062660775029e-09 3.001521876642538146e-12
1.032690077905264468e-04 1.363700041144899164e-09 3.218131076118715689e-12
1.044648065427019234e-04 1.367579463394705621e-09 3.427075128173837471e-12
1.056744519918323541e-04 1.367816598457830408e-09 3.606744836946682413e-12
1.068981044751116051e-04 1.365312904728093872e-09 3.737122320838329396e-12
1.081359261863509960e-04 1.360482973812379114e-09 3.813419734249904351e-12
1.093880811974775648e-04 1.355413605202804015e-09 3.827497165289016722e-12
1.106547354802819166e-04 1.351354275725483936e-09 3.777189025723982385e-12
1.119360569284169843e-04 1.349009752566481500e-09 3.668537190887670164e-12
1.132322153796529580e-04 1.349594997427579169e-09 3.512495168070631944e-12
1.145433826383886162e-04 1.354399607513319837e-09 3.328076331522972626e-12
1.158697324984239751e-04 1.363095870275240817e-09 3.139800011982062977e-12
1.172114407659961160e-04 1.375686892678421198e-09 2.961459634777435158e-12
1.185686852830827555e-04 1.391260617352688358e-09 2.822142933383170971e-12
1.199416459509744813e-04 1.408967104339387272e-09 2.742228427187240042e-12
1.213305047541206945e-04 1.427286650840352541e-09 2.734151493627808572e-12
1.227354457842515364e-04 1.444657264459662845e-09 2.802670590260519554e-12
1.241566552647784948e-04 1.459873462129778683e-09 2.943547618716898187e-12
1.255943215754789502e-04 1.472735776299900189e-09 3.145117921221838664e-12
1.270486352774653110e-04 1.480429681283543028e-09 3.380444455188997108e-12
1.285197891384432108e-04 1.482877019719346007e-09 3.628553895534873149e-12
1.300079781582635788e-04 1.481030932512939349e-09 3.857506143654664389e-12
1.315133995947690435e-04 1.479318302636721635e-09 4.033707803480808458e-12
1.330362529899404168e-04 1.472307177322034723e-09 4.134553223024020039e-12
1.345767401963458062e-04 1.468368201582178355e-09 4.147232509031410888e-12
1.361350654038956073e-04 1.467035496657225983e-09 4.070203870244157359e-12
1.377114351669082826e-04 1.469103644668927192e-09 3.919183927227563575e-12
1.393060584314884456e-04 1.476224280183930160e-09 3.714530871785708644e-12
1.409191465632227234e-04 1.487754378831128268e-09 3.493927166921490213e-12
1.425509133751954596e-04 1.502024255175793232e-09 3.296503175686680425e-12
1.442015751563302745e-04 1.518555913623351097e-09 3.160303131446186162e-12
1.458713507000582675e-04 1.535593241979575169e-09 3.110601565371220835e-12
1.475604613333193413e-04 1.550177695737623718e-09 3.163407586190219649e-12
1.492691309458980017e-04 1.561462650037726591e-09 3.314766583088127664e-12
1.509975860201007907e-04 1.569449070253822839e-09 3.543477908288360403e-12
1.527460556607755941e-04 1.572051485806964590e-09 3.809851776289708853e-12
1.545147716256795760e-04 1.569862071734156768e-09 4.067510310721569439e-12
1.563039683561977700e-04 1.565085198455113172e-09 4.272427546514080762e-12
1.581138830084189426e-04 1.562340553156754248e-09 4.382150688813385760e-12
1.599447554845698401e-04 1.560556378644251017e-09 4.373893296558848218e-12
1.617968284648140247e-04 1.561667262773433445e-09 4.253810856122116500e-12
1.636703474394191234e-04 1.568715470445918407e-09 4.050261922129199457e-12
1.655655607412955237e-04 1.579468615284995628e-09 3.809515071103821485e-12
1.674827195789137821e-04 1.594796586995180628e-09 3.592939089081075481e-12
1.694220780696013395e-04 1.610715029345472438e-09 3.446446667765363878e-12
1.713838932732252138e-04 1.625075783819673316e-09 3.420227965509923945e-12
1.733684252262658175e-04 1.635961647733441900e-09 3.523245958380545683e-12
1.753759369762839622e-04 1.641978608102383735e-09 3.737445291875490292e-12
1.774066946167876340e-04 1.643089443589387465e-09 3.973837203039857609e-12
1.794609673225026631e-04 1.639918067067819619e-09 4.290659735986340729e-12
1.815390273850506729e-04 1.636194351774057831e-09 4.495524595609241745e-12
1.836411502490422785e-04 1.634546605446749061e-09 4.573952893653947052e-12
1.857676145485863753e-04 1.634817188124892435e-09 4.508773612630068545e-12
1.879187021442221307e-04 1.641254647976847875e-09 4.320897116990427347e-12
1.900946981602805912e-04 1.651996209254674859e-09 4.067513613249085521e-12
1.922958910226767713e-04 1.666306623389869743e-09 3.828293709472930691e-12
1.945225724971402217e-04 1.680038694527271655e-09 3.681278180587251222e-12
1.967750377278886019e-04 1.692625460893505419e-09 3.679776804532579048e-12
1.990535852767486491e-04 1.698441478495113988e-09 3.835254314192877535e-12
2.013585171627295032e-04 1.700918527095356749e-09 4.099127153691290347e-12
2.036901389020562758e-04 1.698477107990152386e-09 4.394966656571217992e-12
2.060487595486651640e-04 1.694928723560297795e-09 4.620964834617640786e-12
2.084346917351677527e-04 1.693045536460724783e-09 4.719977222396748574e-12
2.108482517142911186e-04 1.695929621400056455e-09 4.639169840148801775e-12
2.132897594007962582e-04 1.704357103734900586e-09 4.422024198260946239e-12
2.157595384138824807e-04 1.715944638154832570e-09 4.151035433729102744e-12
2.182579161200830003e-04 1.728027641631829560e-09 3.937374335819506545e-12
2.207852236766562250e-04 1.740798575007965115e-09 3.865856035095107657e-12
2.233417960754814700e-04 1.747708597166029306e-09 3.980768128541090266e-12
2.259279721874612925e-04 1.750784649281121587e-09 4.249315248835840624e-12
2.285440948074375753e-04 1.746480366713930868e-09 4.543570456236687417e-12
2.311905106996301417e-04 1.742678013726283482e-09 4.777646888916706100e-12
2.338675706435990400e-04 1.741626917029421584e-09 4.835393889873006977e-12
2.365756294807400931e-04 1.751712035810827883e-09 4.686580323800803585e-12
2.393150461613192145e-04 1.757921949316924038e-09 4.439310130600267671e-12
2.420861837920496669e-04 1.771053094603538158e-09 4.163875219207994407e-12
2.448894096842230486e-04 1.782370407516283385e-09 4.039493963330809678e-12
2.477250954023952571e-04 1.790001803713702403e-09 4.117730324869644989e-12
2.505936168136362096e-04 1.790636647348052441e-09 4.372599859497470580e-12
2.534953541373522129e-04 1.785451564842304959e-09 4.703462693686312317e-12
2.564306919956823639e-04 1.784194939187113173e-09 4.900321802435061895e-12
2.594000194644804458e-04 1.785703246492285138e-09 4.905859686163701515e-12
2.624037301248860888e-04 1.796190577696555811e-09 4.705126229346988415e-12
2.654422221154941939e-04 1.803757042594311403e-09 4.415586567714896966e-12
2.685158981851263043e-04 1.818115684363440713e-09 4.208462849258771503e-12
2.716251657462165044e-04 1.821106129380444883e-09 4.213806758327070855e-12
2.747704369288123854e-04 1.828026259043713483e-09 4.440337605465070698e-12
2.779521286352018127e-04 1.820868989966386677e-09 4.758558275750957701e-12
2.811706625951744943e-04 1.819602283395094815e-09 4.997991672839146099e-12
2.844264654219206255e-04 1.820392076002322869e-09 4.978970532252743479e-12
2.877199686685782661e-04 1.828407376789600796e-09 4.745404385271511678e-12
2.910516088854357393e-04 1.843401520377438804e-09 4.457863003814519833e-12
2.944218276777944713e-04 1.851912993526217546e-09 4.296642266120219615e-12
2.978310717645051204e-04 1.854038294624861489e-09 4.416488568663809312e-12
3.012797930371790027e-04 1.849449108833789305e-09 4.719929342117338420e-12
3.047684486200846234e-04 1.847682025675595213e-09 5.009033987984655938e-12
3.082975009307410805e-04 1.859275297315023602e-09 5.074586439151634974e-12
3.118674177412095313e-04 1.847525100137181926e-09 4.870339418521696428e-12
3.154786722400964379e-04 1.866528571895640509e-09 4.570806275966073708e-12
3.191317430952743915e-04 1.877458093448821016e-09 4.413754504260376803e-12
3.228271145173277810e-04 1.874035567826716724e-09 4.533754767078046515e-12
3.265652763237360972e-04 1.887731958679352901e-09 4.826737217922302298e-12
3.303467240037981823e-04 1.889411705250804510e-09 5.119098830416221935e-12
3.341719587843073962e-04 1.877070672357384404e-09 5.103341194680703826e-12
3.380414876959908759e-04 1.884489544196331079e-09 4.829633511344315491e-12
3.419558236407145655e-04 1.897616692498598145e-09 4.555359158466602720e-12
3.459154854594680595e-04 1.894684303339868325e-09 4.546734688339082475e-12
3.499209980011365223e-04 1.899605542075987802e-09 4.802849639973863427e-12
3.539728921920689544e-04 1.892746145056036312e-09 5.125594317576311533e-12
3.580717051064509363e-04 1.903425226236418749e-09 5.169377214861004839e-12
3.622179800374948611e-04 1.913554157798004467e-09 4.926303126736647428e-12
3.664122665694521551e-04 1.909866036427387787e-09 4.648486887223454232e-12
3.706551206504588155e-04 1.887935155654267215e-09 4.626875733444487881e-12
3.749471046662278739e-04 1.914597227705108419e-09 4.912119020978558173e-12
3.792887875145917642e-04 1.907458556773777384e-09 5.197403281468943281e-12
3.836807446809092350e-04 1.872424502174269696e-09 5.182191828368921244e-12
3.881235583143459109e-04 1.928041924325922336e-09 4.974472349067233549e-12
3.926178173050359310e-04 1.934274279424887604e-09 4.672026395970257347e-12
3.971641173621406028e-04 1.918470582081613652e-09 4.789657998340128074e-12
4.017630610928087857e-04 1.925437056359746099e-09 5.123810587590052515e-12
4.064152580820496862e-04 1.899648919010843256e-09 5.291864810990269752e-12
4.111213249735355723e-04 1.916130532827851096e-09 5.064341990488169913e-12
4.158818855513353842e-04 1.959610192782185839e-09 4.783043660321471099e-12
4.206975708225973477e-04 1.951508775466200273e-09 4.808459635064523886e-12
4.255690191011882867e-04 1.947936472175268277e-09 5.109532304013837028e-12
4.304968760923003155e-04 1.941470958904319097e-09 5.324889637675640711e-12
4.354817949780401981e-04 1.959189005815289216e-09 5.123503592957320234e-12
4.405244365040072280e-04 1.948957723960082966e-09 4.824139463654125944e-12
4.456254690668729119e-04 1.930417169747808809e-09 4.864397674329274081e-12
4.507855688029784470e-04 1.964133312842051116e-09 5.153054838627721931e-12
4.560054196779547643e-04 1.957464006003710401e-09 5.327890320653025745e-12
4.612857135773813463e-04 1.943035020785764597e-09 5.095601253546093531e-12
4.666271503984952018e-04 1.967676344189780856e-09 4.851330798691526838e-12
4.720304381429617636e-04 1.985241482003093166e-09 4.993394521803664433e-12
4.774962930107179535e-04 1.970081146136479075e-09 5.338299506327800921e-12
4.830254394949064418e-04 1.977820677204020580e-09 5.260115420708345645e-12
4.886186104779055486e-04 1.981901931494026394e-09 4.968117207454712874e-12
4.942765473284694211e-04 1.984746367895559833e-09 4.935720649213572035e-12
4.999999999999999020e-04 1.985493532211773160e-09 5.271165604862210383e-12
5.057897271299491120e-04 1.970009734582744520e-09 5.384647787863144423e-12
5.116464961403767615e-04 1.989019299947907481e-09 5.109749927734857085e-12
5.175710833396719507e-04 1.993671669344126422e-09 4.946182601328404121e-12
5.235642740254497010e-04 1.991885544890715525e-09 5.226856302756015238e-12
5.296268625886442309e-04 1.999020797847890944e-09 5.423748115432247742e-12
5.357596526188034176e-04 1.995514677828562830e-09 5.185516911021548887e-12
5.419634570106019031e-04 1.995005915218712986e-09 4.975874016620556777e-12
5.482390980715924666e-04 2.002703388065964591e-09 5.396930847289217044e-12
5.545874076312003274e-04 2.000903622749541722e-09 5.545632902702415749e-12
5.610092271509814097e-04 2.009440517286395414e-09 5.181055228109183917e-12
5.675054078361570394e-04 2.005094971149693539e-09 5.019065271038031086e-12
5.740768107484413340e-04 2.025429064862441908e-09 5.319268960416031557e-12
5.807243069201712630e-04 2.017279546306196590e-09 5.475095487735061249e-12
5.874487774697650716e-04 2.013021507087604647e-09 5.159912257142602059e-12
5.942511137185093944e-04 2.025331397278661094e-09 5.130734847830277246e-12
6.011322173087065013e-04 2.009673364426440973e-09 5.414375487872537448e-12
6.080930003231838424e-04 2.003085021047106950e-09 5.322766044079397906e-12
6.151343854061905054e-04 2.013399684469157916e-09 5.095459766955410908e-12
6.222573058856920762e-04 2.020103927329023064e-09 5.301678949328528346e-12
6.294627058970836365e-04 2.012839466615990637e-09 5.431607570478011123e-12
6.367515405083307633e-04 2.053932052589912002e-09 5.158686047984766536e-12
6.441247758465673719e-04 2.027289097785597029e-09 5.254465698184016920e-12
6.515833892261499666e-04 2.026608156893068640e-09 5.520349982356542072e-12
6.591283692782036463e-04 2.030126812617753623e-09 5.293967407086157851e-12
6.667607160816619227e-04 2.029718291310434343e-09 5.202544781074454237e-12
6.744814412958265908e-04 2.031827144391728190e-09 5.393576327343101393e-12
6.822915682944618535e-04 2.033315429339974677e-09 5.348070417752989565e-12
6.901921323014425418e-04 2.044689112252170303e-09 5.200456969466716764e-12
6.981841805279687899e-04 2.034912017503933966e-09 5.511706060557319779e-12
7.062687723113776324e-04 2.030544212965443156e-09 5.432926148427157418e-12
7.144469792555517389e-04 2.044265248026405943e-09 5.239883465493563874e-12
7.227198853729638849e-04 2.054161283684884263e-09 5.472195817838764688e-12
7.310885872283591101e-04 2.045514902945561843e-09 5.432844592541437556e-12
7.395541940841035122e-04 2.047982201340033908e-09 5.229235866738592685e-12
7.481178280472162642e-04 2.049451937274898293e-09 5.498387403843323539e-12
7.567806242181033963e-04 2.025213489409718864e-09 5.465263840855755295e-12
7.655437308410150245e-04 2.037003606855111061e-09 5.267958207798134428e-12
7.744083094562404478e-04 2.062632425091954244e-09 5.610667360260343923e-12
7.833755350540748310e-04 2.051359944336503024e-09 5.309022092131655995e-12
7.924465962305569326e-04 2.052822723287119045e-09 5.302067386876685028e-12
8.016226953450208102e-04 2.057640286799050280e-09 5.551793615970275287e-12
8.109050486794647586e-04 2.070122335118105719e-09 5.294630489293316165e-12
8.202948865997692447e-04 2.047495961085198932e-09 5.610241900950535153e-12
8.297934537187797799e-04 2.061025906041174846e-09 5.481078480452994958e-12
8.394020090612802068e-04 2.064620959446943720e-09 5.290734894846523032e-12
8.491218262308720130e-04 2.040401228014456342e-09 5.678973763330830360e-12
8.589541935787945847e-04 2.064431922967415266e-09 5.410883289996838562e-12
8.689004143746880239e-04 2.073846341107813692e-09 5.554206745056229619e-12
8.789618069793464538e-04 2.072696572119348719e-09 5.511114304131082140e-12
8.891397050194613759e-04 2.067315783933515201e-09 5.371533158416477545e-12
8.994354575643935708e-04 2.056533694948713303e-09 5.597917205983024876e-12
9.098504293049911040e-04 2.070941080488241432e-09 5.426642872721384016e-12
9.203860007344779421e-04 2.069528222175245872e-09 5.599193600800810346e-12
9.310435683314336689e-04 2.084720763492245174e-09 5.429669000766005249e-12
9.418245447449009487e-04 2.064212192827254410e-09 5.539799653165906246e-12
9.527303589816240974e-04 2.067716605567244527e-09 5.540734644707701892e-12
9.637624565954680924e-04 2.057282496507993893e-09 5.443827653356160627e-12
9.749222998790225752e-04 2.072433922071835699e-09 5.658484974057340432e-12
9.862113680574266256e-04 2.088967872393231516e-09 5.379722511722500568e-12
9.976311574844392432e-04 2.074866612251627696e-09 5.654834561386071913e-12
1.009183181840779715e-03 2.075697801102257353e-09 5.405717914193229948e-12
1.020868972334764650e-03 2.078483256702906145e-09 5.654479915061977382e-12
1.032690077905264441e-03 2.088184790256646182e-09 5.407304033334457880e-12
1.044648065427020373e-03 2.065100405518287671e-09 5.682493144675316980e-12
1.056744519918323758e-03 2.078357448061948768e-09 5.440247494968010058e-12
1.068981044751116105e-03 2.073464193766932373e-09 5.667481876742607292e-12
1.081359261863509879e-03 2.083021791944877831e-09 5.487236533390120787e-12
1.093880811974775810e-03 2.098579020067081642e-09 5.692598939691913099e-12
1.106547354802818028e-03 2.085368832549937851e-09 5.456023905056380035e-12
1.119360569284169951e-03 2.096915925309957166e-09 5.675576516537209613e-12
1.132322153796529608e-03 2.093079567418140511e-09 5.454343369454627511e-12
1.145433826383887273e-03 2.077246908861809532e-09 5.649976987727062291e-12
1.158697324984239805e-03 2.080241660972394440e-09 5.511378924817487196e-12
1.172114407659961268e-03 2.087748771004570791e-09 5.653980476229043350e-12
1.185686852830827474e-03 2.090383900664243790e-09 5.557169098186862631e-12
1.199416459509744732e-03 2.088348692392421695e-09 5.621777393508650884e-12
1.213305047541207108e-03 2.086999036772342691e-09 5.673386382938127454e-12
1.227354457842515364e-03 2.088617269025235693e-09 5.522566040177773574e-12
1.241566552647785111e-03 2.084283230292913215e-09 5.720473397602023703e-12
1.255943215754791020e-03 2.100295183675855305e-09 5.516736155302189333e-12
1.270486352774653164e-03 2.088159782851904726e-09 5.684145071719443850e-12
1.285197891384432054e-03 2.100624938180499831e-09 5.608358108309493188e-12
1.300079781582635843e-03 2.089433221187090788e-09 5.537293130714464083e-12
1.315133995947690652e-03 2.094716008278862748e-09 5.708025973621953412e-12
1.330362529899404168e-03 2.094557799925898653e-09 5.545105588590259050e-12
1.345767401963456761e-03 2.094515939057885153e-09 5.657060524047331918e-12
1.361350654038956127e-03 2.092066963484615683e-09 5.671415992353309565e-12
1.377114351669082772e-03 2.089115731588406519e-09 5.519814615458696532e-12
1.393060584314885974e-03 2.100863672977721303e-09 5.707633115442828077e-12
1.409191465632227396e-03 2.078562687709911695e-09 5.641849839426794194e-12
1.425509133751954758e-03 2.103341162755516562e-09 5.569843677058447966e-12
1.442015751563302745e-03 2.100907494829305950e-09 5.721248002674705210e-12
1.458713507000582730e-03 2.092111607610215718e-09 5.664216548561403566e-12
1.475604613333191895e-03 2.100994521388425629e-09 5.571194154678444875e-12
1.492691309458979909e-03 2.106613770997946332e-09 5.717375744056299756e-12
1.509975860201007852e-03 2.105184836407348234e-09 5.722003025002165879e-12
1.527460556607757730e-03 2.093616310623279305e-09 5.583934534827260909e-12
1.545147716256796032e-03 2.111302054203264279e-09 5.650289512310839657e-12
1.563039683561977646e-03 2.105515468600273782e-09 5.747124969199795707e-12
1.581138830084189697e-03 2.096804724530315572e-09 5.670913139746126467e-12
1.599447554845698618e-03 2.102087445665053852e-09 5.598220522265560463e-12
1.617968284648140355e-03 2.111508730644372259e-09 5.677683047833354109e-12
1.636703474394191234e-03 2.101495519370412291e-09 5.783482128204598188e-12
1.655655607412955237e-03 2.107989383491929313e-09 5.714267907422098215e-12
1.674827195789139501e-03 2.098916598399730781e-09 5.626300147048140607e-12
1.694220780696013232e-03 2.103211024245790092e-09 5.633969856283662971e-12
1.713838932732252192e-03 2.101168095815096317e-09 5.730142390274346227e-12
1.733684252262658121e-03 2.102314795374736713e-09 5.777454445080041928e-12
1.753759369762839622e-03 2.096372896427644298e-09 5.708582236708184565e-12
1.774066946167876394e-03 2.102629461915509879e-09 5.622996220149400784e-12
1.794609673225024734e-03 2.109497101848810822e-09 5.646238489186508902e-12
1.815390273850506784e-03 2.108479943787644602e-09 5.671138865093946470e-12
1.836411502490423002e-03 2.111742133727433176e-09 5.750989282042966620e-12
1.857676145485863753e-03 2.108393703874477941e-09 5.786235826232168931e-12
1.879187021442221307e-03 2.099305273709626374e-09 5.771888395874238221e-12
1.900946981602806129e-03 2.111526973233436599e-09 5.725481329772681796e-12
1.922958910226767659e-03 2.107526229543890975e-09 5.670096954549045951e-12
1.945225724971402217e-03 2.102373887692282112e-09 5.663275329151139064e-12
1.967750377278885965e-03 2.100674693418134820e-09 5.656384827662129880e-12
1.990535852767486274e-03 2.104769303261539392e-09 5.691191442143204015e-12
2.013585171627295303e-03 2.104160600221526501e-09 5.696692298248679059e-12
2.036901389020564709e-03 2.105678803774531574e-09 5.713845018108769110e-12
2.060487595486651911e-03 2.110178989881588780e-09 5.723074902958153138e-12
2.084346917351677202e-03 2.106118816404242029e-09 5.748559403452604167e-12
2.108482517142911024e-03 2.109471325825366775e-09 5.739482344707260051e-12
2.132897594007962527e-03 2.104493736420713959e-09 5.763291640241668641e-12
2.157595384138824915e-03 2.106376161543323990e-09 5.758082840017432166e-12
2.182579161200830058e-03 2.108313231884588179e-09 5.758527415767163714e-12
2.207852236766562250e-03 2.112952595434651471e-09 5.738259409688397640e-12
2.233417960754816977e-03 2.108291750650075976e-09 5.727750517327178060e-12
2.259279721874612925e-03 2.105874731511551042e-09 5.716344664306844500e-12
2.285440948074375644e-03 2.107230779847664487e-09 5.705612995586309326e-12
2.311905106996301525e-03 2.105689337570705321e-09 5.696499384929097070e-12
2.338675706435990129e-03 2.105072318020879028e-09 5.705448549092426216e-12
2.365756294807401256e-03 2.106564600392027394e-09 5.725518373031050329e-12
2.393150461613189652e-03 2.107237916688554981e-09 5.778178605233944454e-12
2.420861837920496723e-03 2.102749600209769570e-09 5.816557419793882476e-12
2.448894096842230486e-03 2.103377652913322988e-09 5.817837593195598958e-12
2.477250954023952571e-03 2.108671421506767840e-09 5.792401753277446740e-12
2.505936168136362312e-03 2.099350023040265821e-09 5.723961596659356670e-12
2.534953541373521912e-03 2.107204898518456485e-09 5.715956442714600476e-12
2.564306919956823531e-03 2.097602282458766347e-09 5.763810002270581150e-12
2.594000194644804566e-03 2.107433023882542854e-09 5.824232484936164127e-12
2.624037301248860997e-03 2.106307425603570888e-09 5.797666652060125585e-12
2.654422221154942047e-03 2.105704972420931719e-09 5.732080746713996719e-12
2.685158981851263043e-03 2.107268914996015604e-09 5.752534493496986832e-12
2.716251657462167863e-03 2.100836040523322530e-09 5.828109857922471968e-12
2.747704369288123637e-03 2.108819880526696136e-09 5.794967891991725514e-12
2.779521286352018127e-03 2.099762383615575489e-09 5.735196824820180126e-12
2.811706625951745052e-03 2.102484046264374196e-09 5.803276529595322628e-12
2.844264654219206146e-03 2.104657573881142787e-09 5.815899949442371072e-12
2.877199686685782878e-03 2.104933312067928111e-09 5.738078077432351068e-12
2.910516088854357610e-03 2.107005168027823511e-09 5.815553144135047114e-12
2.944218276777944496e-03 2.102218734934699938e-09 5.808231205810598539e-12
2.978310717645054131e-03 2.108540812062077236e-09 5.748245309871947015e-12
3.012797930371790243e-03 2.105135153074790123e-09 5.842999153837376041e-12
3.047684486200845800e-03 2.106714044556688044e-09 5.758994871345511477e-12
3.082975009307410696e-03 2.105182786772434084e-09 5.818439227382421075e-12
3.118674177412095096e-03 2.102380084212987070e-09 5.788924642576603094e-12
3.154786722400964704e-03 2.103482594672818572e-09 5.803104121733898899e-12
3.191317430952740879e-03 2.106137482908256885e-09 5.804123029780735426e-12
3.228271145173277051e-03 2.103054649485831485e-09 5.801465632403935958e-12
3.265652763237360864e-03 2.099871831367604375e-09 5.800540883737518444e-12
3.303467240037982148e-03 2.100891453018856668e-09 5.813785013616285041e-12
3.341719587843074504e-03 2.103014020574180266e-09 5.781616364785225056e-12
3.380414876959908759e-03 2.104424602287128623e-09 5.843556543383960479e-12
3.419558236407146089e-03 2.100908494437701182e-09 5.767130983833595493e-12
3.459154854594680487e-03 2.105842225702066365e-09 5.843233044117152549e-12
3.499209980011365115e-03 2.100690757999762079e-09 5.817053692751133012e-12
3.539728921920689327e-03 2.101836639335236070e-09 5.780948777152793302e-12
3.580717051064509580e-03 2.101870926248303418e-09 5.851153162398433663e-12
3.622179800374953056e-03 2.097469876368369068e-09 5.813687899315461231e-12
3.664122665694521767e-03 2.105380310769653466e-09 5.783603901454174978e-12
3.706551206504588372e-03 2.102180188315413277e-09 5.827264733817857060e-12
3.749471046662278956e-03 2.103691973692746931e-09 5.854575639569764004e-12
3.792887875145917100e-03 2.092064773106402615e-09 5.808957627753157336e-12
3.836807446809092133e-03 2.096324556061696014e-09 5.787274142681203895e-12
3.881235583143458675e-03 2.103974705595688633e-09 5.812985620636695931e-12
3.926178173050358551e-03 2.096325670604381461e-09 5.853453903933337207e-12
3.971641173621410364e-03 2.098842877987042507e-09 5.859439731317990337e-12
4.017630610928087966e-03 2.097636403102656763e-09 5.844421386940667825e-12
4.064152580820497296e-03 2.100949607066362586e-09 5.826728924522930385e-12
4.111213249735355506e-03 2.095017141807749614e-09 5.806626718061805311e-12
4.158818855513353625e-03 2.098639691729674539e-09 5.804666041983782875e-12
4.206975708225973477e-03 2.096056497590554003e-09 5.801845965247327786e-12
4.255690191011879397e-03 2.094734389770399246e-09 5.801024109084054066e-12
4.304968760923003589e-03 2.096471470943121176e-09 5.805124624120914259e-12
4.354817949780402306e-03 2.093309372316760395e-09 5.805925757535691364e-12
4.405244365040072822e-03 2.097055605291824315e-09 5.813453745645709721e-12
4.456254690668728577e-03 2.093243132542769112e-09 5.824712364748477922e-12
4.507855688029784903e-03 2.091587307276958256e-09 5.843675214551732712e-12
4.560054196779547535e-03 2.095706781817698502e-09 5.864927811951244505e-12
4.612857135773813788e-03 2.090793216309913215e-09 5.866833139222070630e-12
4.666271503984952343e-03 2.096324239286986775e-09 5.842572007045484369e-12
4.720304381429616877e-03 2.097710430522180343e-09 5.815962470348443937e-12
4.774962930107178559e-03 2.091007818013100182e-09 5.826879153734007811e-12
4.830254394949069947e-03 2.092972375805087025e-09 5.865275564536467866e-12
4.886186104779055052e-03 2.090107777969200426e-09 5.858838184962364036e-12
4.942765473284694427e-03 2.092784076809583674e-09 5.818367983973115151e-12
4.999999999999999237e-03 2.090346314601851240e-09 5.854530269316507294e-12
5.057897271299491120e-03 2.090721754083372268e-09 5.863991757640010721e-12
5.116464961403772820e-03 2.090113607634850421e-09 5.823073515702531275e-12
5.175710833396719723e-03 2.087415163631320575e-09 5.876086489504459612e-12
5.235642740254497010e-03 2.089968955934726054e-09 5.830842703275063475e-12
5.296268625886442309e-03 2.088005064525724775e-09 5.864273200054160379e-12
5.357596526188034176e-03 2.086373077847398292e-09 5.839858666808658354e-12
5.419634570106018380e-03 2.088126442054276341e-09 5.867038180547639619e-12
5.482390980715924449e-03 2.083525533015641898e-09 5.829887725140456531e-12
5.545874076312003707e-03 2.087797021604512146e-09 5.880376957806410693e-12
5.610092271509814314e-03 2.087417202925869091e-09 5.835641610919005903e-12
5.675054078361576465e-03 2.083480880115958435e-09 5.856792761736484938e-12
5.740768107484413990e-03 2.084507285841794903e-09 5.876742261232064955e-12
5.807243069201712196e-03 2.086404030514310831e-09 5.838408481813074617e-12
5.874487774697644861e-03 2.083477404790637119e-09 5.851600384124788514e-12
5.942511137185094161e-03 2.085263001814731713e-09 5.876317647169190441e-12
6.011322173087065013e-03 2.084113451988930157e-09 5.881563116734517302e-12
6.080930003231838424e-03 2.084003203033620817e-09 5.863132063487951180e-12
6.151343854061904620e-03 2.082105222009781467e-09 5.848120065584986615e-12
6.222573058856927485e-03 2.082480545147606117e-09 5.840502972355661611e-12
6.294627058970835715e-03 2.083501815090530794e-09 5.843090614600614105e-12
6.367515405083306983e-03 2.081783501053401793e-09 5.847042834342390398e-12
6.441247758465666780e-03 2.077446210957047109e-09 5.849056129516428666e-12
6.515833892261499449e-03 2.080046044746178521e-09 5.844786658627846657e-12
6.591283692782035596e-03 2.079431229935818667e-09 5.845342473766178556e-12
6.667607160816618576e-03 2.079744714646655026e-09 5.850078902911224826e-12
6.744814412958264824e-03 2.080945306342235796e-09 5.871860709590451963e-12
6.822915682944624173e-03 2.077948259410439787e-09 5.886531983034458492e-12
6.901921323014425201e-03 2.078065513318768245e-09 5.881231394027575812e-12
6.981841805279686598e-03 2.075743618018387622e-09 5.854237431463769072e-12
7.062687723113769168e-03 2.077320331626031985e-09 5.862219390278036091e-12
7.144469792555517389e-03 2.076445051008701545e-09 5.891644966761080534e-12
7.227198853729638849e-03 2.075271878059869493e-09 5.853963388597368341e-12
7.310885872283589583e-03 2.075097275977477220e-09 5.876135069263042843e-12
7.395541940841033821e-03 2.073218391759350365e-09 5.876654744107370013e-12
7.481178280472170448e-03 2.075378079991555366e-09 5.869234430980340288e-12
7.567806242181042420e-03 2.073425631633032494e-09 5.877692565067753237e-12
7.655437308410150896e-03 2.072565875236766324e-09 5.881282477700428421e-12
7.744083094562405345e-03 2.071436942181853527e-09 5.861306645646713506e-12
7.833755350540741805e-03 2.072264043570218481e-09 5.895030935069710958e-12
7.924465962305568892e-03 2.071378143652746787e-09 5.874984875096154961e-12
8.016226953450207235e-03 2.070754315347570953e-09 5.861556282838145973e-12
8.109050486794647586e-03 2.070121358173945591e-09 5.878478906316940019e-12
8.202948865997691796e-03 2.069724429353254620e-09 5.892148214623850714e-12
8.297934537187806256e-03 2.068139507311947501e-09 5.891367408680650929e-12
8.394020090612802285e-03 2.068581338289732614e-09 5.889030628491012738e-12
8.491218262308719913e-03 2.069696250730541558e-09 5.885960220666680492e-12
8.589541935787937607e-03 2.067657945491392143e-09 5.881720462106829875e-12
8.689004143746880890e-03 2.066753563093703323e-09 5.887241437392234973e-12
8.789618069793463453e-03 2.066445313974993301e-09 5.894533701983405476e-12
8.891397050194612892e-03 2.064628797764985037e-09 5.895090454343470399e-12
8.994354575643936575e-03 2.065135471650519021e-09 5.885480975852078261e-12
9.098504293049921449e-03 2.065574282606183865e-09 5.869320937225820335e-12
9.203860007344780506e-03 2.065821706237565441e-09 5.883998811900530831e-12
9.310435683314336255e-03 2.064250085108014534e-09 5.899120238566863613e-12
9.418245447449000163e-03 2.063396364174264439e-09 5.870992926428143766e-12
9.527303589816240106e-03 2.061969357009315371e-09 5.895874835205691751e-12
9.637624565954681574e-03 2.061822058112779052e-09 5.873686269455290474e-12
9.749222998790225969e-03 2.061367085423969797e-09 5.900183200623644338e-12
9.862113680574265823e-03 2.061094527277658524e-09 5.871882557207722354e-12
9.976311574844402841e-03 2.061358158499827388e-09 5.892683907007299121e-12
1.009183181840780756e-02 2.058957006951522849e-09 5.894944946194024823e-12
1.020868972334764736e-02 2.059239755992949943e-09 5.877750220934231392e-12
1.032690077905264354e-02 2.058740239855775374e-09 5.875866154963665976e-12
1.044648065427019289e-02 2.057898804139739244e-09 5.886962416435445826e-12
1.056744519918323758e-02 2.057148347494343331e-09 5.895918965281150443e-12
1.068981044751116105e-02 2.058791891578906661e-09 5.889852665125705840e-12
1.081359261863509835e-02 2.052497289665177781e-09 5.895234751891314573e-12
1.093880811974775810e-02 2.055017951309694059e-09 5.885854402462530944e-12
1.106547354802819155e-02 2.055185766911034405e-09 5.881083421475877958e-12
1.119360569284169951e-02 2.053607260800873891e-09 5.888764234447161171e-12
1.132322153796529694e-02 2.053723384713483972e-09 5.902451367661094615e-12
1.145433826383886015e-02 2.054421519128688240e-09 5.890361123517013996e-12
1.158697324984239718e-02 2.053082597339088295e-09 5.938116286631081929e-12
1.172114407659961138e-02 2.051834304158103000e-09 5.900951057146895436e-12
1.185686852830827517e-02 2.052028757952080977e-09 5.886506017527908147e-12
1.199416459509744862e-02 2.050810170746863449e-09 5.896215193358224103e-12
1.213305047541208236e-02 2.050183736154279506e-09 5.904592177919741605e-12
1.227354457842515581e-02 2.049763618685900097e-09 5.883614647833713402e-12
1.241566552647785024e-02 2.049394952539193864e-09 5.850613650327019004e-12
1.255943215754789719e-02 2.048339116786359676e-09 5.899899790219882351e-12
1.270486352774653077e-02 2.048021189650236039e-09 5.903987435185537644e-12
1.285197891384432141e-02 2.048431970728814378e-09 5.904212564592074879e-12
1.300079781582635929e-02 2.046719341874982389e-09 5.905028345810299288e-12
1.315133995947690565e-02 2.045461797926157538e-09 5.895279569023392332e-12
1.330362529899405295e-02 2.045626132788201704e-09 5.890593064686708087e-12
1.345767401963457975e-02 2.045607118371464515e-09 5.920750560951513563e-12
1.361350654038956214e-02 2.044322394454911393e-09 5.906815924527285806e-12
1.377114351669082859e-02 2.043795353387592137e-09 5.888591116034284960e-12
1.393060584314884283e-02 2.043239979585031592e-09 5.908749753829957810e-12
1.409191465632227136e-02 2.045994353035062592e-09 5.888307806410411368e-12
1.425509133751954628e-02 2.041899136957643816e-09 5.902976590459646582e-12
1.442015751563302701e-02 2.041062026500121618e-09 5.904784779658324709e-12
1.458713507000582686e-02 2.041335718825464188e-09 5.895369496458478174e-12
1.475604613333193239e-02 2.039602763430483187e-09 5.891347324751118807e-12
1.492691309458979952e-02 2.039401080187605454e-09 5.890814730158587005e-12
1.509975860201007852e-02 2.038155623103888802e-09 5.892288919662815727e-12
1.527460556607755995e-02 2.038391720409462923e-09 5.892583052447187249e-12
1.545147716256795728e-02 2.036719490015013718e-09 5.902310950708942114e-12
1.563039683561977602e-02 2.037593813963100904e-09 5.911512259757364554e-12
1.581138830084189567e-02 2.036436729392215151e-09 5.893439444825243778e-12
1.599447554845698227e-02 2.032642405051904741e-09 5.906742866333312850e-12
1.617968284648142047e-02 2.034359216789499698e-09 5.894518930891672668e-12
1.636703474394191060e-02 2.034423539899923288e-09 5.911424564599537953e-12
1.655655607412955324e-02 2.032679171349255945e-09 5.900898445101759876e-12
1.674827195789137593e-02 2.033338539662057058e-09 5.895446132797777584e-12
1.694220780696013492e-02 2.032058609509901611e-09 5.896303055975278471e-12
1.713838932732252018e-02 2.032053376008128924e-09 5.896722298059726760e-12
1.733684252262658251e-02 2.031293383382772574e-09 5.896283457388948711e-12
1.753759369762839665e-02 2.030718774696461335e-09 5.900757672086178605e-12
1.774066946167878259e-02 2.029669012770707240e-09 5.912279706374043527e-12
1.794609673225026555e-02 2.028790566377819356e-09 5.907100591976796066e-12
1.815390273850506567e-02 2.028929474909782906e-09 5.906247234821418956e-12
1.836411502490422828e-02 2.029600758807119712e-09 5.896867601138447630e-12
1.857676145485861671e-02 2.027732013791833199e-09 5.913789189205975925e-12
1.879187021442221481e-02 2.026213712570000491e-09 5.904663890884189582e-12
1.900946981602805869e-02 2.025575988790063555e-09 5.899087936206632107e-12
1.922958910226767529e-02 2.024775906941678243e-09 5.900221255141784970e-12
1.945225724971402087e-02 2.024065435927501133e-09 5.900460631584842796e-12
1.967750377278888047e-02 2.023394727249839280e-09 5.904635049332595039e-12
1.990535852767486361e-02 2.023884053429104002e-09 5.913327444184165360e-12
2.013585171627295042e-02 2.020065713123432496e-09 5.906255279351623948e-12
2.036901389020562628e-02 2.020134430086570467e-09 5.911640989677682821e-12
2.060487595486651738e-02 2.020951180697549850e-09 5.901523994765994850e-12
2.084346917351677375e-02 2.021337551542243113e-09 5.915333212898874161e-12
2.108482517142910850e-02 2.018127116880677437e-09 5.912800141011045746e-12
2.132897594007962527e-02 2.018470347363174925e-09 5.915265761248491964e-12
2.157595384138826997e-02 2.016987773230418094e-09 5.915825108674464001e-12
2.182579161200830231e-02 2.017790053907118485e-09 5.914213401649499563e-12
2.207852236766562337e-02 2.016202131086322136e-09 5.902203998032627977e-12
2.233417960754814982e-02 2.015436134484643389e-09 5.907478574330670098e-12
2.259279721874612665e-02 2.016204963377672809e-09 5.911429352075920429e-12
2.285440948074375644e-02 2.019693342111520862e-09 5.911170958170039774e-12
2.311905106996301265e-02 2.015295893286254935e-09 5.905540301765560137e-12
2.338675706435990390e-02 2.013481456024765035e-09 5.898144540918945824e-12
2.365756294807403598e-02 2.013036643395019963e-09 5.911207750122289168e-12
2.393150461613192254e-02 2.012933805311243548e-09 5.903921703840568809e-12
2.420861837920496723e-02 2.011364346361982026e-09 5.916364212722495483e-12
2.448894096842230833e-02 2.011273977450726722e-09 5.905685197722310632e-12
2.477250954023949708e-02 2.009805206604218521e-09 5.915921170511319725e-12
2.505936168136362399e-02 2.009594099528458609e-09 5.906627798182354400e-12
2.534953541373521912e-02 2.008960122880763785e-09 5.908410659867205524e-12
2.564306919956823791e-02 2.011847683156416414e-09 5.910803570797679202e-12
2.594000194644804219e-02 2.008270858254105697e-09 5.914862122507288111e-12
2.624037301248863946e-02 2.008811626204434027e-09 5.906956432733690868e-12
2.654422221154941960e-02 2.006618645857193524e-09 5.917930397854503352e-12
2.685158981851263130e-02 2.005239158221143518e-09 5.904720725625720048e-12
2.716251657462165001e-02 2.004077864499185848e-09 5.915141211544485294e-12
2.747704369288124157e-02 2.004838866421630327e-09 5.915147858032251979e-12
2.779521286352018214e-02 2.003058494576677836e-09 5.912943464313316849e-12
2.811706625951744531e-02 2.002151579510809279e-09 5.915380509941459357e-12
2.844264654219205712e-02 2.002980580144631438e-09 5.917499082464764261e-12
2.877199686685785740e-02 2.002104394115024049e-09 5.906717797680366691e-12
2.910516088854357350e-02 2.001030980837025187e-09 5.929029988638684617e-12
2.944218276777944496e-02 1.999513331048448119e-09 5.935378845286811952e-12
2.978310717645051356e-02 2.000302303048537461e-09 5.908447196280125095e-12
3.012797930371789723e-02 1.999020561250094488e-09 5.916628543338844152e-12
3.047684486200846060e-02 1.997389164797941458e-09 5.916510252987696343e-12
3.082975009307410696e-02 1.996398981963133125e-09 5.913683676710043245e-12
3.118674177412094836e-02 1.997648470105799328e-09 5.907573565743383337e-12
3.154786722400967913e-02 1.996387177625397540e-09 5.909971878460848135e-12
3.191317430952744089e-02 1.995174519050396368e-09 5.908657862923918720e-12
3.228271145173277484e-02 1.995035857523024130e-09 5.919279258662920150e-12
3.265652763237360950e-02 1.994523671905773535e-09 5.909860522992010100e-12
3.303467240037978592e-02 1.993812731362434428e-09 5.919357922845900462e-12
3.341719587843074157e-02 1.993466772022693200e-09 5.910107318037463484e-12
3.380414876959909193e-02 1.991519164650369023e-09 5.915967717301082873e-12
3.419558236407145568e-02 1.991346308563634839e-09 5.917786247803150290e-12
3.459154854594680834e-02 1.990919493645183944e-09 5.914285831468483171e-12
3.499209980011368931e-02 1.989766320594733752e-09 5.910790056623110086e-12
3.539728921920690108e-02 1.989332206909965406e-09 5.919376729274246894e-12
3.580717051064509493e-02 1.986056939889588843e-09 5.911902955197995264e-12
3.622179800374948633e-02 1.987964326972795116e-09 5.911323497239105678e-12
3.664122665694521941e-02 1.987141368988696767e-09 5.906460992028600618e-12
3.706551206504588025e-02 1.986695145567712623e-09 5.907522722217930090e-12
3.749471046662278956e-02 1.983649265683116152e-09 5.916893766140204978e-12
3.792887875145917187e-02 1.985199672223643578e-09 5.919584580143919495e-12
3.836807446809096384e-02 1.985417466178951714e-09 5.910620306292960569e-12
3.881235583143459456e-02 1.983819093951133827e-09 5.918625268258153571e-12
3.926178173050358378e-02 1.983172090896363406e-09 5.916760504466382528e-12
3.971641173621406201e-02 1.981859959031235273e-09 5.914612753453608254e-12
4.017630610928087792e-02 1.981825870020735740e-09 5.908678355211384149e-12
4.064152580820497296e-02 1.979063150382554241e-09 5.916275415731016432e-12
4.111213249735355679e-02 1.981075369407986215e-09 5.907636981287971682e-12
4.158818855513353452e-02 1.979711933461262099e-09 5.915618071971459426e-12
4.206975708225977467e-02 1.979876658104772468e-09 5.912265220400508531e-12
4.255690191011883561e-02 1.971252080899874437e-09 5.915637027736607426e-12
4.304968760923003068e-02 1.985034859774066636e-09 5.919410418867194445e-12
4.354817949780401959e-02 1.976427812398885746e-09 5.911945912672953177e-12
4.405244365040068139e-02 1.986026451154718205e-09 5.920230541605916973e-12
4.456254690668728924e-02 1.974943932554548114e-09 5.910944614470526065e-12
4.507855688029784730e-02 1.974990493163264737e-09 5.912971102875234397e-12
4.560054196779547708e-02 1.975152647196745459e-09 5.919551818789962148e-12
4.612857135773813788e-02 1.972302356521641904e-09 5.913696911819563944e-12
4.666271503984956853e-02 1.972900077259773996e-09 5.919725117025547809e-12
4.720304381429617224e-02 1.972713133745030848e-09 5.922123202040789516e-12
4.774962930107178732e-02 1.971880278607070474e-09 5.921002492233820285e-12
4.830254394949064917e-02 1.969410535480126368e-09 5.761498132601694676e-12
4.886186104779054878e-02 1.968996668813197630e-09 5.914695470773599060e-12
4.942765473284694427e-02 1.968941223553741705e-09 5.913122105647233685e-12
4.999999999999999584e-02 1.956243603932672819e-09 5.920495888057349001e-12
5.057897271299491293e-02 1.968183207053866123e-09 5.899994779203321226e-12
5.116464961403772993e-02 1.965722729392925606e-09 5.916653502528001517e-12
5.175710833396719723e-02 1.967834799123439700e-09 5.915906742673722429e-12
5.235642740254497357e-02 1.967027413384726515e-09 5.908874041329437040e-12
5.296268625886442483e-02 1.961458905672575541e-09 5.916163986738162603e-12
5.357596526188034003e-02 1.963425012990507323e-09 5.918724586925388840e-12
5.419634570106018207e-02 1.963689198392381947e-09 5.915541837228898325e-12
5.482390980715925316e-02 1.962902520694839543e-09 5.921099163138889389e-12
5.545874076312003881e-02 1.959780617130569909e-09 5.923751088868920804e-12
5.610092271509819345e-02 1.961480257685808849e-09 5.920183062517954902e-12
5.675054078361576465e-02 1.957245237673208281e-09 5.916101778048738957e-12
5.740768107484413990e-02 1.959989285245446398e-09 5.921097314878693103e-12
5.807243069201711849e-02 1.959149402714513966e-09 5.919201044125510976e-12
5.874487774697650933e-02 1.958585850750249793e-09 5.916193570867964351e-12
5.942511137185094161e-02 1.954822276203486558e-09 5.916662794739258890e-12
6.011322173087065013e-02 1.957412894108501895e-09 5.923477097447344522e-12
6.080930003231839465e-02 1.956665853195831267e-09 5.916019156534112899e-12
6.151343854061905314e-02 1.955716968646775004e-09 5.920127922851139211e-12
6.222573058856927658e-02 1.955111938478352709e-09 5.920754646505640175e-12
6.294627058970836408e-02 1.954929076536671317e-09 5.908210089938594659e-12
6.367515405083307156e-02 1.951174377754485118e-09 5.920626344396612594e-12
6.441247758465666606e-02 1.953217481032120344e-09 5.922096767002638644e-12
6.515833892261499449e-02 1.952169953801186367e-09 5.919267642169953898e-12
6.591283692782036463e-02 1.951830932860747153e-09 5.916737189341470128e-12
6.667607160816618750e-02 1.951041216383457559e-09 5.920964235765230467e-12
6.744814412958265171e-02 1.949852246684398443e-09 5.917311223947204519e-12
6.822915682944624693e-02 1.949582390778755701e-09 5.878338500483891484e-12
6.901921323014424681e-02 1.949252487886883366e-09 5.950872749750770682e-12
6.981841805279687119e-02 1.956343829919705360e-09 5.926412396006638736e-12
7.062687723113769689e-02 1.947350522714087683e-09 5.898192521068365087e-12
7.144469792555517562e-02 1.946536023383857162e-09 5.919660424336443714e-12
7.227198853729638328e-02 1.947077542735518197e-09 5.930004393282161800e-12
7.310885872283590103e-02 1.945696487506578080e-09 5.916351354030303744e-12
7.395541940841035555e-02 1.944430518186768725e-09 5.921386491595624928e-12
7.481178280472171316e-02 1.943450070444162949e-09 5.953172979501246149e-12
7.567806242181042420e-02 1.932944107294203763e-09 5.917901297040011726e-12
7.655437308410151243e-02 1.929909773613143131e-09 5.918786197101873662e-12
7.744083094562405345e-02 1.940300312639213573e-09 5.920851913452530840e-12
7.833755350540749784e-02 1.941653510706132173e-09 5.902827578284536318e-12
7.924465962305569933e-02 1.938496107548664437e-09 5.919072573508920525e-12
8.016226953450207582e-02 1.939399587098051243e-09 5.916229766874263546e-12
8.109050486794648627e-02 1.936876949040870736e-09 5.928998141709465203e-12
8.202948865997693184e-02 1.937106802196051158e-09 5.946611289164597766e-12
8.297934537187805215e-02 1.937928566739891974e-09 5.921751905598308880e-12
8.394020090612802631e-02 1.937130951692335642e-09 5.920784457253960669e-12
8.491218262308720954e-02 1.971674438398692904e-09 5.914366855205720801e-12
8.589541935787936566e-02 1.938470139847308694e-09 5.921019902810642279e-12
8.689004143746879849e-02 1.933880931900665163e-09 5.920977805996219762e-12
8.789618069793464494e-02 1.935521389140916004e-09 5.921324436528504435e-12
8.891397050194613239e-02 1.934092817643497717e-09 5.919799279023051337e-12
8.994354575643935534e-02 1.934424581092755383e-09 5.922111123151514206e-12
9.098504293049920755e-02 1.935461820564288650e-09 5.917263258849258195e-12
9.203860007344780159e-02 1.931132156560920746e-09 5.920115809447071065e-12
9.310435683314335908e-02 1.931886459517850052e-09 5.985461224596247533e-12
9.418245447449000163e-02 1.931501670155836685e-09 5.920777640858446981e-12
9.527303589816239759e-02 1.928808004572992603e-09 5.922546689150478311e-12
9.637624565954681921e-02 1.927267043783255031e-09 5.916705933862483976e-12
9.749222998790225969e-02 1.927143840217054436e-09 5.922718721102179250e-12
9.862113680574266517e-02 1.927713030625022850e-09 5.894234746140864314e-12
9.976311574844401453e-02 1.925976393751750717e-09 5.855855640719811396e-12
1.009183181840780652e-01 1.925510301790683480e-09 5.916783301858398616e-12
1.020868972334764563e-01 1.926852649287992952e-09 5.923892426301304849e-12
1.032690077905264459e-01 1.928282603220169339e-09 5.916596524818891537e-12
1.044648065427020295e-01 1.929510314421514285e-09 5.913230326721767583e-12
1.056744519918323688e-01 1.923455659135070583e-09 5.922935607005940785e-12
1.068981044751116105e-01 1.923348634268728292e-09 5.925443969454573212e-12
1.081359261863509835e-01 1.921136937961573298e-09 5.922481386465953569e-12
1.093880811974775602e-01 1.921544848077876957e-09 5.921273588103667690e-12
1.106547354802819155e-01 1.920033928762448022e-09 5.919279803583991924e-12
1.119360569284170021e-01 1.927736102486203622e-09 5.922368743509694156e-12
1.132322153796529590e-01 1.918806747289531495e-09 5.919114231339063712e-12
1.145433826383886050e-01 1.917709634721795291e-09 5.918152810589703306e-12
1.158697324984239579e-01 1.916693298113917509e-09 5.918473448194876117e-12
1.172114407659961138e-01 1.918377262787589092e-09 5.923655132469879399e-12
1.185686852830827587e-01 1.916668816984507572e-09 5.899714220061867580e-12
1.199416459509744792e-01 1.914955043519117910e-09 5.920230893115659926e-12
1.213305047541208270e-01 1.913858231963696603e-09 5.921017165776170920e-12
1.227354457842515234e-01 1.915758942483834620e-09 5.921716006115486065e-12
1.241566552647785093e-01 1.912741458655516394e-09 5.918328051190578637e-12
1.255943215754789510e-01 1.912189505549882331e-09 5.921814101573119135e-12
1.270486352774652938e-01 1.911874332063313107e-09 5.956074938273910774e-12
1.285197891384432245e-01 1.910173669979133793e-09 5.921143527945641018e-12
1.300079781582635929e-01 1.909770150617410669e-09 5.918669643152711236e-12
1.315133995947690704e-01 1.911248482275367735e-09 5.991942057472336856e-12
1.330362529899405399e-01 1.909200239896367729e-09 5.937602035581289167e-12
1.345767401963458287e-01 1.908891502754650069e-09 5.914668286269713535e-12
1.361350654038956109e-01 1.906370700530776694e-09 5.927649175057847732e-12
1.377114351669082859e-01 1.907387743404422108e-09 5.918433483888782941e-12
1.393060584314885775e-01 1.904107330947580732e-09 5.923207253697794393e-12
1.409191465632227414e-01 1.902920327284773748e-09 5.922909668506853595e-12
1.425509133751954594e-01 1.903194474842310528e-09 5.896559124121439242e-12
1.442015751563302528e-01 1.906132368345545638e-09 5.919198353302790739e-12
1.458713507000582721e-01 1.901922505298017744e-09 5.920896254981829535e-12
1.475604613333193205e-01 1.892979585971851528e-09 5.921538785404126212e-12
1.492691309458979987e-01 1.904013392629578556e-09 5.908429879234299212e-12
1.509975860201007714e-01 1.899207413343116973e-09 5.917573163527994867e-12
1.527460556607755926e-01 1.899197205535886556e-09 5.925388980288990284e-12
1.545147716256795867e-01 1.901346475326266470e-09 5.975295680436958931e-12
1.563039683561977533e-01 1.898512359144540212e-09 5.919727506020708437e-12
1.581138830084189428e-01 1.897521301833923400e-09 5.921072784780886000e-12
1.599447554845698505e-01 1.897437322446499643e-09 5.922733136795431486e-12
1.617968284648141908e-01 1.894433372188041986e-09 5.882540527218136909e-12
1.636703474394191060e-01 1.895966777005674990e-09 5.921351367649193645e-12
1.655655607412955255e-01 1.894548227551301381e-09 5.895294544876373630e-12
1.674827195789137801e-01 1.893019395828299413e-09 5.916835631259058760e-12
1.694220780696013562e-01 1.895210046310893302e-09 5.918412310213784812e-12
1.713838932732252018e-01 1.893263110657495815e-09 6.140644931010026134e-12
1.733684252262658043e-01 1.891075173405980940e-09 5.926824135408371987e-12
1.753759369762839526e-01 1.891805515040952349e-09 5.919484631532164094e-12
1.774066946167878189e-01 1.890410066774739237e-09 5.930718330519020374e-12
1.794609673225026625e-01 1.890440610209444578e-09 5.920066399683236858e-12
1.815390273850506775e-01 1.889203473538413136e-09 5.921440766278167538e-12
1.836411502490422898e-01 1.887357708398648974e-09 5.929972061806667958e-12
1.857676145485863684e-01 1.887852794733310345e-09 5.851070345894260987e-12
1.879187021442221273e-01 1.885561013101551759e-09 5.917590309855954542e-12
1.900946981602806007e-01 1.886599703618277824e-09 5.921147130976789906e-12
1.922958910226767459e-01 1.892526786074423995e-09 5.938546743528474644e-12
1.945225724971402226e-01 1.885449790245671022e-09 5.916095263471198792e-12
1.967750377278887630e-01 1.885373944198717348e-09 5.922895117612894790e-12
1.990535852767486569e-01 1.890093573217992333e-09 5.920201825574771781e-12
2.013585171627294834e-01 1.881873817490659821e-09 5.914061965603427236e-12
2.036901389020563113e-01 1.882396331907919816e-09 5.920855853543706675e-12
2.060487595486651946e-01 1.884968378373596835e-09 5.920439332087913344e-12
2.084346917351677098e-01 1.881033796109206309e-09 5.921351856110255417e-12
2.108482517142910850e-01 1.882335971364616372e-09 6.033958658010590624e-12
2.132897594007962527e-01 1.879141698132485405e-09 5.918024135488317981e-12
2.157595384138827066e-01 1.838002414770214154e-09 5.916803919338986556e-12
2.182579161200830231e-01 1.878637865215428788e-09 5.904298319689897939e-12
2.207852236766562060e-01 1.881769515474156695e-09 5.880999873579284594e-12
2.233417960754814913e-01 1.879409181213532578e-09 5.923559186869922422e-12
2.259279721874612734e-01 1.870887233805962848e-09 5.921657987327987713e-12
2.285440948074375367e-01 1.873692796590045566e-09 5.925546508454751506e-12
2.311905106996301473e-01 1.874320401366743412e-09 5.922349773953110821e-12
2.338675706435990320e-01 1.874138923158717434e-09 5.937935378175069568e-12
2.365756294807403182e-01 1.871026872975485105e-09 5.918040933013730443e-12
2.393150461613192392e-01 1.874755786484384281e-09 5.910965086804117949e-12
2.420861837920496862e-01 1.872107360129981804e-09 5.918708172172846600e-12
2.448894096842230417e-01 1.871209881934279637e-09 5.919541272392569156e-12
2.477250954023952345e-01 1.868337230336696887e-09 5.915894145046166087e-12
2.505936168136362330e-01 1.869523220725651063e-09 5.919261302392218354e-12
2.534953541373521912e-01 1.868826484558042779e-09 5.927724805807969561e-12
2.564306919956823583e-01 1.867787788750293564e-09 5.917134091196300378e-12
2.594000194644804358e-01 1.860828350889191619e-09 5.945775930801405988e-12
2.624037301248863807e-01 1.886610412812016549e-09 5.920095160927108212e-12
2.654422221154941752e-01 1.856592729760898334e-09 5.914375274557971510e-12
2.685158981851263338e-01 1.864930933747909341e-09 5.913138981356874727e-12
2.716251657462164792e-01 1.862840986445727967e-09 5.921978634077993586e-12
2.747704369288123671e-01 1.864571891494473258e-09 5.921785118289169687e-12
2.779521286352018006e-01 1.864387137572714271e-09 5.920781488687840035e-12
2.811706625951744809e-01 1.860697563326489756e-09 5.919488275131285102e-12
2.844264654219206268e-01 1.878764567669595354e-09 5.920668619423023575e-12
2.877199686685785740e-01 1.859892286140388436e-09 5.923504175009756470e-12
2.910516088854357419e-01 1.862482765019211452e-09 5.920388523442130056e-12
2.944218276777944565e-01 1.855646207802495409e-09 5.923627352590849190e-12
2.978310717645051287e-01 1.859160981381780440e-09 5.919085562059469615e-12
3.012797930371790001e-01 1.860092777031756993e-09 5.984407498844011574e-12
3.047684486200846199e-01 1.854906216203234239e-09 5.923193603997364836e-12
3.082975009307410419e-01 1.856916534232551140e-09 5.920742217198958340e-12
3.118674177412095183e-01 1.860001609573381934e-09 5.908819791616215253e-12
3.154786722400967913e-01 1.853942513149224372e-09 5.904553539311965729e-12
3.191317430952744227e-01 1.853313980583763724e-09 5.911387915069413545e-12
3.228271145173277623e-01 1.858536705218694952e-09 5.920530035702538183e-12
3.265652763237361089e-01 1.853775438494160850e-09 5.920712231673790717e-12
3.303467240037981645e-01 1.857242631879668908e-09 5.911519827965812201e-12
3.341719587843073880e-01 1.852284519159913520e-09 5.986595296088995623e-12
3.380414876959909054e-01 1.853476370882562893e-09 5.922726021725863105e-12
3.419558236407145846e-01 1.862377773113291235e-09 5.937507298498137142e-12
3.459154854594680972e-01 1.850842815944722790e-09 5.921517595432226488e-12
3.499209980011368515e-01 1.848865150437623161e-09 5.924104751087954235e-12
3.539728921920689553e-01 1.849066512552530550e-09 5.914775661757428379e-12
3.580717051064509215e-01 1.870270767766101058e-09 5.926946578978985876e-12
3.622179800374948910e-01 1.846933383275117320e-09 5.916498799343684485e-12
3.664122665694521941e-01 1.846199053400641036e-09 5.929006088730193024e-12
3.706551206504588025e-01 1.846214154508729553e-09 5.920612178742704895e-12
3.749471046662278817e-01 1.844520910178345596e-09 5.882448962068426238e-12
3.792887875145917187e-01 1.871044990460564530e-09 5.915514279393721838e-12
3.836807446809096245e-01 1.844881616907740709e-09 5.911115791289315549e-12
3.881235583143459178e-01 1.825078894303253371e-09 5.917579178600544180e-12
3.926178173050358100e-01 1.844541005793913840e-09 5.755858427529822823e-12
3.971641173621406340e-01 1.843421772963641574e-09 5.989761206744045137e-12
4.017630610928087931e-01 1.842485545973454497e-09 5.918132470397527653e-12
4.064152580820497018e-01 1.842161301085817425e-09 6.016696594382878242e-12
4.111213249735355402e-01 1.849436445174870282e-09 5.869538876460381117e-12
4.158818855513353729e-01 1.843860852502854293e-09 5.917077609304782140e-12
4.206975708225977328e-01 1.834547549813622438e-09 5.922560839051035783e-12
4.255690191011883283e-01 1.844889815400049286e-09 5.918031524789711189e-12
4.304968760923003068e-01 1.833855051761584085e-09 5.921564909117881903e-12
4.354817949780401820e-01 1.834364366104822924e-09 5.923467462580207592e-12
4.405244365040072441e-01 1.835084352816524112e-09 5.918692576430843502e-12
4.456254690668728924e-01 1.834944607818116473e-09 5.918925161839511768e-12
4.507855688029784313e-01 1.825399690957029965e-09 5.900004610710602488e-12
4.560054196779547708e-01 1.831187074247550668e-09 5.920511004260182057e-12
4.612857135773818507e-01 1.833987284208939878e-09 5.925657631491800546e-12
4.666271503984956714e-01 1.831715393325841674e-09 5.918122218869900899e-12
4.720304381429618057e-01 1.803854136017900385e-09 5.943654536091731689e-12
4.774962930107178871e-01 1.829924216859988486e-09 5.891232891776136613e-12
4.830254394949065055e-01 1.829753942124677085e-09 5.912539262250074876e-12
4.886186104779055572e-01 1.831282575178994545e-09 5.917449163565185188e-12
4.942765473284694844e-01 1.828093230479087871e-09 5.925387063531571751e-12
5.000000000000000000e-01 1.802389993461693555e-09 5.918481594704651196e-12
5.235642740254498051e-01 1.824752989081848145e-09 5.919313512622059785e-12
5.482390980715924345e-01 1.821950697247402776e-09 5.921285232442828350e-12
5.740768107484414129e-01 1.818720398930519187e-09 6.018008952015039358e-12
6.011322173087064735e-01 1.816443815512174645e-09 5.919847054332892791e-12
6.294627058970836408e-01 1.955346621545927476e-09 5.921910067437011525e-12
6.591283692782035075e-01 1.814710166149863401e-09 5.919241230030915343e-12
6.901921323014423848e-01 1.802372153916305133e-09 5.923347740470585420e-12
7.227198853729637218e-01 1.789353786882429019e-09 5.919937461329531825e-12
7.567806242181041032e-01 1.802309868465340488e-09 5.922169267983347541e-12
7.924465962305566880e-01 1.800527312863191595e-09 5.917363006861322884e-12
8.297934537187804382e-01 1.796989967322918131e-09 5.918244248975680662e-12
8.689004143746876796e-01 1.793287104349421771e-09 5.917978700724814840e-12
9.098504293049917147e-01 1.711341672679642290e-09 5.902635766014408055e-12
9.527303589816237261e-01 1.797879441401332246e-09 5.891166925529912651e-12
9.976311574844397567e-01 1.784271598059640225e-09 5.925740405620781908e-12
1.044648065427019823e+00 1.786309997801900706e-09 5.921180541844193367e-12
1.093880811974776268e+00 1.780784852331983263e-09 5.915473206993464592e-12
1.145433826383886577e+00 1.777493498555790327e-09 5.895753595607915561e-12
1.199416459509745181e+00 1.776398100804176514e-09 5.911037887187470946e-12
1.255943215754790065e+00 1.771722406540132153e-09 5.917586424580616993e-12
1.315133995947690870e+00 1.770053730109831360e-09 5.952918786289053375e-12
1.377114351669083137e+00 1.805822652653335352e-09 5.937131837845519175e-12
1.442015751563302972e+00 1.768467235323340954e-09 5.903201492294762699e-12
1.509975860201008047e+00 1.767974346360823225e-09 5.915730601812593263e-12
1.581138830084189761e+00 1.754500873760529575e-09 5.917038961560808516e-12
1.655655607412955810e+00 1.753361733301971091e-09 5.868215355340709752e-12
1.733684252262658321e+00 1.758228623525294973e-09 5.918758985449434949e-12
1.815390273850506997e+00 1.787932939375347027e-09 5.911383364761873406e-12
1.900946981602805952e+00 1.585605565951458565e-09 5.906795218656208402e-12
1.990535852767486347e+00 1.743080634393483649e-09 5.920520570077230705e-12
2.084346917351676876e+00 1.739070527742463177e-09 5.916188899926341574e-12
2.182579161200830065e+00 1.738358006086006550e-09 5.919124467162286874e-12
2.285440948074375367e+00 1.731096429556195855e-09 5.964346877052315818e-12
2.393150461613192004e+00 1.732731613790255106e-09 5.928157443488137150e-12
2.505936168136361886e+00 1.730137757452647604e-09 5.915903738165373101e-12
2.624037301248862697e+00 1.727571488966055130e-09 5.908061417821299508e-12
2.747704369288122894e+00 1.725092828620778566e-09 5.938963773409822546e-12
2.877199686685784741e+00 1.722551806709513791e-09 5.912371029385886864e-12
3.012797930371788890e+00 1.703489416751371993e-09 5.935119999578486711e-12
3.154786722400966692e+00 1.716070613090583216e-09 5.854080859935872706e-12
3.303467240037979646e+00 1.721000095614685421e-09 5.900006073088618830e-12
3.459154854594682416e+00 1.721614133693260319e-09 5.900242882011422739e-12
3.622179800374950798e+00 1.698755433140631435e-09 5.832343806731666041e-12
3.792887875145918741e+00 1.691565967705647500e-09 5.716088957434961001e-12
3.971641173621408338e+00 1.700766627704585579e-09 5.917810958559772766e-12
4.158818855513356283e+00 1.698913981783823290e-09 5.915806116298449916e-12
4.354817949780404263e+00 1.697456969166794198e-09 5.916853838627975442e-12
4.560054196779547375e+00 1.698097403146807178e-09 5.923330464888863106e-12
4.774962930107179204e+00 1.692284530142947965e-09 5.914033921544651141e-12
5.000000000000000888e+00 1.687192963598050991e-09 5.908189624492992282e-12
6.294627058970835520e+00 1.675582615671679223e-09 5.912849686054205030e-12
7.924465962305567324e+00 1.662601556322710217e-09 5.917731513244085446e-12
9.976311574844396901e+00 1.652480081629590898e-09 5.917271186236158666e-12
1.255943215754790288e+01 1.636300933185102822e-09 5.863659415750193911e-12
1.581138830084189451e+01 1.625566702297761522e-09 5.877148549911741510e-12
1.990535852767486347e+01 1.892350589550646878e-09 5.913647460890983963e-12
2.505936168136362241e+01 1.596898166334721401e-09 5.908475590238784265e-12
3.154786722400966070e+01 1.580927716059795686e-09 5.905893482421861867e-12
3.971641173621406296e+01 1.567931817158472493e-09 5.898527213823243730e-12
4.999999999999999289e+01 1.556265478241167487e-09 5.912256366452642585e-12
