2.393150461613189841e-05 8.732474751780732503e-10 8.907495843777830291e-13
2.448894096842227708e-05 4.139861171934033940e-10 9.023219997126703321e-13
2.505936168136362570e-05 3.151097138782859961e-10 9.131360934921880902e-13
2.564306919956823707e-05 2.715865394387154924e-10 9.231023854103213859e-13
2.624037301248861295e-05 2.478346811790127087e-10 9.321823513335200755e-13
2.685158981851265889e-05 2.335204570394859163e-10 9.402991897605576668e-13
2.747704369288124057e-05 2.246845597548462738e-10 9.474354622955937507e-13
2.811706625951745350e-05 2.192899876560298080e-10 9.536438047293697468e-13
2.877199686685782864e-05 2.164243575617980552e-10 9.586428640440944539e-13
2.944218276777941324e-05 2.154168934750770717e-10 9.628296471505258104e-13
3.012797930371789620e-05 2.157944245182030951e-10 9.659890156269505628e-13
3.082975009307410534e-05 2.173515664307820568e-10 9.681932725728420662e-13
3.154786722400964650e-05 2.200910825262039451e-10 9.694496555025505083e-13
3.228271145173280656e-05 2.237588561331168287e-10 9.698630081969731234e-13
3.303467240037981687e-05 2.282761654828907114e-10 9.694153557576193957e-13
3.380414876959908759e-05 2.337450722734455857e-10 9.682994159809358476e-13
3.459154854594680595e-05 2.399549419477147461e-10 9.666161196573714473e-13
3.539728921920685885e-05 2.471114905712027551e-10 9.645019109185533254e-13
3.622179800374952406e-05 2.550834582035897044e-10 9.619922850933052156e-13
3.706551206504588155e-05 2.638438871928386177e-10 9.596395045311573159e-13
3.792887875145917236e-05 2.736901312396334142e-10 9.575251262643272630e-13
3.881235583143463039e-05 2.844326371012945836e-10 9.559994882896148520e-13
3.971641173621410364e-05 2.962690416435242446e-10 9.553304574351016135e-13
4.064152580820497269e-05 3.091689683297949997e-10 9.559242802999100396e-13
4.158818855513353842e-05 3.231950476670706249e-10 9.581728386536123838e-13
4.255690191011879072e-05 3.385288267659529626e-10 9.625348135916955347e-13
4.354817949780397373e-05 3.550751788453850210e-10 9.695467092592087116e-13
4.456254690668728712e-05 3.731080020040752489e-10 9.797237096863840337e-13
4.560054196779547508e-05 3.925415519701152440e-10 9.936475003131117752e-13
4.666271503984951611e-05 4.135615310087612415e-10 1.011982685867949662e-12
4.774962930107184414e-05 4.362825403429355472e-10 1.035106661625091017e-12
4.886186104779054808e-05 4.606193030165094132e-10 1.064042052547830539e-12
4.999999999999999562e-05 4.870109526772644022e-10 1.099387231071030145e-12
5.057897271299489764e-05 5.006937354402510057e-10 1.119598079275101136e-12
5.116464961403766531e-05 5.151103533570375534e-10 1.141702202894532286e-12
5.175710833396715576e-05 5.299707050056501796e-10 1.165727182624804380e-12
5.235642740254491996e-05 5.452829421924988437e-10 1.191815335130992489e-12
5.296268625886447188e-05 5.611064520199871995e-10 1.219957657562401048e-12
5.357596526188034176e-05 5.775546055115516269e-10 1.250245372366172924e-12
5.419634570106018624e-05 5.945350751736198112e-10 1.282852428453534914e-12
5.482390980715925750e-05 6.121498655795197582e-10 1.317762471292672265e-12
5.545874076312003680e-05 6.301215763456753880e-10 1.355108713593376999e-12
5.610092271509814368e-05 6.485725243385300754e-10 1.394743743782294287e-12
5.675054078361571342e-05 6.678354929615957041e-10 1.437079118230670796e-12
5.740768107484407919e-05 6.874747528374262350e-10 1.481972955410992366e-12
5.807243069201718186e-05 7.077451495812696617e-10 1.529392739601759686e-12
5.874487774697651393e-05 7.283634070560135834e-10 1.579520933225574936e-12
5.942511137185094486e-05 7.500632008080783027e-10 1.632407689003723665e-12
6.011322173087064877e-05 7.717982285067667719e-10 1.687868199558874563e-12
6.080930003231839372e-05 7.942930167149919549e-10 1.746162264359618336e-12
6.151343854061905325e-05 8.175005452253891060e-10 1.807120189163425462e-12
6.222573058856921034e-05 8.405985377911621180e-10 1.870510415390904667e-12
6.294627058970830402e-05 8.647527735859533466e-10 1.936862085609376405e-12
6.367515405083314138e-05 8.892056395867119135e-10 2.005894644797656258e-12
6.441247758465673719e-05 9.141261696304971023e-10 2.077385861679232391e-12
6.515833892261499124e-05 9.399063832904834464e-10 2.151447382717197868e-12
6.591283692782035650e-05 9.654547187715769705e-10 2.227860731637351938e-12
6.667607160816619769e-05 9.918343215953562486e-10 2.306624748870759560e-12
6.744814412958265366e-05 1.018402941185720173e-09 2.387669826060804976e-12
6.822915682944618535e-05 1.045278900581806163e-09 2.470722386587271588e-12
6.901921323014417829e-05 1.072383212585889640e-09 2.555670470352528971e-12
6.981841805279680852e-05 1.099714797097226155e-09 2.642345616799691525e-12
7.062687723113775782e-05 1.127220011601824714e-09 2.730490756085482988e-12
7.144469792555517389e-05 1.155075926800515819e-09 2.819937278650581738e-12
7.227198853729638578e-05 1.183267509021073168e-09 2.910444513695010671e-12
7.310885872283590017e-05 1.210761888290488376e-09 3.001905180420721067e-12
7.395541940841035122e-05 1.238833439789575356e-09 3.093738215562295209e-12
7.481178280472162371e-05 1.266041367373906289e-09 3.185589285601250477e-12
7.567806242181034505e-05 1.293680242359299285e-09 3.277569573905560376e-12
7.655437308410142656e-05 1.320968791176802588e-09 3.368919074430206267e-12
7.744083094562412067e-05 1.347580250590778691e-09 3.459631918234221352e-12
7.833755350540750207e-05 1.374314767548769714e-09 3.549276912052235011e-12
7.924465962305569597e-05 1.400700459126896712e-09 3.636968038206987876e-12
8.016226953450208102e-05 1.425679867287428708e-09 3.722903524198365288e-12
8.109050486794647857e-05 1.450283888277032042e-09 3.806750982252853168e-12
8.202948865997692718e-05 1.473969801974079939e-09 3.887295192836883943e-12
8.297934537187796715e-05 1.496876206981991599e-09 3.965091608870158748e-12
8.394020090612794207e-05 1.518628953590875239e-09 4.038240740734525792e-12
8.491218262308729617e-05 1.539559168698251012e-09 4.107978947115994233e-12
8.589541935787945305e-05 1.559420777449774397e-09 4.173168530719530284e-12
8.689004143746880239e-05 1.577675626104404121e-09 4.233264252398384445e-12
8.789618069793464267e-05 1.594636856686881765e-09 4.288331226415474922e-12
8.891397050194613488e-05 1.610188931412674342e-09 4.337482142077339461e-12
8.994354575643935166e-05 1.624485499000090690e-09 4.380605228832391514e-12
9.098504293049911853e-05 1.636323874169483353e-09 4.417191206483187155e-12
9.203860007344770748e-05 1.646944720078411797e-09 4.446945243277518342e-12
9.310435683314326931e-05 1.655502239954928553e-09 4.469990715936561464e-12
9.418245447449009216e-05 1.662447611181486973e-09 4.485545031618095136e-12
9.527303589816240703e-05 1.667351271913284171e-09 4.493860301718377421e-12
9.637624565954682279e-05 1.670689682776871754e-09 4.494431808753236242e-12
9.749222998790227921e-05 1.671204557651295329e-09 4.487555852023997002e-12
9.862113680574264088e-05 1.670065665711589181e-09 4.473163962649796190e-12
9.976311574844392432e-05 1.666572050354421040e-09 4.451276505786985445e-12
1.009183181840780691e-04 1.661791471061346593e-09 4.421864134172501870e-12
1.020868972334764650e-04 1.654319925329008305e-09 4.385490548550836154e-12
1.032690077905264468e-04 1.645163130997655318e-09 4.342186794065401046e-12
1.044648065427019234e-04 1.634150279314531550e-09 4.292578821006021016e-12
1.056744519918323541e-04 1.621137206254411030e-09 4.237033644800340910e-12
1.068981044751116051e-04 1.606548712523613321e-09 4.176018825815412211e-12
1.081359261863509960e-04 1.590276949087985680e-09 4.110616141637609021e-12
1.093880811974775648e-04 1.572574852915070272e-09 4.041115447567467654e-12
1.106547354802819166e-04 1.553313238024628843e-09 3.968722403946921624e-12
1.119360569284169843e-04 1.533270734215990240e-09 3.893967573723409122e-12
1.132322153796529580e-04 1.512224934241768135e-09 3.818231088371374797e-12
1.145433826383886162e-04 1.490264380321452986e-09 3.742064028157984749e-12
1.158697324984239751e-04 1.468634794046000484e-09 3.667301528288437952e-12
1.172114407659961160e-04 1.446317804539085108e-09 3.594706668545120563e-12
1.185686852830827555e-04 1.423882335539028739e-09 3.525678108520754867e-12
1.199416459509744813e-04 1.402321399755463495e-09 3.461263058370393977e-12
1.213305047541206945e-04 1.381356538105949924e-09 3.402818996457294148e-12
1.227354457842515364e-04 1.361313241354854103e-09 3.351521968412087396e-12
1.241566552647784948e-04 1.343138606371629926e-09 3.308514904965875417e-12
1.255943215754789502e-04 1.326251008627023076e-09 3.274885688419421679e-12
1.270486352774653110e-04 1.311641515654619217e-09 3.251925944865401902e-12
1.285197891384432108e-04 1.299156334724448766e-09 3.240343767001730610e-12
1.300079781582635788e-04 1.289420926988601713e-09 3.241137779603875636e-12
1.315133995947690435e-04 1.282443474631970016e-09 3.254701878290441806e-12
1.330362529899404168e-04 1.278541558705040617e-09 3.281935188637451796e-12
1.345767401963458062e-04 1.278121607546534806e-09 3.322983467837170880e-12
1.361350654038956073e-04 1.280947668733340363e-09 3.377981393793794435e-12
1.377114351669082826e-04 1.287702465761827894e-09 3.446648265530179342e-12
1.393060584314884456e-04 1.297944606530694939e-09 3.528909027858605332e-12
1.409191465632227234e-04 1.311686538956507252e-09 3.624038149758647556e-12
1.425509133751954596e-04 1.329517608417661886e-09 3.731135787894606132e-12
1.442015751563302745e-04 1.350792975924826557e-09 3.848946153850301863e-12
1.458713507000582675e-04 1.375278703887919516e-09 3.976163615785693425e-12
1.475604613333193413e-04 1.402945655401219179e-09 4.111149617306719968e-12
1.492691309458980017e-04 1.433839485336676121e-09 4.252138064243406114e-12
1.509975860201007907e-04 1.466786207260813456e-09 4.396451941381758908e-12
1.527460556607755941e-04 1.501768534816608127e-09 4.542464160829582255e-12
1.545147716256795760e-04 1.538187583519918425e-09 4.687255993988368443e-12
1.563039683561977700e-04 1.576245700392659830e-09 4.828325478638305960e-12
1.581138830084189426e-04 1.613822415057049428e-09 4.963390628350090241e-12
1.599447554845698401e-04 1.651421594928762629e-09 5.088883394709867735e-12
1.617968284648140247e-04 1.688059794916399210e-09 5.203456426348790367e-12
1.636703474394191234e-04 1.723323026542782556e-09 5.304512596379891173e-12
1.655655607412955237e-04 1.756657668764376391e-09 5.389428351888447527e-12
1.674827195789137821e-04 1.785821583238433138e-09 5.456570653205853993e-12
1.694220780696013395e-04 1.812289210553510131e-09 5.504047114992841363e-12
1.713838932732252138e-04 1.834271931030222671e-09 5.531253465148903198e-12
1.733684252262658175e-04 1.852216658073019949e-09 5.537168887379005132e-12
1.753759369762839622e-04 1.864949957167879253e-09 5.521629682109516779e-12
1.774066946167876340e-04 1.871957753124847151e-09 5.485247242004844497e-12
1.794609673225026631e-04 1.873773091442949314e-09 5.428884913172228636e-12
1.815390273850506729e-04 1.869933333253638550e-09 5.354359565955700052e-12
1.836411502490422785e-04 1.861147519306036458e-09 5.264317865122014622e-12
1.857676145485863753e-04 1.847027239769704738e-09 5.160992648165549397e-12
1.879187021442221307e-04 1.828812707618594880e-09 5.048065520459766528e-12
1.900946981602805912e-04 1.806378277545389623e-09 4.929497453915024928e-12
1.922958910226767713e-04 1.780572599610240959e-09 4.809307037766839397e-12
1.945225724971402217e-04 1.752532755944205695e-09 4.692324623773543776e-12
1.967750377278886019e-04 1.722872873203013557e-09 4.582577283457723137e-12
1.990535852767486491e-04 1.693248882171361407e-09 4.485066417652169107e-12
2.013585171627295032e-04 1.664408132897308650e-09 4.403680322361765455e-12
2.036901389020562758e-04 1.637721710805055985e-09 4.343073025883584517e-12
2.060487595486651640e-04 1.614482815951258966e-09 4.305813010234607089e-12
2.084346917351677527e-04 1.595415635664771921e-09 4.294727470775668557e-12
2.108482517142911186e-04 1.581536985966305785e-09 4.311753644159705993e-12
2.132897594007962582e-04 1.573631610486200024e-09 4.357292945939737507e-12
2.157595384138824807e-04 1.572568041483499247e-09 4.430977867184213692e-12
2.182579161200830003e-04 1.578279464458069776e-09 4.531393151218153448e-12
2.207852236766562250e-04 1.591415638514324359e-09 4.655196760758943890e-12
2.233417960754814700e-04 1.611572843172434812e-09 4.798755034663333132e-12
2.259279721874612925e-04 1.638290552262824639e-09 4.956894715975116807e-12
2.285440948074375753e-04 1.669824795018274785e-09 5.123029095742038236e-12
2.311905106996301417e-04 1.706143162760593159e-09 5.291727809023958925e-12
2.338675706435990400e-04 1.746184980721205869e-09 5.455040110060080344e-12
2.365756294807400931e-04 1.786961021898222956e-09 5.606377854517210059e-12
2.393150461613192145e-04 1.827640210749894453e-09 5.738590668841456236e-12
2.420861837920496669e-04 1.866943912209135972e-09 5.845692237978092202e-12
2.448894096842230486e-04 1.901887244885999587e-09 5.922236607332427907e-12
2.477250954023952571e-04 1.931983613394880688e-09 5.964662149015810350e-12
2.505936168136362096e-04 1.955128014238041335e-09 5.971052606973616406e-12
2.534953541373522129e-04 1.970011839770755817e-09 5.940995843090173266e-12
2.564306919956823639e-04 1.976663587872039972e-09 5.876531201180227688e-12
2.594000194644804458e-04 1.974360780172757451e-09 5.781650457536143237e-12
2.624037301248860888e-04 1.962923582413162439e-09 5.662200095395588688e-12
2.654422221154941939e-04 1.943130814556311590e-09 5.526060714340584693e-12
2.685158981851263043e-04 1.917685236670761108e-09 5.382267861104279153e-12
2.716251657462165044e-04 1.887184667515118846e-09 5.240916377878090300e-12
2.747704369288123854e-04 1.853450391528916726e-09 5.112158028329384164e-12
2.779521286352018127e-04 1.819809060796084304e-09 5.005883143607072307e-12
2.811706625951744943e-04 1.787958669804285310e-09 4.930655200991546783e-12
2.844264654219206255e-04 1.760740495398009630e-09 4.893822734115003063e-12
2.877199686685782661e-04 1.740516863983572764e-09 4.899123431940767697e-12
2.910516088854357393e-04 1.728904966757522421e-09 4.948596532518503637e-12
2.944218276777944713e-04 1.727296256808005461e-09 5.040232218547808957e-12
2.978310717645051204e-04 1.736219289391256868e-09 5.169128174865184872e-12
3.012797930371790027e-04 1.755520226669626453e-09 5.326668650750048837e-12
3.047684486200846234e-04 1.784322193425857152e-09 5.502470465094814230e-12
3.082975009307410805e-04 1.820358955334758863e-09 5.683123481365105648e-12
3.118674177412095313e-04 1.860990472818547241e-09 5.855210990677512352e-12
3.154786722400964379e-04 1.904162212707042739e-09 6.004743369699072062e-12
3.191317430952743915e-04 1.945982464532317515e-09 6.119688481869616319e-12
3.228271145173277810e-04 1.982562346761577718e-09 6.190076032707508542e-12
3.265652763237360972e-04 2.010842877222207628e-09 6.209359828113775214e-12
3.303467240037981823e-04 2.029004586827289926e-09 6.177507683659469357e-12
3.341719587843073962e-04 2.035190776642538456e-09 6.097161857199032136e-12
3.380414876959908759e-04 2.029102598628190804e-09 5.976837672252187670e-12
3.419558236407145655e-04 2.011451198100719785e-09 5.829414384230416769e-12
3.459154854594680595e-04 1.983805338807930085e-09 5.670812245991324659e-12
3.499209980011365223e-04 1.949503787826283571e-09 5.519312525458939513e-12
3.539728921920689544e-04 1.912644533907954255e-09 5.392229192650552238e-12
3.580717051064509363e-04 1.877560069030399130e-09 5.306107850130685112e-12
3.622179800374948611e-04 1.848236386381241639e-09 5.272398773063297284e-12
3.664122665694521551e-04 1.828790641762128183e-09 5.297626773467870535e-12
3.706551206504588155e-04 1.821979292394116385e-09 5.381095884394123209e-12
3.749471046662278739e-04 1.828864205805560848e-09 5.515153506163078369e-12
3.792887875145917642e-04 1.849869764576796852e-09 5.685630952509717699e-12
3.836807446809092350e-04 1.882107231620035394e-09 5.873027618481930985e-12
3.881235583143459109e-04 1.922889392598655451e-09 6.053544276639213598e-12
3.926178173050359310e-04 1.966676560175402465e-09 6.208519078977675039e-12
3.971641173621406028e-04 2.008378837571745395e-09 6.315421312428379522e-12
4.017630610928087857e-04 2.042706198997073182e-09 6.366795446491814427e-12
4.064152580820496862e-04 2.064884574099333715e-09 6.337853770137601591e-12
4.111213249735355723e-04 2.072104077234960916e-09 6.247412720309516252e-12
4.158818855513353842e-04 2.063247476743180887e-09 6.113535391050140022e-12
4.206975708225973477e-04 2.040406407391321662e-09 5.948993006410651155e-12
4.255690191011882867e-04 2.006553897164696450e-09 5.781779144132548150e-12
4.304968760923003155e-04 1.967587492895116026e-09 5.643340504220576337e-12
4.354817949780401981e-04 1.930748277727052399e-09 5.557369012144465830e-12
4.405244365040072280e-04 1.902347502467140397e-09 5.540764990875448180e-12
4.456254690668729119e-04 1.887370491361380654e-09 5.595268045515969346e-12
4.507855688029784470e-04 1.889388003056328149e-09 5.718070563539314080e-12
4.560054196779547643e-04 1.908739340092068639e-09 5.891455943404444392e-12
4.612857135773813463e-04 1.942458318762426023e-09 6.087823452706444265e-12
4.666271503984952018e-04 1.985298707452715090e-09 6.261963758595012259e-12
4.720304381429617636e-04 2.029348201423991499e-09 6.400299984401903355e-12
4.774962930107179535e-04 2.066517650965796737e-09 6.458582713542014202e-12
4.830254394949064418e-04 2.089832337751578432e-09 6.440346417088232792e-12
4.886186104779055486e-04 2.095856572025245500e-09 6.338703238786633290e-12
4.942765473284694211e-04 2.081643293756617419e-09 6.177767466313532834e-12
4.999999999999999020e-04 2.052366235631691256e-09 6.002536275601474869e-12
5.057897271299491120e-04 2.013197092486090606e-09 5.849581186740785200e-12
5.116464961403767615e-04 1.974983298367156592e-09 5.751247290611257519e-12
5.175710833396719507e-04 1.943763920892460471e-09 5.735281030185584718e-12
5.235642740254497010e-04 1.931431741790255538e-09 5.809637837464399160e-12
5.296268625886442309e-04 1.939572735207705503e-09 5.964308580690204154e-12
5.357596526188034176e-04 1.966015928527675239e-09 6.155556323653534115e-12
5.419634570106019031e-04 2.003831253319652486e-09 6.341373407663849795e-12
5.482390980715924666e-04 2.054252800821464875e-09 6.479959259854690301e-12
5.545874076312003274e-04 2.089853083912529809e-09 6.531584433925851589e-12
5.610092271509814097e-04 2.112353154151418718e-09 6.489465366101321802e-12
5.675054078361570394e-04 2.108030827515335953e-09 6.365031154819398049e-12
5.740768107484413340e-04 2.086447710788741840e-09 6.186444988231030654e-12
5.807243069201712630e-04 2.051390596330202119e-09 6.016416247815247760e-12
5.874487774697650716e-04 2.010313347977073245e-09 5.902935099399139605e-12
5.942511137185093944e-04 1.975205989402257338e-09 5.886973490083213059e-12
6.011322173087065013e-04 1.965217885549211480e-09 5.975972022754322159e-12
6.080930003231838424e-04 1.977777556933883892e-09 6.143640500207760212e-12
6.151343854061905054e-04 2.011414375124677143e-09 6.343644972525569838e-12
6.222573058856920762e-04 2.057682070116850625e-09 6.506310701369101015e-12
6.294627058970836365e-04 2.096828136661255105e-09 6.586664925316116828e-12
6.367515405083307633e-04 2.121773507432505336e-09 6.553665658899644083e-12
6.441247758465673719e-04 2.119262586384146359e-09 6.422774861269508340e-12
6.515833892261499666e-04 2.094364090725878299e-09 6.242451423793846203e-12
6.591283692782036463e-04 2.055276514695763224e-09 6.080644487305996252e-12
6.667607160816619227e-04 2.015017557184856039e-09 6.004164699604420685e-12
6.744814412958265908e-04 1.993240182553653800e-09 6.039074069855780294e-12
6.822915682944618535e-04 1.998394774577133313e-09 6.184229068417535858e-12
6.901921323014425418e-04 2.029150176844797870e-09 6.384931950685911505e-12
6.981841805279687899e-04 2.072184141465489432e-09 6.556803147904586609e-12
7.062687723113776324e-04 2.111866876133361004e-09 6.632948808900955376e-12
7.144469792555517389e-04 2.131942145928156952e-09 6.586539977149308773e-12
7.227198853729638849e-04 2.121725673611263571e-09 6.429853023226968085e-12
7.310885872283591101e-04 2.090612684191370928e-09 6.244760546223729111e-12
7.395541940841035122e-04 2.050373172937119502e-09 6.115077769773081413e-12
7.481178280472162642e-04 2.019481003850984886e-09 6.107822020611553281e-12
7.567806242181033963e-04 2.013437725488893237e-09 6.228199561459858152e-12
7.655437308410150245e-04 2.040186002002859996e-09 6.424086983963695265e-12
7.744083094562404478e-04 2.082818910480366068e-09 6.600067019780381350e-12
7.833755350540748310e-04 2.124542136803944726e-09 6.669327979282604291e-12
7.924465962305569326e-04 2.139507080973219771e-09 6.598801816996742379e-12
8.016226953450208102e-04 2.121428970862858511e-09 6.426146597216799866e-12
8.109050486794647586e-04 2.084797622958165192e-09 6.251052490795694283e-12
8.202948865997692447e-04 2.044940315778313708e-09 6.170908173070746385e-12
8.297934537187797799e-04 2.027064100836075174e-09 6.251673667908661649e-12
8.394020090612802068e-04 2.043437515681028057e-09 6.422303362738064974e-12
8.491218262308720130e-04 2.088016520770198001e-09 6.614882657545025061e-12
8.589541935787945847e-04 2.126110713858112105e-09 6.698909682655979845e-12
8.689004143746880239e-04 2.142739829636650425e-09 6.628332507366242192e-12
8.789618069793464538e-04 2.123885934568405674e-09 6.449008139909424389e-12
8.891397050194613759e-04 2.082417467734492955e-09 6.283239586719918152e-12
8.994354575643935708e-04 2.043123032597240755e-09 6.244959000981075695e-12
9.098504293049911040e-04 2.043116960855035067e-09 6.364609475941268912e-12
9.203860007344779421e-04 2.074830923465408163e-09 6.567207744181582650e-12
9.310435683314336689e-04 2.117554143559640481e-09 6.709519387600287895e-12
9.418245447449009487e-04 2.146756348880173447e-09 6.682684576234190805e-12
9.527303589816240974e-04 2.136686226219960737e-09 6.538223200718791086e-12
9.637624565954680924e-04 2.097314630447843251e-09 6.355158197201362357e-12
9.749222998790225752e-04 2.059687922841924358e-09 6.301927086097668674e-12
9.862113680574266256e-04 2.053044776825524382e-09 6.416623501884994949e-12
9.976311574844392432e-04 2.084242389700690825e-09 6.617331431720055334e-12
1.009183181840779715e-03 2.127848808089768776e-09 6.742903195974444472e-12
1.020868972334764650e-03 2.148132589418380632e-09 6.689879139481995906e-12
1.032690077905264441e-03 2.128240850392394988e-09 6.504169712297807228e-12
1.044648065427020373e-03 2.085034453651185106e-09 6.357164109123362605e-12
1.056744519918323758e-03 2.059112585925070999e-09 6.385191595165054894e-12
1.068981044751116105e-03 2.073935138249766306e-09 6.566143892862098510e-12
1.081359261863509879e-03 2.118808408838913247e-09 6.732046921986600030e-12
1.093880811974775810e-03 2.146966816085769740e-09 6.735928428879756827e-12
1.106547354802818028e-03 2.137676221457526691e-09 6.569165905511559779e-12
1.119360569284169951e-03 2.095973472374139570e-09 6.405590222760516030e-12
1.132322153796529608e-03 2.068640131575984583e-09 6.426191805546627623e-12
1.145433826383887273e-03 2.082283677307095550e-09 6.596359887313501783e-12
1.158697324984239805e-03 2.124819383014625661e-09 6.762169879128216889e-12
1.172114407659961268e-03 2.153975774228043141e-09 6.729773575350072644e-12
1.185686852830827474e-03 2.131316318322901424e-09 6.552006125986841670e-12
1.199416459509744732e-03 2.088161297009396691e-09 6.426599631589321452e-12
1.213305047541207108e-03 2.071215309826189297e-09 6.532384587413649597e-12
1.227354457842515364e-03 2.105922559382979855e-09 6.706861845632524955e-12
1.241566552647785111e-03 2.140558730268325218e-09 6.789207899759685358e-12
1.255943215754791020e-03 2.148030088125019638e-09 6.659998449403022994e-12
1.270486352774653164e-03 2.101449500885663794e-09 6.483403592583339572e-12
1.285197891384432054e-03 2.077372046022105872e-09 6.493271157193679307e-12
1.300079781582635843e-03 2.094417040162695196e-09 6.680563567160673226e-12
1.315133995947690652e-03 2.143794788094285609e-09 6.802537449624604147e-12
1.330362529899404168e-03 2.151123532103563435e-09 6.699615539650736570e-12
1.345767401963456761e-03 2.112867501876527869e-09 6.517104909699122196e-12
1.361350654038956127e-03 2.082406538340371228e-09 6.520951457196571118e-12
1.377114351669082772e-03 2.104304068655400127e-09 6.710804497164318447e-12
1.393060584314885974e-03 2.146545378651292653e-09 6.824345849385070504e-12
1.409191465632227396e-03 2.146598691205692016e-09 6.683008688388216146e-12
1.425509133751954758e-03 2.102940757743342363e-09 6.519990510195471039e-12
1.442015751563302745e-03 2.086533015295517429e-09 6.588461623593769238e-12
1.458713507000582730e-03 2.121091686014773722e-09 6.784307695697471826e-12
1.475604613333191895e-03 2.152089475892742118e-09 6.792933074234676961e-12
1.492691309458979909e-03 2.129549355581121340e-09 6.611435669942555005e-12
1.509975860201007852e-03 2.089397449970381822e-09 6.546947305969463339e-12
1.527460556607757730e-03 2.103072171565985048e-09 6.716130600283430854e-12
1.545147716256796032e-03 2.144825067885046501e-09 6.831751073310693686e-12
1.563039683561977646e-03 2.143184260231246188e-09 6.682568336073285219e-12
1.581138830084189697e-03 2.101586668454807416e-09 6.553848251382792527e-12
1.599447554845698618e-03 2.098063847622331862e-09 6.682300374371333572e-12
1.617968284648140355e-03 2.131437963489580781e-09 6.838524960237912514e-12
1.636703474394191234e-03 2.145065498339669974e-09 6.729412582633100687e-12
1.655655607412955237e-03 2.105941025115384855e-09 6.579609915716043104e-12
1.674827195789139501e-03 2.102260937932704616e-09 6.692913317802813677e-12
1.694220780696013232e-03 2.140635303019143799e-09 6.850676138431929465e-12
1.713838932732252192e-03 2.146960526263400057e-09 6.732346461319477620e-12
1.733684252262658121e-03 2.105070772201249586e-09 6.600659137111149760e-12
1.753759369762839622e-03 2.107162043454701609e-09 6.730194868623914133e-12
1.774066946167876394e-03 2.143342109208947177e-09 6.852214265321151964e-12
1.794609673225024734e-03 2.137884425968747847e-09 6.695326175869566470e-12
1.815390273850506784e-03 2.094814780965195202e-09 6.615475534882422341e-12
1.836411502490423002e-03 2.126405139860233942e-09 6.805536618652371651e-12
1.857676145485863753e-03 2.152109697601680631e-09 6.823212500138041614e-12
1.879187021442221307e-03 2.119020459481052496e-09 6.644882200680665351e-12
1.900946981602806129e-03 2.102927087574786224e-09 6.711206774120247165e-12
1.922958910226767659e-03 2.140940895303723565e-09 6.864426053245613785e-12
1.945225724971402217e-03 2.138595725413025259e-09 6.735075426705929756e-12
1.967750377278885965e-03 2.100366356806826176e-09 6.654459232316640172e-12
1.990535852767486274e-03 2.125641033215023929e-09 6.841937518181409261e-12
2.013585171627295303e-03 2.148440962728407908e-09 6.808558485660022107e-12
2.036901389020564709e-03 2.109745523069253640e-09 6.655089644568120870e-12
2.060487595486651911e-03 2.118369217967328379e-09 6.793878231633863619e-12
2.084346917351677202e-03 2.148833695685321962e-09 6.853605755639756075e-12
2.108482517142911024e-03 2.119006081017024371e-09 6.676882512496663365e-12
2.132897594007962527e-03 2.108816213714021547e-09 6.773332875477919171e-12
2.157595384138824915e-03 2.147595419694348673e-09 6.865572878057803836e-12
2.182579161200830058e-03 2.122182823462296757e-09 6.697059117107920304e-12
2.207852236766562250e-03 2.107414071311553177e-09 6.773135947053761625e-12
2.233417960754816977e-03 2.145886177917867556e-09 6.872548117020647015e-12
2.259279721874612925e-03 2.122850918379438955e-09 6.701960979210592875e-12
2.285440948074375644e-03 2.110242178561652170e-09 6.789955319828642108e-12
2.311905106996301525e-03 2.143483353070147802e-09 6.869031180954328106e-12
2.338675706435990129e-03 2.116315418468618876e-09 6.708450340198011479e-12
2.365756294807401256e-03 2.117975843012703706e-09 6.829591273062918813e-12
2.393150461613189652e-03 2.140447268177333602e-09 6.845405971297351472e-12
2.420861837920496723e-03 2.108650183128411685e-09 6.710767826538137549e-12
2.448894096842230486e-03 2.128088932210049404e-09 6.865548931013946111e-12
2.477250954023952571e-03 2.137609308102694228e-09 6.790754920129550389e-12
2.505936168136362312e-03 2.104945998989917576e-09 6.758734331236035366e-12
2.534953541373521912e-03 2.139482976017591237e-09 6.898422392211583780e-12
2.564306919956823531e-03 2.119260875609921883e-09 6.733199103797927800e-12
2.594000194644804566e-03 2.116367987319918833e-09 6.846104339014653085e-12
2.624037301248860997e-03 2.141372109120971820e-09 6.839545849708983785e-12
2.654422221154942047e-03 2.109831560811686965e-09 6.751637148925981167e-12
2.685158981851263043e-03 2.136571786010520424e-09 6.903766397597996463e-12
2.716251657462167863e-03 2.118008236002724784e-09 6.748867133481571188e-12
2.747704369288123637e-03 2.115765296749308174e-09 6.864738141115787226e-12
2.779521286352018127e-03 2.135292765100825239e-09 6.826679611804874578e-12
2.811706625951745052e-03 2.105648157620219302e-09 6.793599739831974720e-12
2.844264654219206146e-03 2.140024084695955826e-09 6.892167549060796902e-12
2.877199686685782878e-03 2.108001763404414159e-09 6.752945077784456148e-12
2.910516088854357610e-03 2.131705257845099639e-09 6.911631537631340553e-12
2.944218276777944496e-03 2.118184504162404283e-09 6.768506447963295716e-12
2.978310717645054131e-03 2.115186876444405673e-09 6.892248534573763163e-12
3.012797930371790243e-03 2.126587416805147108e-09 6.814279775160450210e-12
3.047684486200845800e-03 2.108310237512351052e-09 6.853763951337111538e-12
3.082975009307410696e-03 2.131548450290035236e-09 6.849243444186172755e-12
3.118674177412095096e-03 2.102801670920330261e-09 6.828400056795112929e-12
3.154786722400964704e-03 2.135053727915403376e-09 6.864288397288344343e-12
3.191317430952740879e-03 2.105467899616463980e-09 6.812373381456372793e-12
3.228271145173277051e-03 2.134824695117146356e-09 6.890538337829430424e-12
3.265652763237360864e-03 2.105417918710985626e-09 6.812634532169856156e-12
3.303467240037982148e-03 2.133628193610055874e-09 6.897751295214236010e-12
3.341719587843074504e-03 2.104299915964353210e-09 6.811146382630954045e-12
3.380414876959908759e-03 2.132114009922256881e-09 6.895490445526143969e-12
3.419558236407146089e-03 2.107512359427388421e-09 6.823674541527451867e-12
3.459154854594680487e-03 2.130988167849503511e-09 6.880949089075020908e-12
3.499209980011365115e-03 2.103993044483405968e-09 6.844316029855921972e-12
3.539728921920689327e-03 2.127303371743444652e-09 6.860512360682186560e-12
3.580717051064509580e-03 2.110062892229820750e-09 6.878439647379976214e-12
3.622179800374953056e-03 2.121137370606761430e-09 6.834692050661952702e-12
3.664122665694521767e-03 2.118150672473952101e-09 6.913540924455697963e-12
3.706551206504588372e-03 2.111448464900106226e-09 6.811602210494835678e-12
3.749471046662278956e-03 2.119655705007152522e-09 6.928742708277079566e-12
3.792887875145917100e-03 2.101197164606005011e-09 6.816791309306750860e-12
3.836807446809092133e-03 2.127179010832740946e-09 6.911626060261902762e-12
3.881235583143458675e-03 2.101127638250602747e-09 6.874299751765206818e-12
3.926178173050358551e-03 2.119141886516609810e-09 6.845098031012031950e-12
3.971641173621410364e-03 2.118062194667583803e-09 6.928144496559721677e-12
4.017630610928087966e-03 2.103369902363060949e-09 6.821802453625165557e-12
4.064152580820497296e-03 2.125308988277832943e-09 6.914322064794628448e-12
4.111213249735355506e-03 2.103751617758669012e-09 6.887094934170860075e-12
4.158818855513353625e-03 2.110382836591636760e-09 6.841825871914993333e-12
4.206975708225973477e-03 2.121059111991131764e-09 6.939232428992328555e-12
4.255690191011879397e-03 2.101158514382206421e-09 6.860875324741818544e-12
4.304968760923003589e-03 2.119361859119527887e-09 6.868351617299272867e-12
4.354817949780402306e-03 2.115690726006392171e-09 6.937983207063838611e-12
4.405244365040072822e-03 2.097290750849423638e-09 6.852415345793995136e-12
4.456254690668728577e-03 2.118515642429891291e-09 6.873328763330034394e-12
4.507855688029784903e-03 2.120950458057144837e-09 6.941141267504985512e-12
4.560054196779547535e-03 2.100673067185574805e-09 6.868168238055457434e-12
4.612857135773813788e-03 2.102235643816194020e-09 6.861551286775055676e-12
4.666271503984952343e-03 2.116685257482540777e-09 6.938450605336388234e-12
4.720304381429616877e-03 2.100355153777114794e-09 6.903574669822627785e-12
4.774962930107178559e-03 2.100560970726707545e-09 6.846722441951841148e-12
4.830254394949069947e-03 2.107575405500104277e-09 6.909376252240281006e-12
4.886186104779055052e-03 2.111480190936899142e-09 6.945367951491131942e-12
4.942765473284694427e-03 2.097180790620011153e-09 6.886275597627783632e-12
4.999999999999999237e-03 2.098185097400693140e-09 6.855897949582977305e-12
5.057897271299491120e-03 2.119849892016779658e-09 6.909598112757899893e-12
5.116464961403772820e-03 2.109698623102453713e-09 6.947676557925218827e-12
5.175710833396719723e-03 2.094910300182795179e-09 6.909271270130630508e-12
5.235642740254497010e-03 2.097057322533977073e-09 6.863394747369166820e-12
5.296268625886442309e-03 2.109835851738527004e-09 6.880809699870394641e-12
5.357596526188034176e-03 2.108595417665117498e-09 6.926485854809187218e-12
5.419634570106018380e-03 2.106322986637971656e-09 6.950349409143577571e-12
5.482390980715924449e-03 2.096821440345407470e-09 6.922015021382969786e-12
5.545874076312003707e-03 2.093709629717328817e-09 6.882924430703284761e-12
5.610092271509814314e-03 2.092384101852265252e-09 6.870644192029422414e-12
5.675054078361576465e-03 2.103098816306586062e-09 6.891587443655524968e-12
5.740768107484413990e-03 2.106756029737626342e-09 6.925815971184204289e-12
5.807243069201712196e-03 2.107947640636444114e-09 6.948049919370541988e-12
5.874487774697644861e-03 2.101224691199967251e-09 6.953002682223176872e-12
5.942511137185094161e-03 2.096704586867433088e-09 6.939458251521634883e-12
6.011322173087065013e-03 2.092110697291427630e-09 6.918840892289515231e-12
6.080930003231838424e-03 2.088355261694757823e-09 6.900487824987347297e-12
6.151343854061904620e-03 2.087744923059366855e-09 6.890741884594518868e-12
6.222573058856927485e-03 2.089287140015109702e-09 6.883950308760369910e-12
6.294627058970835715e-03 2.093231760872335783e-09 6.885133572504924601e-12
6.367515405083306983e-03 2.091599201558071454e-09 6.888999984531136318e-12
6.441247758465666780e-03 2.093226832905327518e-09 6.891013322096528234e-12
6.515833892261499449e-03 2.091540880771937136e-09 6.895933357961927623e-12
6.591283692782035596e-03 2.090153518544595802e-09 6.897708789459237266e-12
6.667607160816618576e-03 2.091440677037689723e-09 6.896775713796748156e-12
6.744814412958264824e-03 2.091380367047249829e-09 6.897297326373147862e-12
6.822915682944624173e-03 2.087872231213955332e-09 6.896735856825649231e-12
6.901921323014425201e-03 2.086276138509172099e-09 6.895001732949730136e-12
6.981841805279686598e-03 2.085851987883982825e-09 6.893980587516256855e-12
7.062687723113769168e-03 2.082347456983164573e-09 6.894880231162222053e-12
7.144469792555517389e-03 2.082635104595815738e-09 6.910365102908985164e-12
7.227198853729638849e-03 2.082067476949081178e-09 6.930515521287405888e-12
7.310885872283589583e-03 2.085425771036067581e-09 6.949233567881139366e-12
7.395541940841033821e-03 2.090689288754899086e-09 6.962370171517466272e-12
7.481178280472170448e-03 2.091458059406567161e-09 6.957001619595798505e-12
7.567806242181042420e-03 2.089079913534137231e-09 6.939794812469411088e-12
7.655437308410150896e-03 2.085957508664625648e-09 6.911714415570094538e-12
7.744083094562405345e-03 2.080180997212023371e-09 6.900573872347634223e-12
7.833755350540741805e-03 2.079263648533782700e-09 6.932379491444363595e-12
7.924465962305568892e-03 2.084594303971698054e-09 6.961251467577293655e-12
8.016226953450207235e-03 2.088440262698696391e-09 6.956539333321816803e-12
8.109050486794647586e-03 2.085746250919027649e-09 6.920601748320760769e-12
8.202948865997691796e-03 2.075987139554867293e-09 6.912339297094864957e-12
8.297934537187806256e-03 2.080118625891981968e-09 6.952092964384589873e-12
8.394020090612802285e-03 2.085772095033407603e-09 6.964691854664062064e-12
8.491218262308719913e-03 2.080099062930960886e-09 6.921023905620891139e-12
8.589541935787937607e-03 2.073437344629778658e-09 6.927281668247899245e-12
8.689004143746880890e-03 2.081787184824097847e-09 6.966669008425201346e-12
8.789618069793463453e-03 2.080207439503544360e-09 6.935175826680635068e-12
8.891397050194612892e-03 2.071693914813679713e-09 6.926623626174198123e-12
8.994354575643936575e-03 2.081138461262574859e-09 6.965574915373531525e-12
9.098504293049921449e-03 2.076611856984794257e-09 6.927366632432206360e-12
9.203860007344780506e-03 2.071109680241877245e-09 6.944380073200509759e-12
9.310435683314336255e-03 2.079423956103667987e-09 6.958977823337954090e-12
9.418245447449000163e-03 2.069002043016925162e-09 6.924551406119646976e-12
9.527303589816240106e-03 2.077155185269068046e-09 6.970011674738702875e-12
9.637624565954681574e-03 2.070994259644840547e-09 6.923662518531101721e-12
9.749222998790225969e-03 2.073562832282538328e-09 6.967142182721728777e-12
9.862113680574265823e-03 2.071386573420294682e-09 6.928271192853976397e-12
9.976311574844402841e-03 2.071888744414117547e-09 6.967269674864420202e-12
1.009183181840780756e-02 2.069505787491068851e-09 6.928490200894110156e-12
1.020868972334764736e-02 2.073229130212369458e-09 6.971842405784176836e-12
1.032690077905264354e-02 2.067610916061482519e-09 6.927630576529193981e-12
1.044648065427019289e-02 2.072555241955266804e-09 6.968100643321666182e-12
1.056744519918323758e-02 2.062129687121013446e-09 6.940186852209585547e-12
1.068981044751116105e-02 2.068948115182969822e-09 6.944392312557662910e-12
1.081359261863509835e-02 2.066323489418268268e-09 6.970657360330885046e-12
1.093880811974775810e-02 2.062425999979358791e-09 6.936614426515046314e-12
1.106547354802819155e-02 2.068852839696370309e-09 6.955097799742123276e-12
1.119360569284169951e-02 2.065797369217134875e-09 6.971364443471016207e-12
1.132322153796529694e-02 2.059626628056590365e-09 6.939786146830339270e-12
1.145433826383886015e-02 2.064055530834076969e-09 6.942324767504762361e-12
1.158697324984239718e-02 2.066583654815122195e-09 6.970155367791127842e-12
1.172114407659961138e-02 2.061234878032064685e-09 6.966533847638008787e-12
1.185686852830827517e-02 2.056085720655101445e-09 6.943582832100722952e-12
1.199416459509744862e-02 2.058539536239404317e-09 6.938995341862319070e-12
1.213305047541208236e-02 2.063057432733606141e-09 6.950907811829092166e-12
1.227354457842515581e-02 2.063021731866831488e-09 6.969034181446412615e-12
1.241566552647785024e-02 2.062645638129232323e-09 6.975604385086833841e-12
1.255943215754789719e-02 2.058212302760519644e-09 6.971604712069781056e-12
1.270486352774653077e-02 2.054971472546074458e-09 6.958760636403782216e-12
1.285197891384432141e-02 2.053966400589312194e-09 6.959781911513191250e-12
1.300079781582635929e-02 2.052212763695216160e-09 6.953610922107542079e-12
1.315133995947690565e-02 2.052723452046277935e-09 6.953254296004487159e-12
1.330362529899405295e-02 2.051862468040570043e-09 6.952128501210703354e-12
1.345767401963457975e-02 2.049280606412981533e-09 6.935755753605441076e-12
1.361350654038956214e-02 2.050983364912662840e-09 6.959196676883595441e-12
1.377114351669082859e-02 2.050611316370390927e-09 6.968892074702208306e-12
1.393060584314884283e-02 2.052656345237487251e-09 6.977041398544827265e-12
1.409191465632227136e-02 2.053305554731313917e-09 6.975686504730951406e-12
1.425509133751954628e-02 2.053412859965242870e-09 6.968144606647097854e-12
1.442015751563302701e-02 2.049924515832356532e-09 6.951231367368691822e-12
1.458713507000582686e-02 2.046057514964865564e-09 6.947024639658509501e-12
1.475604613333193239e-02 2.046256176423037628e-09 6.966351713584368227e-12
1.492691309458979952e-02 2.049505779321648729e-09 6.979008774180659292e-12
1.509975860201007852e-02 2.048527367990479087e-09 6.957908106390704818e-12
1.527460556607755995e-02 2.042777108800887138e-09 6.952599040031851151e-12
1.545147716256795728e-02 2.046129132718936363e-09 6.978219615135036252e-12
1.563039683561977602e-02 2.047054914624718448e-09 6.961758811901398042e-12
1.581138830084189567e-02 2.042077211184957552e-09 6.956996690814306372e-12
1.599447554845698227e-02 2.046198508501617335e-09 6.977240204256814794e-12
1.617968284648142047e-02 2.046174762906574828e-09 6.953022503068190629e-12
1.636703474394191060e-02 2.042500209538858630e-09 6.978556247845671061e-12
1.655655607412955324e-02 2.040254528721897983e-09 6.955309352428788278e-12
1.674827195789137593e-02 2.042127636415511344e-09 6.980384045037023867e-12
1.694220780696013492e-02 2.037566925011065482e-09 6.958533628340964227e-12
1.713838932732252018e-02 2.042192669087300968e-09 6.978940713727726825e-12
1.733684252262658251e-02 2.036033887776665701e-09 6.963000559267136675e-12
1.753759369762839665e-02 2.037811576223122713e-09 6.958784084093697599e-12
1.774066946167878259e-02 2.040045844231029949e-09 6.982655083351207427e-12
1.794609673225026555e-02 2.034045513091124812e-09 6.966925585122270903e-12
1.815390273850506567e-02 2.034385863174631723e-09 6.956508258655014519e-12
1.836411502490422828e-02 2.037653476222904811e-09 6.969485785134727540e-12
1.857676145485861671e-02 2.035934989013637699e-09 6.980449527307392790e-12
1.879187021442221481e-02 2.033316507221408639e-09 6.977260223901859401e-12
1.900946981602805869e-02 2.030550190057632570e-09 6.967831146255538013e-12
1.922958910226767529e-02 2.029282029419271226e-09 6.961990013738627753e-12
1.945225724971402087e-02 2.030157493082663226e-09 6.958468198797102185e-12
1.967750377278888047e-02 2.028539405061651677e-09 6.957348487374299214e-12
1.990535852767486361e-02 2.027559533255074981e-09 6.959352142263847702e-12
2.013585171627295042e-02 2.026678851743848437e-09 6.958408139457073149e-12
2.036901389020562628e-02 2.025311228651133334e-09 6.963796889172982577e-12
2.060487595486651738e-02 2.025663011911619546e-09 6.968440603398814137e-12
2.084346917351677375e-02 2.026270695568754674e-09 6.978949542288775960e-12
2.108482517142910850e-02 2.027620524826945375e-09 6.981820591121800787e-12
2.132897594007962527e-02 2.027762636134029349e-09 6.974548000518376944e-12
2.157595384138826997e-02 2.023581081622004410e-09 6.961955207539056186e-12
2.182579161200830231e-02 2.022599998657166600e-09 6.974351393039262285e-12
2.207852236766562337e-02 2.025632983692266044e-09 6.980922579099105619e-12
2.233417960754814982e-02 2.021148952193553811e-09 6.965295050487342048e-12
2.259279721874612665e-02 2.021201054615430348e-09 6.979526779234157826e-12
2.285440948074375644e-02 2.022331860150411626e-09 6.969649427169381287e-12
2.311905106996301265e-02 2.018603773252018889e-09 6.974258301451511779e-12
2.338675706435990390e-02 2.020469509147233701e-09 6.969449229154215653e-12
2.365756294807403598e-02 2.018447080339214376e-09 6.980730757208357922e-12
2.393150461613192254e-02 2.017268226592535943e-09 6.964253417746213995e-12
2.420861837920496723e-02 2.018326019896618606e-09 6.981580480130774446e-12
2.448894096842230833e-02 2.015606580565771994e-09 6.977113265076516762e-12
2.477250954023949708e-02 2.014760934597232843e-09 6.964299256919770218e-12
2.505936168136362399e-02 2.016312527388442678e-09 6.971653997174983098e-12
2.534953541373521912e-02 2.016214540345141492e-09 6.979814406803886925e-12
2.564306919956823791e-02 2.014640526367161785e-09 6.984325850727829289e-12
2.594000194644804219e-02 2.013066021154510054e-09 6.982492560939685669e-12
2.624037301248863946e-02 2.011231059619563567e-09 6.979682800102812737e-12
2.654422221154941960e-02 2.011167659522423668e-09 6.981333846348903033e-12
2.685158981851263130e-02 2.010305202261555614e-09 6.982549403635157916e-12
2.716251657462165001e-02 2.010733389849832958e-09 6.986752622630334534e-12
2.747704369288124157e-02 2.009178524069062224e-09 6.983259499581185680e-12
2.779521286352018214e-02 2.009316497977772083e-09 6.974068762622009627e-12
2.811706625951744531e-02 2.006209979201626114e-09 6.967127781175512297e-12
2.844264654219205712e-02 2.005603997639465396e-09 6.979779303946764633e-12
2.877199686685785740e-02 2.007719820937061833e-09 6.982654510752769292e-12
2.910516088854357350e-02 2.004118192495183602e-09 6.971284598546641632e-12
2.944218276777944496e-02 2.005286756878869137e-09 6.985218178137446539e-12
2.978310717645051356e-02 2.003364328408704733e-09 6.970074658230557626e-12
3.012797930371789723e-02 2.004171923387961793e-09 6.986919324495613994e-12
3.047684486200846060e-02 2.001321483241387724e-09 6.971348589349558653e-12
3.082975009307410696e-02 2.003136996900304899e-09 6.979880487363821979e-12
3.118674177412094836e-02 2.001130066723775612e-09 6.983933211338906553e-12
3.154786722400967913e-02 1.998425699080754153e-09 6.975481597475756372e-12
3.191317430952744089e-02 1.998729895977064324e-09 6.969690145623456897e-12
3.228271145173277484e-02 1.999041545505490809e-09 6.977230163289702061e-12
3.265652763237360950e-02 1.999049779646019938e-09 6.971794049808932222e-12
3.303467240037978592e-02 1.998519048937310260e-09 6.982274775575036155e-12
3.341719587843074157e-02 1.998260365896587225e-09 6.977760049036954139e-12
3.380414876959909193e-02 1.996407939047624837e-09 6.976525926670903253e-12
3.419558236407145568e-02 1.994125875575303234e-09 6.972969408038279852e-12
3.459154854594680834e-02 1.992994488188809575e-09 6.975707079971209975e-12
3.499209980011368931e-02 1.994249221127761560e-09 6.982610216363185081e-12
3.539728921920690108e-02 1.993631881748074968e-09 6.977207704586067231e-12
3.580717051064509493e-02 1.990171501550355285e-09 6.979775408950000667e-12
3.622179800374948633e-02 1.992277927163429506e-09 6.986581978637808898e-12
3.664122665694521941e-02 1.989355284215512899e-09 6.976271648841320560e-12
3.706551206504588025e-02 1.990830177182914638e-09 6.980807194920715642e-12
3.749471046662278956e-02 1.988686899289664366e-09 6.985268045187352798e-12
3.792887875145917187e-02 1.986740752025287973e-09 6.973527282885050030e-12
3.836807446809096384e-02 1.987521436273148485e-09 6.977027012289043600e-12
3.881235583143459456e-02 1.986742306635029122e-09 6.979536602505023206e-12
3.926178173050358378e-02 1.987057406800087166e-09 6.985491614534207244e-12
3.971641173621406201e-02 1.986689138271650144e-09 6.984603075391825221e-12
4.017630610928087792e-02 1.986970989969471535e-09 6.984779853761874815e-12
4.064152580820497296e-02 1.984067879150440658e-09 6.980564971240266549e-12
4.111213249735355679e-02 1.982195089556655062e-09 6.976244651002051791e-12
4.158818855513353452e-02 1.981015759681511458e-09 6.980837559738050171e-12
4.206975708225977467e-02 1.981793482384409566e-09 6.987197879512350556e-12
4.255690191011883561e-02 1.980216922091434303e-09 6.977209305412860219e-12
4.304968760923003068e-02 1.980461578515444077e-09 6.986396121160040575e-12
4.354817949780401959e-02 1.978367385365050828e-09 6.976812313609578132e-12
4.405244365040068139e-02 1.978901701316273882e-09 6.989257927610174544e-12
4.456254690668728924e-02 1.977203378599527718e-09 6.985215486070305772e-12
4.507855688029784730e-02 1.976111839227064693e-09 6.980005816886358113e-12
4.560054196779547708e-02 1.975643082357254315e-09 6.977625247063097366e-12
4.612857135773813788e-02 1.974884756420738427e-09 6.978243630147831348e-12
4.666271503984956853e-02 1.974615040995566236e-09 6.978021994147972756e-12
4.720304381429617224e-02 1.973863310127028169e-09 6.978256629467629817e-12
4.774962930107178732e-02 1.972822698169326726e-09 6.980600302146808879e-12
4.830254394949064917e-02 1.973127864890812253e-09 6.987637967461613022e-12
4.886186104779054878e-02 1.971234582752354729e-09 6.978053862417021371e-12
4.942765473284694427e-02 1.970421952200161573e-09 6.985268063318793973e-12
4.999999999999999584e-02 1.969865072544556149e-09 6.979869282338602819e-12
5.057897271299491293e-02 1.970012827379958655e-09 6.985791981996883909e-12
5.116464961403772993e-02 1.967946320922231273e-09 6.982867581564523037e-12
5.175710833396719723e-02 1.967552185141689016e-09 6.976767175648352436e-12
5.235642740254497357e-02 1.966781638743125913e-09 6.980671741003391990e-12
5.296268625886442483e-02 1.966482414891749480e-09 6.980836256679106435e-12
5.357596526188034003e-02 1.965316445598038944e-09 6.979891471586620726e-12
5.419634570106018207e-02 1.964436026720544634e-09 6.978627778991813743e-12
5.482390980715925316e-02 1.963479138008370585e-09 6.984822720550366149e-12
5.545874076312003881e-02 1.963384348925218213e-09 6.987425829290947181e-12
5.610092271509819345e-02 1.961670566930955371e-09 6.979834490721065460e-12
5.675054078361576465e-02 1.962491122592586221e-09 6.982377192698550626e-12
5.740768107484413990e-02 1.960094178842001746e-09 6.984780642264956566e-12
5.807243069201711849e-02 1.959449997698499700e-09 6.978092955633153985e-12
5.874487774697650933e-02 1.959122225371447976e-09 6.978638635050376772e-12
5.942511137185094161e-02 1.958569589303664702e-09 6.983733691846680111e-12
6.011322173087065013e-02 1.957196563969980354e-09 6.981298237324367041e-12
6.080930003231839465e-02 1.954624297569260849e-09 6.979767789773070705e-12
6.151343854061905314e-02 1.956234109989840860e-09 6.986281620620496007e-12
6.222573058856927658e-02 1.956259345142129381e-09 6.985432236768326570e-12
6.294627058970836408e-02 1.954317258669035504e-09 6.986993193895768292e-12
6.367515405083307156e-02 1.954002461375811331e-09 6.981676735877752132e-12
6.441247758465666606e-02 1.952910462319255218e-09 6.988191561761030472e-12
6.515833892261499449e-02 1.950696118736274384e-09 6.985570516180998138e-12
6.591283692782036463e-02 1.950706634115619208e-09 6.982886452671208855e-12
6.667607160816618750e-02 1.949854188235464206e-09 6.982427706032663398e-12
6.744814412958265171e-02 1.950424243555134839e-09 6.987217580858786591e-12
6.822915682944624693e-02 1.950187813958889957e-09 6.987748665242469280e-12
6.901921323014424681e-02 1.948256529661895406e-09 6.982062627715120739e-12
6.981841805279687119e-02 1.943399081225134068e-09 6.987698618902793762e-12
7.062687723113769689e-02 1.946487798940790767e-09 6.982687603109191214e-12
7.144469792555517562e-02 1.945374478082335993e-09 6.981355285087438641e-12
7.227198853729638328e-02 1.945130029304579552e-09 6.982358924928758598e-12
7.310885872283590103e-02 1.945016633001013797e-09 6.985206129485616350e-12
7.395541940841035555e-02 1.943745723078707917e-09 6.983157823589127406e-12
7.481178280472171316e-02 1.942239706507101915e-09 6.984322481785015704e-12
7.567806242181042420e-02 1.943051654530890836e-09 6.986428162249730102e-12
7.655437308410151243e-02 1.939965783468660811e-09 6.982887935101453263e-12
7.744083094562405345e-02 1.940921014638766532e-09 6.982955532942816652e-12
7.833755350540749784e-02 1.941183662096667395e-09 6.986801795624109047e-12
7.924465962305569933e-02 1.940222515123932626e-09 6.987736294456633933e-12
8.016226953450207582e-02 1.938748634482851199e-09 6.990241833165553557e-12
8.109050486794648627e-02 1.937708772959761029e-09 6.987076336699051734e-12
8.202948865997693184e-02 1.936500732985434860e-09 6.983108637952876276e-12
8.297934537187805215e-02 1.937283935002968759e-09 6.986889796166728128e-12
8.394020090612802631e-02 1.935404129432450030e-09 6.985963809897927316e-12
8.491218262308720954e-02 1.934051965961379005e-09 6.981603722351603340e-12
8.589541935787936566e-02 1.931060098743974402e-09 7.001831747502816920e-12
8.689004143746879849e-02 1.933267155110998257e-09 6.980236424273962925e-12
8.789618069793464494e-02 1.932115824869162832e-09 6.986683834844320151e-12
8.891397050194613239e-02 1.932177079353728813e-09 6.985622812187711332e-12
8.994354575643935534e-02 1.931028765193337213e-09 6.986038620808507817e-12
9.098504293049920755e-02 1.930344398491935108e-09 6.981327892822778088e-12
9.203860007344780159e-02 1.929391281193717585e-09 6.984101770778435996e-12
9.310435683314335908e-02 1.928337826764908239e-09 6.984364901348972383e-12
9.418245447449000163e-02 1.921292379484540276e-09 6.981805783308426739e-12
9.527303589816239759e-02 1.926845281885585384e-09 6.987033345142488362e-12
9.637624565954681921e-02 1.926083523995791071e-09 6.984118288684622958e-12
9.749222998790225969e-02 1.926043043309132728e-09 6.989762204920677697e-12
9.862113680574266517e-02 1.924802830945370044e-09 6.988109950864886164e-12
9.976311574844401453e-02 1.923935105481919031e-09 6.988237845441846770e-12
1.009183181840780652e-01 1.922896267058529382e-09 6.987421524057441626e-12
1.020868972334764563e-01 1.921652905876487497e-09 6.968382381856990830e-12
1.032690077905264459e-01 1.921946106328810114e-09 6.988956581990777382e-12
1.044648065427020295e-01 1.917471178405866086e-09 7.011443404674836076e-12
1.056744519918323688e-01 1.920754504627047132e-09 6.981665223786555674e-12
1.068981044751116105e-01 1.919044901271086606e-09 6.985836352589286517e-12
1.081359261863509835e-01 1.919289071402614689e-09 6.985744571058075531e-12
1.093880811974775602e-01 1.917305928648073931e-09 6.982424291377172135e-12
1.106547354802819155e-01 1.918239488750534780e-09 6.988044823240353927e-12
1.119360569284170021e-01 1.917101093173292742e-09 6.987538094309086692e-12
1.132322153796529590e-01 1.920234513596089262e-09 6.988460123341658334e-12
1.145433826383886050e-01 1.914557837933421948e-09 6.988291519845986212e-12
1.158697324984239579e-01 1.913536714593505599e-09 6.982926893700855089e-12
1.172114407659961138e-01 1.913035310502317666e-09 6.982797182039768746e-12
1.185686852830827587e-01 1.912480794047488623e-09 6.984973327235222733e-12
1.199416459509744792e-01 1.912639484582914241e-09 6.985518811147038699e-12
1.213305047541208270e-01 1.917252528163567711e-09 6.984647494891409985e-12
1.227354457842515234e-01 1.909850011228248045e-09 6.991174346804178892e-12
1.241566552647785093e-01 1.905047493875472628e-09 6.986117689680582997e-12
1.255943215754789510e-01 1.908687567929071118e-09 6.987573715102309000e-12
1.270486352774652938e-01 1.907355576159494379e-09 6.986649944145765624e-12
1.285197891384432245e-01 1.907211674405669272e-09 6.986144630543161651e-12
1.300079781582635929e-01 1.906428616937418848e-09 6.983863558101790339e-12
1.315133995947690704e-01 1.902608192014392322e-09 6.983111010610412012e-12
1.330362529899405399e-01 1.902534550959708024e-09 6.982659767290081677e-12
1.345767401963458287e-01 1.907514826797960658e-09 6.986105201461898412e-12
1.361350654038956109e-01 1.903349720255762634e-09 6.985733648726337392e-12
1.377114351669082859e-01 1.900340259929140809e-09 6.988565840492653424e-12
1.393060584314885775e-01 1.901140710744049759e-09 7.005156909345616856e-12
1.409191465632227414e-01 1.901042887382145553e-09 6.985495205300108609e-12
1.425509133751954594e-01 1.902365946973437407e-09 6.985299754634933684e-12
1.442015751563302528e-01 1.898997459923215734e-09 6.985575463541617910e-12
1.458713507000582721e-01 1.898157282978874534e-09 6.984475839080682942e-12
1.475604613333193205e-01 1.897011967464850794e-09 6.985230945886534875e-12
1.492691309458979987e-01 1.897137835495744539e-09 6.989766119857961572e-12
1.509975860201007714e-01 1.895905741006951328e-09 6.985525295833637602e-12
1.527460556607755926e-01 1.895188442777013675e-09 6.986588607300775270e-12
1.545147716256795867e-01 1.894877574162454430e-09 7.009250769985402410e-12
1.563039683561977533e-01 1.893815372352728965e-09 6.985510784410411183e-12
1.581138830084189428e-01 1.892270528771703590e-09 6.990165711840597950e-12
1.599447554845698505e-01 1.886659429836663180e-09 6.986273223943879100e-12
1.617968284648141908e-01 1.891553587152033503e-09 6.986817782426362753e-12
1.636703474394191060e-01 1.889912014288668640e-09 7.035979376154730925e-12
1.655655607412955255e-01 1.889863188231489370e-09 6.984078894745907516e-12
1.674827195789137801e-01 1.890091165195714814e-09 6.986305622360573945e-12
1.694220780696013562e-01 1.888776357789228791e-09 7.016294656554672518e-12
1.713838932732252018e-01 1.888300687723910549e-09 6.987167016007198840e-12
1.733684252262658043e-01 1.887199260812268892e-09 7.002469439371526254e-12
1.753759369762839526e-01 1.893787988452065355e-09 6.984853800582085787e-12
1.774066946167878189e-01 1.885785220218391155e-09 6.982238269521583770e-12
1.794609673225026625e-01 1.884537329465507409e-09 6.992050310570132355e-12
1.815390273850506775e-01 1.884145201946508671e-09 6.984607291505483693e-12
1.836411502490422898e-01 1.885153546711712782e-09 6.983697572845816539e-12
1.857676145485863684e-01 1.882583106634224344e-09 6.983220784418172077e-12
1.879187021442221273e-01 1.880948480728593148e-09 6.984163575777589401e-12
1.900946981602806007e-01 1.881325455431957309e-09 6.987331963215454479e-12
1.922958910226767459e-01 1.880912689739953503e-09 6.986127839699312704e-12
1.945225724971402226e-01 1.879503155287006925e-09 6.985512626457808985e-12
1.967750377278887630e-01 1.877707809804774298e-09 6.986632811504522157e-12
1.990535852767486569e-01 1.877743930982231588e-09 6.988466827513588011e-12
2.013585171627294834e-01 1.874283601931231578e-09 6.986921593548416924e-12
2.036901389020563113e-01 1.875999446518825659e-09 6.987651572948321185e-12
2.060487595486651946e-01 1.874508680803370514e-09 6.982176411947432436e-12
2.084346917351677098e-01 1.873797041355343632e-09 6.983861962861623343e-12
2.108482517142910850e-01 1.873362116322350204e-09 6.985313276838192950e-12
2.132897594007962527e-01 1.873298447438060400e-09 6.989759507141877419e-12
2.157595384138827066e-01 1.871803045552992478e-09 6.964241071700059916e-12
2.182579161200830231e-01 1.870622115543454675e-09 6.966968016249436256e-12
2.207852236766562060e-01 1.871383927402054965e-09 6.985450470897036899e-12
2.233417960754814913e-01 1.869615780906665867e-09 6.980835069601306731e-12
2.259279721874612734e-01 1.868652322576431189e-09 6.984223174942356372e-12
2.285440948074375367e-01 1.869224930486359166e-09 6.985799019428671824e-12
2.311905106996301473e-01 1.867220895459384727e-09 6.980638911107366928e-12
2.338675706435990320e-01 1.866683380455253090e-09 6.986338412804979824e-12
2.365756294807403182e-01 1.865192556021083903e-09 6.985854463235158301e-12
2.393150461613192392e-01 1.864728030610512380e-09 6.985164992913465895e-12
2.420861837920496862e-01 1.864100806581839791e-09 6.984105270237144433e-12
2.448894096842230417e-01 1.863604473360186230e-09 6.984963532763929923e-12
2.477250954023952345e-01 1.863121771903670462e-09 6.985515328440634365e-12
2.505936168136362330e-01 1.862135367100229023e-09 6.986471660283806199e-12
2.534953541373521912e-01 1.860934294060886659e-09 6.985755173576933049e-12
2.564306919956823583e-01 1.860752216800204596e-09 6.981584445160210633e-12
2.594000194644804358e-01 1.859553448880472995e-09 7.000818141949548490e-12
2.624037301248863807e-01 1.860024437460673272e-09 6.988050221383642723e-12
2.654422221154941752e-01 1.859020272165475113e-09 6.987757086864222478e-12
2.685158981851263338e-01 1.857983630354526372e-09 6.988200597395283369e-12
2.716251657462164792e-01 1.857868747373147686e-09 7.025510330943165278e-12
2.747704369288123671e-01 1.855952246505153103e-09 6.985635857226885703e-12
2.779521286352018006e-01 1.854395905061385264e-09 7.010140859970243740e-12
2.811706625951744809e-01 1.855409076897794711e-09 6.984841553401999624e-12
2.844264654219206268e-01 1.853554490679666825e-09 6.985704277857734588e-12
2.877199686685785740e-01 1.853730971456286776e-09 6.983994492227797418e-12
2.910516088854357419e-01 1.852478452225600079e-09 6.982635809146595083e-12
2.944218276777944565e-01 1.851504887828073245e-09 6.984949542769395133e-12
2.978310717645051287e-01 1.851187220480875160e-09 6.993343562514433457e-12
3.012797930371790001e-01 1.849344709511766609e-09 6.983738732935056736e-12
3.047684486200846199e-01 1.849516116008648531e-09 7.029800263320728306e-12
3.082975009307410419e-01 1.847807777904749117e-09 6.982897751192217251e-12
3.118674177412095183e-01 1.847466842267246242e-09 6.985658802121385114e-12
3.154786722400967913e-01 1.846509115356213288e-09 6.984321375297968245e-12
3.191317430952744227e-01 1.846112378610185612e-09 6.962764642732664140e-12
3.228271145173277623e-01 1.849090053798061911e-09 6.989080435768569001e-12
3.265652763237361089e-01 1.844681035533991658e-09 6.983598749944116372e-12
3.303467240037981645e-01 1.843802162120290649e-09 6.980850219714287022e-12
3.341719587843073880e-01 1.842980729718386695e-09 7.002446680503432559e-12
3.380414876959909054e-01 1.843707241075213764e-09 6.985638007944737544e-12
3.419558236407145846e-01 1.839226577249182058e-09 6.983180122796041285e-12
3.459154854594680972e-01 1.838946713662064197e-09 6.993224466987549047e-12
3.499209980011368515e-01 1.839520426472418303e-09 6.985707680672015829e-12
3.539728921920689553e-01 1.846083894126770015e-09 6.987362033425827906e-12
3.580717051064509215e-01 1.838393015099965590e-09 6.984554768243365493e-12
3.622179800374948910e-01 1.838159268475073561e-09 6.982870533569290659e-12
3.664122665694521941e-01 1.838585345281234585e-09 6.985745951341643212e-12
3.706551206504588025e-01 1.836486003242533216e-09 6.966905427909634494e-12
3.749471046662278817e-01 1.835394982062007476e-09 6.950245505627448267e-12
3.792887875145917187e-01 1.833610963094051892e-09 6.985503071011717405e-12
3.836807446809096245e-01 1.833942428865175869e-09 6.982739643659434010e-12
3.881235583143459178e-01 1.833101473666411416e-09 6.985419056129922291e-12
3.926178173050358100e-01 1.831495435121401954e-09 6.987027171391050116e-12
3.971641173621406340e-01 1.830798222958635065e-09 6.984679569105567337e-12
4.017630610928087931e-01 1.831120190087462355e-09 6.985427939335820008e-12
4.064152580820497018e-01 1.829107689629833318e-09 6.984838963458429457e-12
4.111213249735355402e-01 1.829117896319948459e-09 6.983162615278083055e-12
4.158818855513353729e-01 1.828819814650426857e-09 6.986723775695826612e-12
4.206975708225977328e-01 1.827718081282643939e-09 6.984048033254691791e-12
4.255690191011883283e-01 1.827283387038338471e-09 6.985009575577136695e-12
4.304968760923003068e-01 1.823655944956188087e-09 7.014879521429874968e-12
4.354817949780401820e-01 1.825463147509119492e-09 6.983803974967614810e-12
4.405244365040072441e-01 1.826877136657264173e-09 6.986905263648695230e-12
4.456254690668728924e-01 1.824402595074063588e-09 6.979940883768228739e-12
4.507855688029784313e-01 1.830218132355614402e-09 6.982372574417802311e-12
4.560054196779547708e-01 1.824192144395164529e-09 6.984518892245613908e-12
4.612857135773818507e-01 1.821425855427224340e-09 6.985322260764037549e-12
4.666271503984956714e-01 1.821266636017260370e-09 6.980024092036636038e-12
4.720304381429618057e-01 1.820674894486234264e-09 6.981684377767832254e-12
4.774962930107178871e-01 1.818382634366631252e-09 6.992369104175264326e-12
4.830254394949065055e-01 1.815571274208384184e-09 6.983104148653978400e-12
4.886186104779055572e-01 1.822327807586570507e-09 6.982485812658116375e-12
4.942765473284694844e-01 1.816450437630272885e-09 6.986117867382452247e-12
5.000000000000000000e-01 1.816795700950537278e-09 6.987285412875188188e-12
5.235642740254498051e-01 1.813496806916970316e-09 6.982925225003411397e-12
5.482390980715924345e-01 1.808676247247760874e-09 6.982677167989048030e-12
5.740768107484414129e-01 1.806215064522990203e-09 6.981474989367601146e-12
6.011322173087064735e-01 1.803461780439436561e-09 6.985245724388483613e-12
6.294627058970836408e-01 1.800907082057574921e-09 6.983434778826864863e-12
6.591283692782035075e-01 1.795703003236348942e-09 6.989807135892899994e-12
6.901921323014423848e-01 1.816475775755079430e-09 6.985056112738263058e-12
7.227198853729637218e-01 1.756362239534952828e-09 6.988297773552180632e-12
7.567806242181041032e-01 1.788793942965926353e-09 6.973803614228334211e-12
7.924465962305566880e-01 1.784866727958591838e-09 6.991588311898728890e-12
8.297934537187804382e-01 1.782471777382914503e-09 6.984620020816569791e-12
8.689004143746876796e-01 1.779865810393008114e-09 6.982218545974412539e-12
9.098504293049917147e-01 1.776683284943538681e-09 6.983827499077536007e-12
9.527303589816237261e-01 1.774278667478318053e-09 6.998409420840579174e-12
9.976311574844397567e-01 1.769877053784939618e-09 6.979857401611717622e-12
1.044648065427019823e+00 1.766837715383609069e-09 6.988623808497861839e-12
1.093880811974776268e+00 1.765931590685393761e-09 6.988425762818863907e-12
1.145433826383886577e+00 1.732507219251808591e-09 6.979312812410356808e-12
1.199416459509745181e+00 1.755288595794676852e-09 6.981286203274095430e-12
1.255943215754790065e+00 1.755288533605502562e-09 6.982337446659879477e-12
1.315133995947690870e+00 1.748972000310450837e-09 6.981569534856787007e-12
1.377114351669083137e+00 1.787382783992902003e-09 6.985737222323660856e-12
1.442015751563302972e+00 1.753641231985593970e-09 6.980543593170246067e-12
1.509975860201008047e+00 1.776359608370549293e-09 6.981317249186353172e-12
1.581138830084189761e+00 1.740075188483002176e-09 6.978070309968076230e-12
1.655655607412955810e+00 1.736771425656135823e-09 6.979717945641588683e-12
1.733684252262658321e+00 1.734248682043788754e-09 6.980831496065242291e-12
1.815390273850506997e+00 1.732903651285980690e-09 6.966498941116544351e-12
1.900946981602805952e+00 1.725014795502133560e-09 6.962492576908163122e-12
1.990535852767486347e+00 1.726170396032138647e-09 6.979410508550141426e-12
2.084346917351676876e+00 1.734114965903001034e-09 6.976792348629367728e-12
2.182579161200830065e+00 1.719416782814617248e-09 6.977155472230313292e-12
2.285440948074375367e+00 1.716469519552844049e-09 6.978663255884354801e-12
2.393150461613192004e+00 1.715112768403506282e-09 6.979176657989590760e-12
2.505936168136361886e+00 1.701850490914421059e-09 7.135230611378928771e-12
2.624037301248862697e+00 1.708975093637925313e-09 6.989836568494880485e-12
2.747704369288122894e+00 1.704604078394140991e-09 6.973501704226306365e-12
2.877199686685784741e+00 1.703616025683342725e-09 6.983101962031961099e-12
3.012797930371788890e+00 1.699747003210908057e-09 6.976518844891528009e-12
3.154786722400966692e+00 1.695242143719162698e-09 6.970235830240182726e-12
3.303467240037979646e+00 1.695207974822872049e-09 6.972074335011002508e-12
3.459154854594682416e+00 1.689345267938326960e-09 6.926832215246630147e-12
3.622179800374950798e+00 1.686617626081835382e-09 6.979000181770196391e-12
3.792887875145918741e+00 1.684933161179318747e-09 6.984136478551370461e-12
3.971641173621408338e+00 1.679662381057910466e-09 7.031318843252706439e-12
4.158818855513356283e+00 1.678316738967637863e-09 6.966144440082103835e-12
4.354817949780404263e+00 1.675069501336945278e-09 6.972480722939744527e-12
4.560054196779547375e+00 1.667607717983755085e-09 6.972980274919354129e-12
4.774962930107179204e+00 1.667958994515926117e-09 7.032498899942571072e-12
5.000000000000000888e+00 1.669348482895392790e-09 6.972173922198714900e-12
6.294627058970835520e+00 1.671638027454535446e-09 6.970140796915490431e-12
7.924465962305567324e+00 1.638524542612300071e-09 6.959735012807121031e-12
9.976311574844396901e+00 1.620499451818054032e-09 6.964302134434175565e-12
1.255943215754790288e+01 1.613659850459286806e-09 6.980082277472560366e-12
1.581138830084189451e+01 1.594706828297478572e-09 6.977336160915815478e-12
1.990535852767486347e+01 1.588672341740868949e-09 6.996497976156776107e-12
2.505936168136362241e+01 1.563081690537749521e-09 7.250620059248332507e-12
3.154786722400966070e+01 1.583562244153341591e-09 6.959396091887650489e-12
3.971641173621406296e+01 1.535433464183415333e-09 6.966659599236390615e-12
4.999999999999999289e+01 1.516570550920772827e-09 6.959133787502160665e-12
