2.393150461613189841e-05 8.608307095185874471e-11 7.476759977959340551e-13
2.448894096842227708e-05 1.403283141248455339e-10 8.321044963001338388e-13
2.505936168136362570e-05 2.085624759806251644e-10 9.198473667099412362e-13
2.564306919956823707e-05 2.847459517075130858e-10 1.010133994564233844e-12
2.624037301248861295e-05 3.658897353791288487e-10 1.101351030584167001e-12
2.685158981851265889e-05 4.496329850342869855e-10 1.192282925252496596e-12
2.747704369288124057e-05 5.337814348862001865e-10 1.281020129613002907e-12
2.811706625951745350e-05 6.169625251201384569e-10 1.365724742208007174e-12
2.877199686685782864e-05 6.960199759942145727e-10 1.444405451483626482e-12
2.944218276777941324e-05 7.690092862764667962e-10 1.514603344894072718e-12
3.012797930371789620e-05 8.349346216126468531e-10 1.574225660210959578e-12
3.082975009307410534e-05 8.914763106750224026e-10 1.621237933901641033e-12
3.154786722400964650e-05 9.385912171568429418e-10 1.653622826664178937e-12
3.228271145173280656e-05 9.738897773170803046e-10 1.669501074631245790e-12
3.303467240037981687e-05 9.967483488403943046e-10 1.667516002951426329e-12
3.380414876959908759e-05 1.008102409309551977e-09 1.647049164496209422e-12
3.459154854594680595e-05 1.007650907500469518e-09 1.607845990220685858e-12
3.539728921920685885e-05 9.959591018295581453e-10 1.550940859345815473e-12
3.622179800374952406e-05 9.743890439895787899e-10 1.477605575346144665e-12
3.706551206504588155e-05 9.451193022859424952e-10 1.391140071625538815e-12
3.792887875145917236e-05 9.096297594444871697e-10 1.295312241486759874e-12
3.881235583143463039e-05 8.712612491335568808e-10 1.195267015283237899e-12
3.971641173621410364e-05 8.318625303134745272e-10 1.097274982610485599e-12
4.064152580820497269e-05 7.948791845029786421e-10 1.008087701165890963e-12
4.158818855513353842e-05 7.628533681901796151e-10 9.357556798422561053e-13
4.255690191011879072e-05 7.374462170039442596e-10 8.877873709043057667e-13
4.354817949780397373e-05 7.214136556231673097e-10 8.718256976542133982e-13
4.456254690668728712e-05 7.158442048031235672e-10 8.940888087300210628e-13
4.560054196779547508e-05 7.213860152901898059e-10 9.595294779831747277e-13
4.666271503984951611e-05 7.374524515740131681e-10 1.070568564413888061e-12
4.774962930107184414e-05 7.634901713187089613e-10 1.226663734216550868e-12
4.886186104779054808e-05 7.971345932071052681e-10 1.423728536611721312e-12
4.999999999999999562e-05 8.363232966310500954e-10 1.653716494001580784e-12
5.057897271299489764e-05 8.569144821506937797e-10 1.777481759938566190e-12
5.116464961403766531e-05 8.775011995438630275e-10 1.904560431409183156e-12
5.175710833396715576e-05 8.980562292403449909e-10 2.033429718559536604e-12
5.235642740254491996e-05 9.178694323091824200e-10 2.160999650499477322e-12
5.296268625886447188e-05 9.369106896616225350e-10 2.285856121123745519e-12
5.357596526188034176e-05 9.542225301049038095e-10 2.405279159079059218e-12
5.419634570106018624e-05 9.697579720482408755e-10 2.516434443130793467e-12
5.482390980715925750e-05 9.836083057750037918e-10 2.617291343182259878e-12
5.545874076312003680e-05 9.954522909067549495e-10 2.705626260289018032e-12
5.610092271509814368e-05 1.004734187762382305e-09 2.778720229727019159e-12
5.675054078361571342e-05 1.011806561749676237e-09 2.835180457375141432e-12
5.740768107484407919e-05 1.016796873114682793e-09 2.873463380859386058e-12
5.807243069201718186e-05 1.019538134492704856e-09 2.892355350663498359e-12
5.874487774697651393e-05 1.020060948368905281e-09 2.891051197354033166e-12
5.942511137185094486e-05 1.018979385745399107e-09 2.869819879622156735e-12
6.011322173087064877e-05 1.016176336833165011e-09 2.828203290698750529e-12
6.080930003231839372e-05 1.012877790060433195e-09 2.768104065716096206e-12
6.151343854061905325e-05 1.008674192780904337e-09 2.691275384484290512e-12
6.222573058856921034e-05 1.004168602743239063e-09 2.599427186620153624e-12
6.294627058970830402e-05 1.000286277684732880e-09 2.496022519252565679e-12
6.367515405083314138e-05 9.971293647103662375e-10 2.384680630687400915e-12
6.441247758465673719e-05 9.949164877983365745e-10 2.269205569952212355e-12
6.515833892261499124e-05 9.945475804805799597e-10 2.154027842005602133e-12
6.591283692782035650e-05 9.960025198576204312e-10 2.044467498934982184e-12
6.667607160816619769e-05 9.995456528071273498e-10 1.944671810228890274e-12
6.744814412958265366e-05 1.005437282446996785e-09 1.859546102162167583e-12
6.822915682944618535e-05 1.013687032124652121e-09 1.793942084223573057e-12
6.901921323014417829e-05 1.024427849140373316e-09 1.752083214350628181e-12
6.981841805279680852e-05 1.037332376797507422e-09 1.736900981490598044e-12
7.062687723113775782e-05 1.052208147250207479e-09 1.751020783047553128e-12
7.144469792555517389e-05 1.068440077651191935e-09 1.796030092266667076e-12
7.227198853729638578e-05 1.086039054649829769e-09 1.872479402429053604e-12
7.310885872283590017e-05 1.104071544247477866e-09 1.978644267822785846e-12
7.395541940841035122e-05 1.121937610148418389e-09 2.112685980811454386e-12
7.481178280472162371e-05 1.139678584724541144e-09 2.270228791286977255e-12
7.567806242181034505e-05 1.156327244035992865e-09 2.446133570501523482e-12
7.655437308410142656e-05 1.171335116347179499e-09 2.634531754784695677e-12
7.744083094562412067e-05 1.184225525381683856e-09 2.827246141252474442e-12
7.833755350540750207e-05 1.194827695398046826e-09 3.016529006450349267e-12
7.924465962305569597e-05 1.202935244985527233e-09 3.194748103561841341e-12
8.016226953450208102e-05 1.208710780460842602e-09 3.352703721991093133e-12
8.109050486794647857e-05 1.212065917331866229e-09 3.483618871100421600e-12
8.202948865997692718e-05 1.213338383229724727e-09 3.579956622146436605e-12
8.297934537187796715e-05 1.212901197055663006e-09 3.637487363523670920e-12
8.394020090612794207e-05 1.211100858835434326e-09 3.652584593104377655e-12
8.491218262308729617e-05 1.209119116399208416e-09 3.624321389386904841e-12
8.589541935787945305e-05 1.206928523058203886e-09 3.554689065689444396e-12
8.689004143746880239e-05 1.205681303569376076e-09 3.447644997657645535e-12
8.789618069793464267e-05 1.206077478257426972e-09 3.311454257114522712e-12
8.891397050194613488e-05 1.207922197349967655e-09 3.152278233614695268e-12
8.994354575643935166e-05 1.212604017257194871e-09 2.983945624600465627e-12
9.098504293049911853e-05 1.219756002488813894e-09 2.818139948319836957e-12
9.203860007344770748e-05 1.229466598056500115e-09 2.667758765477659593e-12
9.310435683314326931e-05 1.241712237694572873e-09 2.546170524094930462e-12
9.418245447449009216e-05 1.255819116072721318e-09 2.462457493562679092e-12
9.527303589816240703e-05 1.271631821200099196e-09 2.427044578805242805e-12
9.637624565954682279e-05 1.287942889326431637e-09 2.445714276537431622e-12
9.749222998790227921e-05 1.304343932976714897e-09 2.520158372405230453e-12
9.862113680574264088e-05 1.319867320750165100e-09 2.650254709288889139e-12
9.976311574844392432e-05 1.334197190419872431e-09 2.825589860231326914e-12
1.009183181840780691e-04 1.345769830067863825e-09 3.034823824473723677e-12
1.020868972334764650e-04 1.355061245466852400e-09 3.268650041980754815e-12
1.032690077905264468e-04 1.361591744345247117e-09 3.505086715758592480e-12
1.044648065427019234e-04 1.365083421742605411e-09 3.729133823755236633e-12
1.056744519918323541e-04 1.366555159809678595e-09 3.919820276931229148e-12
1.068981044751116051e-04 1.365808895414018787e-09 4.060512846135409413e-12
1.081359261863509960e-04 1.364346515598333273e-09 4.139050180814632106e-12
1.093880811974775648e-04 1.363126207737701865e-09 4.149076356058298918e-12
1.106547354802819166e-04 1.362229109763206031e-09 4.090600081456739622e-12
1.119360569284169843e-04 1.363467523507630604e-09 3.968383893858930686e-12
1.132322153796529580e-04 1.366971343421195293e-09 3.799177841482470690e-12
1.145433826383886162e-04 1.373570274938270125e-09 3.595393889759193340e-12
1.158697324984239751e-04 1.383215975186844038e-09 3.388384127483114718e-12
1.172114407659961160e-04 1.394891563958280139e-09 3.201445483036514104e-12
1.185686852830827555e-04 1.408973906082120231e-09 3.052105963603526488e-12
1.199416459509744813e-04 1.424107604968378062e-09 2.970017201298062769e-12
1.213305047541206945e-04 1.439278354001811821e-09 2.966434298421543472e-12
1.227354457842515364e-04 1.453022141345545992e-09 3.044618982524102121e-12
1.241566552647784948e-04 1.465695098807232134e-09 3.199968168776045384e-12
1.255943215754789502e-04 1.475568614428197997e-09 3.425166773987000807e-12
1.270486352774653110e-04 1.481140892483110741e-09 3.685277724357061069e-12
1.285197891384432108e-04 1.484230233754296049e-09 3.953185177730124235e-12
1.300079781582635788e-04 1.483529289132513653e-09 4.196516289013899507e-12
1.315133995947690435e-04 1.481978357182623474e-09 4.383146606349290571e-12
1.330362529899404168e-04 1.480508968541877502e-09 4.487143930756326908e-12
1.345767401963458062e-04 1.479874500919099369e-09 4.495111695100288124e-12
1.361350654038956073e-04 1.481516520708141956e-09 4.407144495236683182e-12
1.377114351669082826e-04 1.486120321857347637e-09 4.238003551586648682e-12
1.393060584314884456e-04 1.494350205924146340e-09 4.017386113656802280e-12
1.409191465632227234e-04 1.505638437707840815e-09 3.776740697585332484e-12
1.425509133751954596e-04 1.518659068742540298e-09 3.564683687923268705e-12
1.442015751563302745e-04 1.532577565064365927e-09 3.418569714750282130e-12
1.458713507000582675e-04 1.546552827477802434e-09 3.372915758469652239e-12
1.475604613333193413e-04 1.557351807811339244e-09 3.436666179573657655e-12
1.492691309458980017e-04 1.567295710582913840e-09 3.607267341832484792e-12
1.509975860201007907e-04 1.573577857176144809e-09 3.857890685839183117e-12
1.527460556607755941e-04 1.575975700076643707e-09 4.148170366672371601e-12
1.545147716256795760e-04 1.573789979927785390e-09 4.426169502547742161e-12
1.563039683561977700e-04 1.573691527490905565e-09 4.642343988271504317e-12
1.581138830084189426e-04 1.572486930998592897e-09 4.754243605233588097e-12
1.599447554845698401e-04 1.574162689893572936e-09 4.738136380944377337e-12
1.617968284648140247e-04 1.577632952449493934e-09 4.601655912703062810e-12
1.636703474394191234e-04 1.585383231528052271e-09 4.382445268439975359e-12
1.655655607412955237e-04 1.596378643288737522e-09 4.116217520608848901e-12
1.674827195789137821e-04 1.609527180995672314e-09 3.881868021063294356e-12
1.694220780696013395e-04 1.622765768229262060e-09 3.731546106067356423e-12
1.713838932732252138e-04 1.634242378087957112e-09 3.710925260613112077e-12
1.733684252262658175e-04 1.642842106004174986e-09 3.830801368561165710e-12
1.753759369762839622e-04 1.647455866244491889e-09 4.070698694968470026e-12
1.774066946167876340e-04 1.648581086854503657e-09 4.372958466905113092e-12
1.794609673225026631e-04 1.647343574138647442e-09 4.671720778154262478e-12
1.815390273850506729e-04 1.646220215487616927e-09 4.881326605218743290e-12
1.836411502490422785e-04 1.645175216678069239e-09 4.968814217911376104e-12
1.857676145485863753e-04 1.650849165352110566e-09 4.882057635637998013e-12
1.879187021442221307e-04 1.656974941262188073e-09 4.675856322832370104e-12
1.900946981602805912e-04 1.667670565485783968e-09 4.401199473889542306e-12
1.922958910226767713e-04 1.680343573859357963e-09 4.137343390527383052e-12
1.945225724971402217e-04 1.692563935677004161e-09 3.986618912820625393e-12
1.967750377278886019e-04 1.701170418380665571e-09 3.994882282543147791e-12
1.990535852767486491e-04 1.705667132558095542e-09 4.165289693307468410e-12
2.013585171627295032e-04 1.707296338913388994e-09 4.462609770808423781e-12
2.036901389020562758e-04 1.706897015433589268e-09 4.779254481220562608e-12
2.060487595486651640e-04 1.705327762617122833e-09 5.024357067212782508e-12
2.084346917351677527e-04 1.704795400554943198e-09 5.117708776201090191e-12
2.108482517142911186e-04 1.710758160830007158e-09 5.046853968325046983e-12
2.132897594007962582e-04 1.719085469745927328e-09 4.779286653888581320e-12
2.157595384138824807e-04 1.730452226260598068e-09 4.485738171464061360e-12
2.182579161200830003e-04 1.741058705053719078e-09 4.260008779258745280e-12
2.207852236766562250e-04 1.750801360370621222e-09 4.193039654396203103e-12
2.233417960754814700e-04 1.756686896409741566e-09 4.330238148475123719e-12
2.259279721874612925e-04 1.756464006327345820e-09 4.617541992315180781e-12
2.285440948074375753e-04 1.755647631732614807e-09 4.952359616852531782e-12
2.311905106996301417e-04 1.754531764824260767e-09 5.164822478524775739e-12
2.338675706435990400e-04 1.756125106029353506e-09 5.234932288623381043e-12
2.365756294807400931e-04 1.763601434628754798e-09 5.073178867975761320e-12
2.393150461613192145e-04 1.772332794812837732e-09 4.784458933731774867e-12
2.420861837920496669e-04 1.783290274891983898e-09 4.506904242321051891e-12
2.448894096842230486e-04 1.792394249648588200e-09 4.376215552320898317e-12
2.477250954023952571e-04 1.796821051528240923e-09 4.474151596723929363e-12
2.505936168136362096e-04 1.796153486115873016e-09 4.762323427412944215e-12
2.534953541373522129e-04 1.799277110953041068e-09 5.090982207761939186e-12
2.564306919956823639e-04 1.796385984357665137e-09 5.303125188665963874e-12
2.594000194644804458e-04 1.798811420600863204e-09 5.258425815034840306e-12
2.624037301248860888e-04 1.807065116261965044e-09 5.082173532972699108e-12
2.654422221154941939e-04 1.817650965453197453e-09 4.770263720890979137e-12
2.685158981851263043e-04 1.829617009967999333e-09 4.551502863403372691e-12
2.716251657462165044e-04 1.827889973535119771e-09 4.579211172417219520e-12
2.747704369288123854e-04 1.833423903099721274e-09 4.829828059385597060e-12
2.779521286352018127e-04 1.829611710435110464e-09 5.145661465877536510e-12
2.811706625951744943e-04 1.835877804274113770e-09 5.420526336546640046e-12
2.844264654219206255e-04 1.833327756605927261e-09 5.384810789798240960e-12
2.877199686685782661e-04 1.841585558916247522e-09 5.130216328018835050e-12
2.910516088854357393e-04 1.851087151676643595e-09 4.818263934201108357e-12
2.944218276777944713e-04 1.858999686849650952e-09 4.668357607036110917e-12
2.978310717645051204e-04 1.860896355665400475e-09 4.809346138595808417e-12
3.012797930371790027e-04 1.858745082609612992e-09 5.127125311379131804e-12
3.047684486200846234e-04 1.856603858156263021e-09 5.439902211832556465e-12
3.082975009307410805e-04 1.862179997629353795e-09 5.496152896389133089e-12
3.118674177412095313e-04 1.881849569084895483e-09 5.266023418890271299e-12
3.154786722400964379e-04 1.881576468158176716e-09 4.945170190760704503e-12
3.191317430952743915e-04 1.881917206613946327e-09 4.789145803164303545e-12
3.228271145173277810e-04 1.881438672317731268e-09 4.932499596477948565e-12
3.265652763237360972e-04 1.894250871292613737e-09 5.286285016264487693e-12
3.303467240037981823e-04 1.886530264185318438e-09 5.555860853199243604e-12
3.341719587843073962e-04 1.886316847733669863e-09 5.510842152314135912e-12
3.380414876959908759e-04 1.901213856741721219e-09 5.212749096217989141e-12
3.419558236407145655e-04 1.905291132056310631e-09 4.932384552741727534e-12
3.459154854594680595e-04 1.912405287694223210e-09 4.937193207446665715e-12
3.499209980011365223e-04 1.912015315007541505e-09 5.244915579232891707e-12
3.539728921920689544e-04 1.904512320294213738e-09 5.570573025706125770e-12
3.580717051064509363e-04 1.909887353059519289e-09 5.607198556482424376e-12
3.622179800374948611e-04 1.918585670402082605e-09 5.324299724325434700e-12
3.664122665694521551e-04 1.926955366371984163e-09 5.023075412052321024e-12
3.706551206504588155e-04 1.935714155719496306e-09 5.026733690100053673e-12
3.749471046662278739e-04 1.929038291785952242e-09 5.339417838702603325e-12
3.792887875145917642e-04 1.916623408758350239e-09 5.643342487758814116e-12
3.836807446809092350e-04 1.942604789332604966e-09 5.606794621578234137e-12
3.881235583143459109e-04 1.964012814467326241e-09 5.286349097446880657e-12
3.926178173050359310e-04 1.944792024076760646e-09 5.065755998840087731e-12
3.971641173621406028e-04 1.944783416583614940e-09 5.214447271400058177e-12
4.017630610928087857e-04 1.942095085600182471e-09 5.568162888739138798e-12
4.064152580820496862e-04 1.938037529769562389e-09 5.738950340251839753e-12
4.111213249735355723e-04 1.963746851041917729e-09 5.470990505291794044e-12
4.158818855513353842e-04 1.959211558764437652e-09 5.172961145372267038e-12
4.206975708225973477e-04 1.958696718270855172e-09 5.208701437477984628e-12
4.255690191011882867e-04 1.944308425492551927e-09 5.545458473718635040e-12
4.304968760923003155e-04 1.959517516700800453e-09 5.755083879291840710e-12
4.354817949780401981e-04 1.937696293526129353e-09 5.545706493411328912e-12
4.405244365040072280e-04 1.965411080535804993e-09 5.237793598076969561e-12
4.456254690668729119e-04 1.969258020165502039e-09 5.256462581625771508e-12
4.507855688029784470e-04 1.947617809050803119e-09 5.650230559553021008e-12
4.560054196779547643e-04 2.001347494542243242e-09 5.788969325554513665e-12
4.612857135773813463e-04 1.981622328211538597e-09 5.509583376054963823e-12
4.666271503984952018e-04 1.982731548102958371e-09 5.257518330221880782e-12
4.720304381429617636e-04 1.999693168266288586e-09 5.452520036504303043e-12
4.774962930107179535e-04 1.986334434023112634e-09 5.807113707166436753e-12
4.830254394949064418e-04 1.966599003652714921e-09 5.774616574086562309e-12
4.886186104779055486e-04 1.991373916486484183e-09 5.395850925943085665e-12
4.942765473284694211e-04 2.005317289283707481e-09 5.356649158656464613e-12
4.999999999999999020e-04 1.991801020273099141e-09 5.716872796132602728e-12
5.057897271299491120e-04 1.982650451629165420e-09 5.816923440550111967e-12
5.116464961403767615e-04 1.997429409526122968e-09 5.522561765752737565e-12
5.175710833396719507e-04 2.016418257908825016e-09 5.329990187400940778e-12
5.235642740254497010e-04 2.003941406281411504e-09 5.621334693294303376e-12
5.296268625886442309e-04 1.999969061172953298e-09 5.903524314551607784e-12
5.357596526188034176e-04 2.015158663175780179e-09 5.637015573019507083e-12
5.419634570106019031e-04 2.018719037592983515e-09 5.405391674076562312e-12
5.482390980715924666e-04 1.991007215980685311e-09 5.695806067383171778e-12
5.545874076312003274e-04 2.007245956554214411e-09 5.932875624644333297e-12
5.610092271509814097e-04 2.037657677873587249e-09 5.552707111653173468e-12
5.675054078361570394e-04 2.021164048842687600e-09 5.449426721145890738e-12
5.740768107484413340e-04 2.025401132929532439e-09 5.769781447991092228e-12
5.807243069201712630e-04 2.021119794353663571e-09 5.872318270932619215e-12
5.874487774697650716e-04 2.027048417702472697e-09 5.558894144487048343e-12
5.942511137185093944e-04 2.027729268616617603e-09 5.554424719160572160e-12
6.011322173087065013e-04 2.024290407191641804e-09 5.982601913822408826e-12
6.080930003231838424e-04 2.033431304308780583e-09 5.768138663171484998e-12
6.151343854061905054e-04 2.068986925422090992e-09 5.518494316595081529e-12
6.222573058856920762e-04 2.031648457696100033e-09 5.824980504842367783e-12
6.294627058970836365e-04 2.045431695711084821e-09 5.933191435629861873e-12
6.367515405083307633e-04 2.031847711200706946e-09 5.544964501323867033e-12
6.441247758465673719e-04 2.032688167458490312e-09 5.677011683577923151e-12
6.515833892261499666e-04 2.058382333597174307e-09 5.980093950889627171e-12
6.591283692782036463e-04 2.037957037892529821e-09 5.726034037308080664e-12
6.667607160816619227e-04 2.047618058177591708e-09 5.642537342791202137e-12
6.744814412958265908e-04 2.046051876797761421e-09 5.928618904869653470e-12
6.822915682944618535e-04 2.041350984394782067e-09 5.872926818804114575e-12
6.901921323014425418e-04 2.050245261633969989e-09 5.621757476522018613e-12
6.981841805279687899e-04 2.037278945590192927e-09 5.959565590569044947e-12
7.062687723113776324e-04 2.062042394535423587e-09 5.818743492642228355e-12
7.144469792555517389e-04 2.035709755122874411e-09 5.623950456348632951e-12
7.227198853729638849e-04 2.039771081532466785e-09 5.980947367309845607e-12
7.310885872283591101e-04 2.059014666542156558e-09 5.878327471105976798e-12
7.395541940841035122e-04 2.045125940371032336e-09 5.677188406065093280e-12
7.481178280472162642e-04 2.073166772311761436e-09 6.050578536520447122e-12
7.567806242181033963e-04 2.069840875644658484e-09 5.836474261912108952e-12
7.655437308410150245e-04 2.056507012718850115e-09 5.742757276037710700e-12
7.744083094562404478e-04 2.064638589647888385e-09 6.053987735817941596e-12
7.833755350540748310e-04 2.068416542525389101e-09 5.830572620256951381e-12
7.924465962305569326e-04 2.058843773642462053e-09 5.813809686523879686e-12
8.016226953450208102e-04 2.044541684219449640e-09 6.024310161785280709e-12
8.109050486794647586e-04 2.081406764571894446e-09 5.753359835186076075e-12
8.202948865997692447e-04 2.061587236822522804e-09 5.970672928145261096e-12
8.297934537187797799e-04 2.074133474216461461e-09 5.903304265113886026e-12
8.394020090612802068e-04 2.073061974042016990e-09 5.802090411826661859e-12
8.491218262308720130e-04 2.068596248880414055e-09 6.084815516202469864e-12
8.589541935787945847e-04 2.069283296305496570e-09 5.761425734071300799e-12
8.689004143746880239e-04 2.094935718366725848e-09 6.015534823557761200e-12
8.789618069793464538e-04 2.064735105115995183e-09 5.965632685644176102e-12
8.891397050194613759e-04 2.079985958905855287e-09 5.790389639452922657e-12
8.994354575643935708e-04 2.077284913109046262e-09 6.105358547979283106e-12
9.098504293049911040e-04 2.085073116971957260e-09 5.756707559689230000e-12
9.203860007344779421e-04 2.098856179598247755e-09 6.103856126046230791e-12
9.310435683314336689e-04 2.079156947835083404e-09 5.866940548091580786e-12
9.418245447449009487e-04 2.086939420749315758e-09 5.962581495576374078e-12
9.527303589816240974e-04 2.096275176336979298e-09 5.968227032827661638e-12
9.637624565954680924e-04 2.079343655891720371e-09 5.925436161162140422e-12
9.749222998790225752e-04 2.062365415405338487e-09 6.120393745912402265e-12
9.862113680574266256e-04 2.086620489453409275e-09 5.878490740961773429e-12
9.976311574844392432e-04 2.079937989247881991e-09 6.107992884160515719e-12
1.009183181840779715e-03 2.090426262740679403e-09 5.858833733320726222e-12
1.020868972334764650e-03 2.080753829954201260e-09 6.115198907571399631e-12
1.032690077905264441e-03 2.091225464767341790e-09 5.881856883992825654e-12
1.044648065427020373e-03 2.101015965930822585e-09 6.173458849814419498e-12
1.056744519918323758e-03 2.105210503544246585e-09 5.874267011124399916e-12
1.068981044751116105e-03 2.097341071241212351e-09 6.161271612221045234e-12
1.081359261863509879e-03 2.082953746837313893e-09 5.894787825659680299e-12
1.093880811974775810e-03 2.080827813472154836e-09 6.145524410694565599e-12
1.106547354802818028e-03 2.098853572482510907e-09 5.917561049453633352e-12
1.119360569284169951e-03 2.100373191396051951e-09 6.174885477145784833e-12
1.132322153796529608e-03 2.100104526000273130e-09 5.918617493255082699e-12
1.145433826383887273e-03 2.090648268848242772e-09 6.137181419472976978e-12
1.158697324984239805e-03 2.108742306885787056e-09 5.942644270248751963e-12
1.172114407659961268e-03 2.095472746837148421e-09 6.100408031632981118e-12
1.185686852830827474e-03 2.101754518952081670e-09 5.999547728379213866e-12
1.199416459509744732e-03 2.096227017654694674e-09 6.039930978336665494e-12
1.213305047541207108e-03 2.103547080858905532e-09 6.142126577149750166e-12
1.227354457842515364e-03 2.117603520249920393e-09 6.002269229904518628e-12
1.241566552647785111e-03 2.100527466979236165e-09 6.143949600875685041e-12
1.255943215754791020e-03 2.097212106967313644e-09 5.979466401182522245e-12
1.270486352774653164e-03 2.104091736522424981e-09 6.128320626015507828e-12
1.285197891384432054e-03 2.102356028773511660e-09 6.075472384198809342e-12
1.300079781582635843e-03 2.093235575670588226e-09 5.997738026729228259e-12
1.315133995947690652e-03 2.106790248937368628e-09 6.182864586149527881e-12
1.330362529899404168e-03 2.106697413335167844e-09 6.012778249661203252e-12
1.345767401963456761e-03 2.106444375455557072e-09 6.127753614740482587e-12
1.361350654038956127e-03 2.105493822542015764e-09 6.183195118250321070e-12
1.377114351669082772e-03 2.103791114925369630e-09 6.002590475340096080e-12
1.393060584314885974e-03 2.112448631693971159e-09 6.190971402684123766e-12
1.409191465632227396e-03 2.099536418734248792e-09 6.150142507233519281e-12
1.425509133751954758e-03 2.104763274954541347e-09 6.015209990693079699e-12
1.442015751563302745e-03 2.109948050789981408e-09 6.186498629669192177e-12
1.458713507000582730e-03 2.106540063561091848e-09 6.192901572140609992e-12
1.475604613333191895e-03 2.102740721323853375e-09 6.033691768496622141e-12
1.492691309458979909e-03 2.123286103479217623e-09 6.158805573613199348e-12
1.509975860201007852e-03 2.104433070518967085e-09 6.206325640771725683e-12
1.527460556607757730e-03 2.115569154436806248e-09 6.094233275037465714e-12
1.545147716256796032e-03 2.098729598702858507e-09 6.122973175330850763e-12
1.563039683561977646e-03 2.108860465281465159e-09 6.241683383612822689e-12
1.581138830084189697e-03 2.102645602755109301e-09 6.194013447909104053e-12
1.599447554845698618e-03 2.108948320917293052e-09 6.071534811136716717e-12
1.617968284648140355e-03 2.111819045032325845e-09 6.141991134220246254e-12
1.636703474394191234e-03 2.112910902100098845e-09 6.240547316021893280e-12
1.655655607412955237e-03 2.113877096900780944e-09 6.210344717512734974e-12
1.674827195789139501e-03 2.109422111899243115e-09 6.091604729598201620e-12
1.694220780696013232e-03 2.115707978999492401e-09 6.076276558096007690e-12
1.713838932732252192e-03 2.114652245549322274e-09 6.194202106694073815e-12
1.733684252262658121e-03 2.112416916496026903e-09 6.267673385833758986e-12
1.753759369762839622e-03 2.110057698361563803e-09 6.215181957994638110e-12
1.774066946167876394e-03 2.119758099719278416e-09 6.139901154722334109e-12
1.794609673225024734e-03 2.120412305004367464e-09 6.110625961897804715e-12
1.815390273850506784e-03 2.112054723532324566e-09 6.135854315795969831e-12
1.836411502490423002e-03 2.117603076470324246e-09 6.229703881994778419e-12
1.857676145485863753e-03 2.111388143210312434e-09 6.264235389515006052e-12
1.879187021442221307e-03 2.113751252332846663e-09 6.274639875766572203e-12
1.900946981602806129e-03 2.108301048739650722e-09 6.226729046831146523e-12
1.922958910226767659e-03 2.112693484021380180e-09 6.193630415282340706e-12
1.945225724971402217e-03 2.112577516340778246e-09 6.164195660056097554e-12
1.967750377278885965e-03 2.111779668977302324e-09 6.128909754497359019e-12
1.990535852767486274e-03 2.112564695818301160e-09 6.132389855315941435e-12
2.013585171627295303e-03 2.109578756075848480e-09 6.161946434315388544e-12
2.036901389020564709e-03 2.114447963655069057e-09 6.163450535056477636e-12
2.060487595486651911e-03 2.119858249340141915e-09 6.191193812974374931e-12
2.084346917351677202e-03 2.113946559558752604e-09 6.214099100950674308e-12
2.108482517142911024e-03 2.121011205969209375e-09 6.214472521334584706e-12
2.132897594007962527e-03 2.113379610101889746e-09 6.219067183096866372e-12
2.157595384138824915e-03 2.115326663445455390e-09 6.219843439951196513e-12
2.182579161200830058e-03 2.117083484350825768e-09 6.230064554224992205e-12
2.207852236766562250e-03 2.110598734169379951e-09 6.207383569057398563e-12
2.233417960754816977e-03 2.111553776608585646e-09 6.191215314775418837e-12
2.259279721874612925e-03 2.117079284376916187e-09 6.173514358849756676e-12
2.285440948074375644e-03 2.116135973423807812e-09 6.176874476280440319e-12
2.311905106996301525e-03 2.113259028214527981e-09 6.177393404218294915e-12
2.338675706435990129e-03 2.116616588111953206e-09 6.193117502791444509e-12
2.365756294807401256e-03 2.119193320475196550e-09 6.233519684994288676e-12
2.393150461613189652e-03 2.113833029616677042e-09 6.273516931552088698e-12
2.420861837920496723e-03 2.112791064289246495e-09 6.298596364788897371e-12
2.448894096842230486e-03 2.110836786125469977e-09 6.308747433821950986e-12
2.477250954023952571e-03 2.112206569983768143e-09 6.251136729490950637e-12
2.505936168136362312e-03 2.113320483783902108e-09 6.205861118223048805e-12
2.534953541373521912e-03 2.109963438898274463e-09 6.203446060147720012e-12
2.564306919956823531e-03 2.108043695142303304e-09 6.280159455775767479e-12
2.594000194644804566e-03 2.117469629425782319e-09 6.315408566737768280e-12
2.624037301248860997e-03 2.114392036272937742e-09 6.261820832271486010e-12
2.654422221154942047e-03 2.111371599602164602e-09 6.208077745852164061e-12
2.685158981851263043e-03 2.108757552611700889e-09 6.259981465080704744e-12
2.716251657462167863e-03 2.113523801333857202e-09 6.322775421031728672e-12
2.747704369288123637e-03 2.111867218019196176e-09 6.255767795051285410e-12
2.779521286352018127e-03 2.112425650571572469e-09 6.223949910359998836e-12
2.811706625951745052e-03 2.111850227412408534e-09 6.313686525481879501e-12
2.844264654219206146e-03 2.117868798573792846e-09 6.286324160957743352e-12
2.877199686685782878e-03 2.110220118276599278e-09 6.223638516791107949e-12
2.910516088854357610e-03 2.108617571356867201e-09 6.317394037341532624e-12
2.944218276777944496e-03 2.113169806187848227e-09 6.273606927490517439e-12
2.978310717645054131e-03 2.109048786519653349e-09 6.243773869118744205e-12
3.012797930371790243e-03 2.111120336280068190e-09 6.323815447913140653e-12
3.047684486200845800e-03 2.109815767896340773e-09 6.241422014098317140e-12
3.082975009307410696e-03 2.111214653792018880e-09 6.323804802607041977e-12
3.118674177412095096e-03 2.112559258323019939e-09 6.259829463006840469e-12
3.154786722400964704e-03 2.106888296396905711e-09 6.310413409857881240e-12
3.191317430952740879e-03 2.112567921331604154e-09 6.273545070033770015e-12
3.228271145173277051e-03 2.111444312409318909e-09 6.309300643845580511e-12
3.265652763237360864e-03 2.109669478367552831e-09 6.272534727967768974e-12
3.303467240037982148e-03 2.109389229670219194e-09 6.331996862409062928e-12
3.341719587843074504e-03 2.103839819158563829e-09 6.257252059310582398e-12
3.380414876959908759e-03 2.111839745245616415e-09 6.341610428767958666e-12
3.419558236407146089e-03 2.107674568500749937e-09 6.266302306083669635e-12
3.459154854594680487e-03 2.117553544772847069e-09 6.316221964567202143e-12
3.499209980011365115e-03 2.109791233793740537e-09 6.327614289392664756e-12
3.539728921920689327e-03 2.103982177806533116e-09 6.262759973067932927e-12
3.580717051064509580e-03 2.109478908444311023e-09 6.327164990824570879e-12
3.622179800374953056e-03 2.113683910712878655e-09 6.330629977500226145e-12
3.664122665694521767e-03 2.104856151749141773e-09 6.273107424391536203e-12
3.706551206504588372e-03 2.108310173864641035e-09 6.305305021637410113e-12
3.749471046662278956e-03 2.109652649816849873e-09 6.351597235715269918e-12
3.792887875145917100e-03 2.102627838634539153e-09 6.329335136387720148e-12
3.836807446809092133e-03 2.106436264956121610e-09 6.280256656454225590e-12
3.881235583143458675e-03 2.107649137323220946e-09 6.283086561550327261e-12
3.926178173050358551e-03 2.104926114927004466e-09 6.328039145676711123e-12
3.971641173621410364e-03 2.107001573991601019e-09 6.357501591649108498e-12
4.017630610928087966e-03 2.097283127896210977e-09 6.355050764237302342e-12
4.064152580820497296e-03 2.103231833517640634e-09 6.338109860258639284e-12
4.111213249735355506e-03 2.102683804102214057e-09 6.304808275582013129e-12
4.158818855513353625e-03 2.102378669059770270e-09 6.306974181412136210e-12
4.206975708225973477e-03 2.103330527164672702e-09 6.302467966149060762e-12
4.255690191011879397e-03 2.100967397739499054e-09 6.301036878027428729e-12
4.304968760923003589e-03 2.100752398095479659e-09 6.305784245294695213e-12
4.354817949780402306e-03 2.102491579784393566e-09 6.333882978685746939e-12
4.405244365040072822e-03 2.101305633086671013e-09 6.323267382567167469e-12
4.456254690668728577e-03 2.103821251842420598e-09 6.336080487571675197e-12
4.507855688029784903e-03 2.098608732155672363e-09 6.355977181887068348e-12
4.560054196779547535e-03 2.100901238088935882e-09 6.366594248408356540e-12
4.612857135773813788e-03 2.100198473858698559e-09 6.349021522201715048e-12
4.666271503984952343e-03 2.100427965875485362e-09 6.318984031924448968e-12
4.720304381429616877e-03 2.100165846805237517e-09 6.303953876358865318e-12
4.774962930107178559e-03 2.097690726943554987e-09 6.341392278112179817e-12
4.830254394949069947e-03 2.097037775653349995e-09 6.370804340902418381e-12
4.886186104779055052e-03 2.095046282456156586e-09 6.336735865070468552e-12
4.942765473284694427e-03 2.093321471160453437e-09 6.313489674065338621e-12
4.999999999999999237e-03 2.095493885982764607e-09 6.366070868761949742e-12
5.057897271299491120e-03 2.098058411189434685e-09 6.337561466191631085e-12
5.116464961403772820e-03 2.096695012064865227e-09 6.325718355415543480e-12
5.175710833396719723e-03 2.094931949657992791e-09 6.368004295135462683e-12
5.235642740254497010e-03 2.095654686695130869e-09 6.318080904258566706e-12
5.296268625886442309e-03 2.095918982125166727e-09 6.373429843099274568e-12
5.357596526188034176e-03 2.094719619883941124e-09 6.319811165855964816e-12
5.419634570106018380e-03 2.091818313013345806e-09 6.374945943591130729e-12
5.482390980715924449e-03 2.090726640156169839e-09 6.324277928837305202e-12
5.545874076312003707e-03 2.086957452966286233e-09 6.367728049801621303e-12
5.610092271509814314e-03 2.092341762158182271e-09 6.350412328717963523e-12
5.675054078361576465e-03 2.093879046921296541e-09 6.335381810595618838e-12
5.740768107484413990e-03 2.091794125849717916e-09 6.380062230622183702e-12
5.807243069201712196e-03 2.089462564380793780e-09 6.369554903100777461e-12
5.874487774697644861e-03 2.087716850501497822e-09 6.328540604218798793e-12
5.942511137185094161e-03 2.091056325335413964e-09 6.352398091541445721e-12
6.011322173087065013e-03 2.087643079899158111e-09 6.386490338962149548e-12
6.080930003231838424e-03 2.090130228076456512e-09 6.374502323188566627e-12
6.151343854061904620e-03 2.088843875379584901e-09 6.358502401548540459e-12
6.222573058856927485e-03 2.086498372759277819e-09 6.343777961464386323e-12
6.294627058970835715e-03 2.086572976170983220e-09 6.340739117879477624e-12
6.367515405083306983e-03 2.086380952976359914e-09 6.337828662289577754e-12
6.441247758465666780e-03 2.085988887556941467e-09 6.338197688294611660e-12
6.515833892261499449e-03 2.085056196536145474e-09 6.344016816225153807e-12
6.591283692782035596e-03 2.083934021901071129e-09 6.351430407131625253e-12
6.667607160816618576e-03 2.083225336804498697e-09 6.362238201480717042e-12
6.744814412958264824e-03 2.083469011481627692e-09 6.384135860935881365e-12
6.822915682944624173e-03 2.083581964755230971e-09 6.385018402052642303e-12
6.901921323014425201e-03 2.082915522674386154e-09 6.358409855318168805e-12
6.981841805279686598e-03 2.082354433700246924e-09 6.346527464194526507e-12
7.062687723113769168e-03 2.081569397918020823e-09 6.374221577740696934e-12
7.144469792555517389e-03 2.088811315919216979e-09 6.358460480339737844e-12
7.227198853729638849e-03 2.080727770000947021e-09 6.346804821663699412e-12
7.310885872283589583e-03 2.077518838512847008e-09 6.384727567999577960e-12
7.395541940841033821e-03 2.079551592480328539e-09 6.353434088887163971e-12
7.481178280472170448e-03 2.079297424788217001e-09 6.383857007422489654e-12
7.567806242181042420e-03 2.078546337328354537e-09 6.357313219284020755e-12
7.655437308410150896e-03 2.078184315715532161e-09 6.390667768422134762e-12
7.744083094562405345e-03 2.078703323639969999e-09 6.354834030212237701e-12
7.833755350540741805e-03 2.076394564255808422e-09 6.383051669617423175e-12
7.924465962305568892e-03 2.074277699787630567e-09 6.390481114966677916e-12
8.016226953450207235e-03 2.076091082789110612e-09 6.361409109092674172e-12
8.109050486794647586e-03 2.074623542869885422e-09 6.361081457313492568e-12
8.202948865997691796e-03 2.074070666182699551e-09 6.376327749122725349e-12
8.297934537187806256e-03 2.073700259882591126e-09 6.390459167352195970e-12
8.394020090612802285e-03 2.073514052895379736e-09 6.395398603953497612e-12
8.491218262308719913e-03 2.073414889840107483e-09 6.392835150307527897e-12
8.589541935787937607e-03 2.072975098625391362e-09 6.394734641170420913e-12
8.689004143746880890e-03 2.070974851626519804e-09 6.396765064347926328e-12
8.789618069793463453e-03 2.070324955127566749e-09 6.393486159627208053e-12
8.891397050194612892e-03 2.070883894153205558e-09 6.383433845211562702e-12
8.994354575643936575e-03 2.069922818330694488e-09 6.365076658820151202e-12
9.098504293049921449e-03 2.069869764422176391e-09 6.368181975245017079e-12
9.203860007344780506e-03 2.068659924096704033e-09 6.396661065783981890e-12
9.310435683314336255e-03 2.069017274476024836e-09 6.377817657444988451e-12
9.418245447449000163e-03 2.067910929270149546e-09 6.380243451771442680e-12
9.527303589816240106e-03 2.067949381167571439e-09 6.399634557703712442e-12
9.637624565954681574e-03 2.066268384037126904e-09 6.369871373524972768e-12
9.749222998790225969e-03 2.066115090233978523e-09 6.392854268060435108e-12
9.862113680574265823e-03 2.066336955313650657e-09 6.398680634409243598e-12
9.976311574844402841e-03 2.064766737054043863e-09 6.375218199406393445e-12
1.009183181840780756e-02 2.064128332769321065e-09 6.393826070266357350e-12
1.020868972334764736e-02 2.063088302201417571e-09 6.394404699297174949e-12
1.032690077905264354e-02 2.062512875959983872e-09 6.376511834882099083e-12
1.044648065427019289e-02 2.062268248609844413e-09 6.373003932490244292e-12
1.056744519918323758e-02 2.061407308086600992e-09 6.375514835925318046e-12
1.068981044751116105e-02 2.060649384122484996e-09 6.374463137222877204e-12
1.081359261863509835e-02 2.059379108932647436e-09 6.374838490359871815e-12
1.093880811974775810e-02 2.059498160971886601e-09 6.376976592985975524e-12
1.106547354802819155e-02 2.058542853890173227e-09 6.385261874205490668e-12
1.119360569284169951e-02 2.058189227181306775e-09 6.403535347642830641e-12
1.132322153796529694e-02 2.057648436831990383e-09 6.396334094196547284e-12
1.145433826383886015e-02 2.056987614178329002e-09 6.373731840030238052e-12
1.158697324984239718e-02 2.056023068581196576e-09 6.402206515193361918e-12
1.172114407659961138e-02 2.057200650551648498e-09 6.397460739494137079e-12
1.185686852830827517e-02 2.054558475348767384e-09 6.402042187957000428e-12
1.199416459509744862e-02 2.054564642020854325e-09 6.379829746705041692e-12
1.213305047541208236e-02 2.053161253387224740e-09 6.391512020259131099e-12
1.227354457842515581e-02 2.052820133282963953e-09 6.396001847435296690e-12
1.241566552647785024e-02 2.053089479043730563e-09 6.385953212138723721e-12
1.255943215754789719e-02 2.051956206168108029e-09 6.382159639424302139e-12
1.270486352774653077e-02 2.051756576669708010e-09 6.375711884084905658e-12
1.285197891384432141e-02 2.049361143059584082e-09 6.385310110017772392e-12
1.300079781582635929e-02 2.049826224909497941e-09 6.384911691606167644e-12
1.315133995947690565e-02 2.051165570448524599e-09 6.384742893500624805e-12
1.330362529899405295e-02 2.048520895731121607e-09 6.401835427098502988e-12
1.345767401963457975e-02 2.047736589271644425e-09 6.407413206945274074e-12
1.361350654038956214e-02 2.047990612453032339e-09 6.385373800918630171e-12
1.377114351669082859e-02 2.045773165556559370e-09 6.396879447139395566e-12
1.393060584314884283e-02 2.045614040115793847e-09 6.398006891384316906e-12
1.409191465632227136e-02 2.045975580627856305e-09 6.405197922940346755e-12
1.425509133751954628e-02 2.044582139837976830e-09 6.387839395879192205e-12
1.442015751563302701e-02 2.043849419081832446e-09 6.395584622570531708e-12
1.458713507000582686e-02 2.043647804629421962e-09 6.408772491778244960e-12
1.475604613333193239e-02 2.041798683054634108e-09 6.409887128531989140e-12
1.492691309458979952e-02 2.041554147387380151e-09 6.406049482141580395e-12
1.509975860201007852e-02 2.040655180669759350e-09 6.402649019476595395e-12
1.527460556607755995e-02 2.040678003108518905e-09 6.409739521287012653e-12
1.545147716256795728e-02 2.040074524625409360e-09 6.385755793263130135e-12
1.563039683561977602e-02 2.038750024804199136e-09 6.394751256683423363e-12
1.581138830084189567e-02 2.038800626498383317e-09 6.407779248713301531e-12
1.599447554845698227e-02 2.037406931096058227e-09 6.425892058276432529e-12
1.617968284648142047e-02 2.037382758779326820e-09 6.404239284437165242e-12
1.636703474394191060e-02 2.037005911006574538e-09 6.397369749540557402e-12
1.655655607412955324e-02 2.036333300243504969e-09 6.406519462524389450e-12
1.674827195789137593e-02 2.034396568149437063e-09 6.410588620278604994e-12
1.694220780696013492e-02 2.034879025296691909e-09 6.406426068029576324e-12
1.713838932732252018e-02 2.032737885163515141e-09 6.413620702626787856e-12
1.733684252262658251e-02 2.033960203480513322e-09 6.413810085976190899e-12
1.753759369762839665e-02 2.032740354239956863e-09 6.410014321728868769e-12
1.774066946167878259e-02 2.031842925164170937e-09 6.402572859908947494e-12
1.794609673225026555e-02 2.030747292566358836e-09 6.402403026725489460e-12
1.815390273850506567e-02 2.030998810673070237e-09 6.409101805225495873e-12
1.836411502490422828e-02 2.031393378362636214e-09 6.402031752612906172e-12
1.857676145485861671e-02 2.030451423630791293e-09 6.401674660417697602e-12
1.879187021442221481e-02 2.028841234186315270e-09 6.415001030291431783e-12
1.900946981602805869e-02 2.028381826442339678e-09 6.413138023392478630e-12
1.922958910226767529e-02 2.027549798919917633e-09 6.411189499028423442e-12
1.945225724971402087e-02 2.026703223989587958e-09 6.411667962243403482e-12
1.967750377278888047e-02 2.021153045361541221e-09 6.407203698496285124e-12
1.990535852767486361e-02 2.025456100313043764e-09 6.399394016043709348e-12
2.013585171627295042e-02 2.024264958584304749e-09 6.407997487105875825e-12
2.036901389020562628e-02 2.023641239656052093e-09 6.334226095161651699e-12
2.060487595486651738e-02 2.023233189151840221e-09 6.413889836052924818e-12
2.084346917351677375e-02 2.021758230512431803e-09 6.400112423181184592e-12
2.108482517142910850e-02 2.021719561026912500e-09 6.402189676275476175e-12
2.132897594007962527e-02 2.022067847493038039e-09 6.400844257629185791e-12
2.157595384138826997e-02 2.020885622428308596e-09 6.402929181631855523e-12
2.182579161200830231e-02 2.020335203049620732e-09 6.415270096382288881e-12
2.207852236766562337e-02 2.018565382417506979e-09 6.412188622910788531e-12
2.233417960754814982e-02 2.019052307837867467e-09 6.410961170611660892e-12
2.259279721874612665e-02 2.017400182822394904e-09 6.406728946233696325e-12
2.285440948074375644e-02 2.016731388849762461e-09 6.400131021896772053e-12
2.311905106996301265e-02 2.017831630928618466e-09 6.411275742935315437e-12
2.338675706435990390e-02 2.015831783981189812e-09 6.418412044553568080e-12
2.365756294807403598e-02 2.014633682004164279e-09 6.416196970206084388e-12
2.393150461613192254e-02 2.013214956096825948e-09 6.412461270113430785e-12
2.420861837920496723e-02 2.013239876480498127e-09 6.403239961202599587e-12
2.448894096842230833e-02 2.012662702268958476e-09 6.415119567280016229e-12
2.477250954023949708e-02 2.011819013810933291e-09 6.404567345343974136e-12
2.505936168136362399e-02 2.010286342117839130e-09 6.414738435160199372e-12
2.534953541373521912e-02 2.010223414192262811e-09 6.418277645745777644e-12
2.564306919956823791e-02 2.009421991616350879e-09 6.415008828140088954e-12
2.594000194644804219e-02 2.009445091422565127e-09 6.417259969360964813e-12
2.624037301248863946e-02 2.008076654668272498e-09 6.429157000146169768e-12
2.654422221154941960e-02 2.007424054520408179e-09 6.406412300559251316e-12
2.685158981851263130e-02 2.008103565369567116e-09 6.423888860851466354e-12
2.716251657462165001e-02 2.007192741481132418e-09 6.414298609624352492e-12
2.747704369288124157e-02 2.005885316479799546e-09 6.407033666107225708e-12
2.779521286352018214e-02 2.004992048156204440e-09 6.408489393151082607e-12
2.811706625951744531e-02 2.004063964614753851e-09 6.406418140645881985e-12
2.844264654219205712e-02 2.003191230873432712e-09 6.411575955672610482e-12
2.877199686685785740e-02 2.001140642112509203e-09 6.430467169204893543e-12
2.910516088854357350e-02 2.002085887561603235e-09 6.410036793957627166e-12
2.944218276777944496e-02 2.001295591393078141e-09 6.407151250015198365e-12
2.978310717645051356e-02 2.000029449570682095e-09 6.408403330459976419e-12
3.012797930371789723e-02 2.000609911497362338e-09 6.412004618254271005e-12
3.047684486200846060e-02 1.999968244225500877e-09 6.409084611286672077e-12
3.082975009307410696e-02 1.998960750639136944e-09 6.422723803321992977e-12
3.118674177412094836e-02 1.997589619478137013e-09 6.408855144635004537e-12
3.154786722400967913e-02 1.997295206248743039e-09 6.417143757191960208e-12
3.191317430952744089e-02 1.996545762559638678e-09 6.418567170209313778e-12
3.228271145173277484e-02 1.995898914319038791e-09 6.418238684981123936e-12
3.265652763237360950e-02 1.994915781451728230e-09 6.401131118233091936e-12
3.303467240037978592e-02 1.990886577296279108e-09 6.409984749482459215e-12
3.341719587843074157e-02 1.992737329893987482e-09 6.413760426829518910e-12
3.380414876959909193e-02 1.993029657736106574e-09 6.417905894360196271e-12
3.419558236407145568e-02 1.992947398654139328e-09 6.420348697951279467e-12
3.459154854594680834e-02 1.990539734806853939e-09 6.419079296335661525e-12
3.499209980011368931e-02 1.990623915330240346e-09 6.412498743653782367e-12
3.539728921920690108e-02 1.989630405118241259e-09 6.411315940360541077e-12
3.580717051064509493e-02 1.988739233607638622e-09 6.412020322379316691e-12
3.622179800374948633e-02 1.990013941235991895e-09 6.411106995132334938e-12
3.664122665694521941e-02 1.985430933460710730e-09 6.414246373885060686e-12
3.706551206504588025e-02 1.994431289884741342e-09 6.400742654358731265e-12
3.749471046662278956e-02 1.985940632998228610e-09 6.418189637059827966e-12
3.792887875145917187e-02 1.984818581032320225e-09 6.413257353008751705e-12
3.836807446809096384e-02 1.983740786608565713e-09 6.412098270563069358e-12
3.881235583143459456e-02 1.985603548849073451e-09 6.417827517331828233e-12
3.926178173050358378e-02 1.983507278217047541e-09 6.418816103728510631e-12
3.971641173621406201e-02 1.982891030636261332e-09 6.401283724935993359e-12
4.017630610928087792e-02 1.981553124120919812e-09 6.416197944440998622e-12
4.064152580820497296e-02 1.980914921244955971e-09 6.413993960691722679e-12
4.111213249735355679e-02 1.980177962397408565e-09 6.418750259733216599e-12
4.158818855513353452e-02 1.980077041375805360e-09 6.393835734382965862e-12
4.206975708225977467e-02 1.974179685671915134e-09 6.417348603934708256e-12
4.255690191011883561e-02 1.978388345019570886e-09 6.420383578367958555e-12
4.304968760923003068e-02 1.977225187993835223e-09 6.420783512441039995e-12
4.354817949780401959e-02 1.976871205672426608e-09 6.413779437881366450e-12
4.405244365040068139e-02 1.975844848725507790e-09 6.419675644358630523e-12
4.456254690668728924e-02 1.975475796025299747e-09 6.419305318250149015e-12
4.507855688029784730e-02 1.973969178572035240e-09 6.413556139531190643e-12
4.560054196779547708e-02 1.974157838434311326e-09 6.421129024905112899e-12
4.612857135773813788e-02 1.972906688880867131e-09 6.413553310505868849e-12
4.666271503984956853e-02 1.972899386009859864e-09 6.414898238969527002e-12
4.720304381429617224e-02 1.972981681313514818e-09 6.417251373526033953e-12
4.774962930107178732e-02 1.971014106120291841e-09 6.415795410641173665e-12
4.830254394949064917e-02 1.969683623982133249e-09 6.423060230137392225e-12
4.886186104779054878e-02 1.972233547643304343e-09 6.413102683293387680e-12
4.942765473284694427e-02 1.970408967962923176e-09 6.442764700514052150e-12
4.999999999999999584e-02 1.970214431299802300e-09 6.420576803319599251e-12
5.057897271299491293e-02 1.967624685824187417e-09 6.414449385331354220e-12
5.116464961403772993e-02 1.964578200035734304e-09 6.419059573757987978e-12
5.175710833396719723e-02 1.966418617784081546e-09 6.414030463793884304e-12
5.235642740254497357e-02 1.965955064658864037e-09 6.420182164213840933e-12
5.296268625886442483e-02 1.963021988697224950e-09 6.414616139926459784e-12
5.357596526188034003e-02 1.964413495055334867e-09 6.410851674403418651e-12
5.419634570106018207e-02 1.961495133579065669e-09 6.418633081936979604e-12
5.482390980715925316e-02 1.960987097054331436e-09 6.435500093430307261e-12
5.545874076312003881e-02 1.961919710077735884e-09 6.418199456249337352e-12
5.610092271509819345e-02 1.947575389532307479e-09 6.419296504657354732e-12
5.675054078361576465e-02 1.960673028808671390e-09 6.415771528556609968e-12
5.740768107484413990e-02 1.959038760553306227e-09 6.415887674012543359e-12
5.807243069201711849e-02 1.958870897244749636e-09 6.415519483229576102e-12
5.874487774697650933e-02 1.956629360040687915e-09 6.416087927993741919e-12
5.942511137185094161e-02 1.957754398921875065e-09 6.416255800937275570e-12
6.011322173087065013e-02 1.956749238002582382e-09 6.416289038170821027e-12
6.080930003231839465e-02 1.954821492725911563e-09 6.367893581965339259e-12
6.151343854061905314e-02 1.955361705817018082e-09 6.420900576364085618e-12
6.222573058856927658e-02 1.954075103677346419e-09 6.415883643516139122e-12
6.294627058970836408e-02 1.952963883710144270e-09 6.408460368762608395e-12
6.367515405083307156e-02 1.952296786805508649e-09 6.421652496615646701e-12
6.441247758465666606e-02 1.952438807938013066e-09 6.421051409060250602e-12
6.515833892261499449e-02 1.949630944458850987e-09 6.416977328585048897e-12
6.591283692782036463e-02 1.950351292615749151e-09 6.415141746589126264e-12
6.667607160816618750e-02 1.949489822322999935e-09 6.416840564229590506e-12
6.744814412958265171e-02 1.945366813766909300e-09 6.422265929779362265e-12
6.822915682944624693e-02 1.947456558298959519e-09 6.445606331004203099e-12
6.901921323014424681e-02 1.946645662152369651e-09 6.422902716172979568e-12
6.981841805279687119e-02 1.947688596571433442e-09 6.419147433239298386e-12
7.062687723113769689e-02 1.945348425792161945e-09 6.420897881368150334e-12
7.144469792555517562e-02 1.945185197342962801e-09 6.419243937245753306e-12
7.227198853729638328e-02 1.944184464968027130e-09 6.432225589180259718e-12
7.310885872283590103e-02 1.942791246268161901e-09 6.389632293073446653e-12
7.395541940841035555e-02 1.942702994334381539e-09 6.417325390112953537e-12
7.481178280472171316e-02 1.938417332257376211e-09 6.420854828727403883e-12
7.567806242181042420e-02 1.943902520872766469e-09 6.420510095807853634e-12
7.655437308410151243e-02 1.941060077717368899e-09 6.416808430956627655e-12
7.744083094562405345e-02 1.940497710463808445e-09 6.421402200491478307e-12
7.833755350540749784e-02 1.939159480952430141e-09 6.415960875709148399e-12
7.924465962305569933e-02 1.939050029091653705e-09 6.427611648214721344e-12
8.016226953450207582e-02 1.944587560615025836e-09 6.403694647509929890e-12
8.109050486794648627e-02 1.936366890284411997e-09 6.425351762655144518e-12
8.202948865997693184e-02 1.933565147181955380e-09 6.436991472592802699e-12
8.297934537187805215e-02 1.935046697817193236e-09 6.416962389120395442e-12
8.394020090612802631e-02 1.935349261647626686e-09 6.421952702330657368e-12
8.491218262308720954e-02 1.934163539148558097e-09 6.428116036086202135e-12
8.589541935787936566e-02 1.934082615010258871e-09 6.418971680006452314e-12
8.689004143746879849e-02 1.933204146961667158e-09 6.412980658043910168e-12
8.789618069793464494e-02 1.933144843849458128e-09 6.421631845271059965e-12
8.891397050194613239e-02 1.937029400206563227e-09 6.423824349314504433e-12
8.994354575643935534e-02 1.933337600360950936e-09 6.425254096562131003e-12
9.098504293049920755e-02 1.933087267186523848e-09 6.411634584554818620e-12
9.203860007344780159e-02 1.929425053605135281e-09 6.418402738132342985e-12
9.310435683314335908e-02 1.957677579626368907e-09 6.419561986343637146e-12
9.418245447449000163e-02 1.962216117701155018e-09 6.416204126533256028e-12
9.527303589816239759e-02 1.928739546487202954e-09 6.417733786305134903e-12
9.637624565954681921e-02 1.926285050255969435e-09 6.421926200497013681e-12
9.749222998790225969e-02 1.925718345903372440e-09 6.418820369058362994e-12
9.862113680574266517e-02 1.924965793580649685e-09 6.358580049151577428e-12
9.976311574844401453e-02 1.924926471448382998e-09 6.411701891555170671e-12
1.009183181840780652e-01 1.924377617137381507e-09 6.427836293916049121e-12
1.020868972334764563e-01 1.922829328687583846e-09 6.420644654005668415e-12
1.032690077905264459e-01 1.921832832177394726e-09 6.419989932058428646e-12
1.044648065427020295e-01 1.921963520876348036e-09 6.430900950158302230e-12
1.056744519918323688e-01 1.920442230733090313e-09 6.430136501827646983e-12
1.068981044751116105e-01 1.920798819800966635e-09 6.423894438673380883e-12
1.081359261863509835e-01 1.919185052415058376e-09 6.419813772235712283e-12
1.093880811974775602e-01 1.918520004904502857e-09 6.419281247383557446e-12
1.106547354802819155e-01 1.917493425838185443e-09 6.421603642520059073e-12
1.119360569284170021e-01 1.917233220103172872e-09 6.471609127363929949e-12
1.132322153796529590e-01 1.908108311048688889e-09 6.420733627821981507e-12
1.145433826383886050e-01 1.916391934218629346e-09 6.418937642149306725e-12
1.158697324984239579e-01 1.913952211417718205e-09 6.419106597471810664e-12
1.172114407659961138e-01 1.906602315126504956e-09 6.430941077881790095e-12
1.185686852830827587e-01 1.912676453237951526e-09 6.423016920821310204e-12
1.199416459509744792e-01 1.915032505635171360e-09 6.409678862534753256e-12
1.213305047541208270e-01 1.912648368714452124e-09 6.423590786352001089e-12
1.227354457842515234e-01 1.911499364248679119e-09 6.422219786319746099e-12
1.241566552647785093e-01 1.909991391107741796e-09 6.415968686406171804e-12
1.255943215754789510e-01 1.908295080483857769e-09 6.424242968937686792e-12
1.270486352774652938e-01 1.910378783443284592e-09 6.422354471449746618e-12
1.285197891384432245e-01 1.908130078956661843e-09 6.421093915318636409e-12
1.300079781582635929e-01 1.907312969553941509e-09 6.419256081272669730e-12
1.315133995947690704e-01 1.904631011906681938e-09 6.423135755829283548e-12
1.330362529899405399e-01 1.906926182150597724e-09 6.427189910466989732e-12
1.345767401963458287e-01 1.905124447186381031e-09 6.417998516223208464e-12
1.361350654038956109e-01 1.899432237630937330e-09 6.419521774011348632e-12
1.377114351669082859e-01 1.897087410422977517e-09 6.422996079218206475e-12
1.393060584314885775e-01 1.928224806533900140e-09 6.420743606550075746e-12
1.409191465632227414e-01 1.902118400875256712e-09 6.418733427411615604e-12
1.425509133751954594e-01 1.900707983737969054e-09 6.420584993761579667e-12
1.442015751563302528e-01 1.900709123985402466e-09 6.419048541681044345e-12
1.458713507000582721e-01 1.901485892806268451e-09 6.421907389666912861e-12
1.475604613333193205e-01 1.896036870402830666e-09 6.418426087390115345e-12
1.492691309458979987e-01 1.899818639517213039e-09 6.419262481892345602e-12
1.509975860201007714e-01 1.898702904861159476e-09 6.437877479459544935e-12
1.527460556607755926e-01 1.893291017249480718e-09 6.420024791348922967e-12
1.545147716256795867e-01 1.896298279373942921e-09 6.426172111003954883e-12
1.563039683561977533e-01 1.895698263689869991e-09 6.418898393164584454e-12
1.581138830084189428e-01 1.894404730774004243e-09 6.415378210596568000e-12
1.599447554845698505e-01 1.892769667826848308e-09 6.424389700479520480e-12
1.617968284648141908e-01 1.893222410598049501e-09 6.421536566636030850e-12
1.636703474394191060e-01 1.891891571090143328e-09 6.420678548171709140e-12
1.655655607412955255e-01 1.891936994263371197e-09 6.423878286975438758e-12
1.674827195789137801e-01 1.889745513558955411e-09 6.396113771832800614e-12
1.694220780696013562e-01 1.899353445552692311e-09 6.444281471034698622e-12
1.713838932732252018e-01 1.889891075462879421e-09 6.415747509428765000e-12
1.733684252262658043e-01 1.883725888505901876e-09 6.428136840868754340e-12
1.753759369762839526e-01 1.888488825111942350e-09 6.424833178656736493e-12
1.774066946167878189e-01 1.885730595984689578e-09 6.414070019888879234e-12
1.794609673225026625e-01 1.887854144414027330e-09 6.422338070941620457e-12
1.815390273850506775e-01 1.884511192647881930e-09 6.421478035467449513e-12
1.836411502490422898e-01 1.858464474621436647e-09 6.362413637164531236e-12
1.857676145485863684e-01 1.884086403931042214e-09 6.418021838454276834e-12
1.879187021442221273e-01 1.882980543356274966e-09 6.418325493636267714e-12
1.900946981602806007e-01 1.882563672020186992e-09 6.411028249849906499e-12
1.922958910226767459e-01 1.882151447911525917e-09 6.420190348648712148e-12
1.945225724971402226e-01 1.885884809636126380e-09 6.406559081277499102e-12
1.967750377278887630e-01 1.883959305442466646e-09 6.417459534633099167e-12
1.990535852767486569e-01 1.879846140265685084e-09 6.421418994092875190e-12
2.013585171627294834e-01 1.880097868214606308e-09 6.425072506362357864e-12
2.036901389020563113e-01 1.879120535626334568e-09 6.409208115820668941e-12
2.060487595486651946e-01 1.876899357372057993e-09 6.423302253372887503e-12
2.084346917351677098e-01 1.888944766715058417e-09 6.426667372583728103e-12
2.108482517142910850e-01 1.876314429036196646e-09 6.364770239175812876e-12
2.132897594007962527e-01 1.893544596476526859e-09 6.423399413039199316e-12
2.157595384138827066e-01 1.898795850424589760e-09 6.215019429693764067e-12
2.182579161200830231e-01 1.875252528384379378e-09 6.419217481227571758e-12
2.207852236766562060e-01 1.874489546327526186e-09 6.422389774244398311e-12
2.233417960754814913e-01 1.874061490117114153e-09 6.432777463002248204e-12
2.259279721874612734e-01 1.872102204883681012e-09 6.419535273314947089e-12
2.285440948074375367e-01 1.870611717990868275e-09 6.422726374171410560e-12
2.311905106996301473e-01 1.870524763164002628e-09 6.448627125251065588e-12
2.338675706435990320e-01 1.869100819342389780e-09 6.417394256278229372e-12
2.365756294807403182e-01 1.865868494844502355e-09 6.416893535619430885e-12
2.393150461613192392e-01 1.924007950815396624e-09 6.444784063908990952e-12
2.420861837920496862e-01 1.867283656981437988e-09 6.420876399256724847e-12
2.448894096842230417e-01 1.867769549432592475e-09 6.423983087545089848e-12
2.477250954023952345e-01 1.880140046927823182e-09 6.425735386241122999e-12
2.505936168136362330e-01 1.893108094207583910e-09 6.409586075051805933e-12
2.534953541373521912e-01 1.863402112987019592e-09 6.515449052533244995e-12
2.564306919956823583e-01 1.803836498856156625e-09 6.414930590355195988e-12
2.594000194644804358e-01 1.863121732820755503e-09 6.419756011002096092e-12
2.624037301248863807e-01 1.837120250084616273e-09 6.420833069018447745e-12
2.654422221154941752e-01 1.860943666305320865e-09 6.439952870528491307e-12
2.685158981851263338e-01 1.860470828020081024e-09 6.421233965589803082e-12
2.716251657462164792e-01 1.861638366404844107e-09 6.414785362799937510e-12
2.747704369288123671e-01 1.859275918776591226e-09 6.423630373176375304e-12
2.779521286352018006e-01 1.857537786611838905e-09 6.492555543428808763e-12
2.811706625951744809e-01 1.855598483052419229e-09 6.422285274959707853e-12
2.844264654219206268e-01 1.858335366988625683e-09 6.411233211852930870e-12
2.877199686685785740e-01 1.852467910077175031e-09 6.423337851439806349e-12
2.910516088854357419e-01 1.854069153683108249e-09 6.436499396982386505e-12
2.944218276777944565e-01 1.839547872880800149e-09 6.421673645074703016e-12
2.978310717645051287e-01 1.853792014569408079e-09 6.419046530638375884e-12
3.012797930371790001e-01 1.845618478125958147e-09 6.418078223940783348e-12
3.047684486200846199e-01 1.852096696666890432e-09 6.425928680623280742e-12
3.082975009307410419e-01 1.850669036926450007e-09 6.417946304318252784e-12
3.118674177412095183e-01 1.856413576644400425e-09 6.420192575523077235e-12
3.154786722400967913e-01 1.829984245669105478e-09 6.413279712160492187e-12
3.191317430952744227e-01 1.849243527661533240e-09 6.422065507895156770e-12
3.228271145173277623e-01 1.835298946908459545e-09 6.425662020825411566e-12
3.265652763237361089e-01 1.840922663308611968e-09 6.416606517536806214e-12
3.303467240037981645e-01 1.848019609186366656e-09 6.406613180149017677e-12
3.341719587843073880e-01 1.846651516931482503e-09 6.419044341233462085e-12
3.380414876959909054e-01 1.846249877652344367e-09 6.420557197487216602e-12
3.419558236407145846e-01 1.844719179230865838e-09 6.416162455282348126e-12
3.459154854594680972e-01 1.845055036587784296e-09 6.430935114617628075e-12
3.499209980011368515e-01 1.842107001603474972e-09 6.387774616592221010e-12
3.539728921920689553e-01 1.846613852751440410e-09 6.413395914464557771e-12
3.580717051064509215e-01 1.841693953675797386e-09 6.418040061759900766e-12
3.622179800374948910e-01 1.843095972082444989e-09 6.420015669231946672e-12
3.664122665694521941e-01 1.840495656993403309e-09 6.414126105769744740e-12
3.706551206504588025e-01 1.840356463125470915e-09 6.420282238599300277e-12
3.749471046662278817e-01 1.839086183879131153e-09 6.421411666877787910e-12
3.792887875145917187e-01 1.836928687297248498e-09 6.422948593217975854e-12
3.836807446809096245e-01 1.838297403120802058e-09 6.419643932347093468e-12
3.881235583143459178e-01 1.845785951465880310e-09 6.421284785384898584e-12
3.926178173050358100e-01 1.836085797984378933e-09 6.413240939621086557e-12
3.971641173621406340e-01 1.834998477574814828e-09 6.422483296698324135e-12
4.017630610928087931e-01 1.837407827377056204e-09 6.428056943336776057e-12
4.064152580820497018e-01 1.834770865414516842e-09 6.416642936780097695e-12
4.111213249735355402e-01 1.833518713112116440e-09 6.403036727414866027e-12
4.158818855513353729e-01 1.834527964735069151e-09 6.429529463558097352e-12
4.206975708225977328e-01 1.830516575054771295e-09 6.419259429990379348e-12
4.255690191011883283e-01 1.830401888184356908e-09 6.418882106691663165e-12
4.304968760923003068e-01 1.823168938595858693e-09 6.405944229257806464e-12
4.354817949780401820e-01 1.827760998571246096e-09 6.296181306599851439e-12
4.405244365040072441e-01 1.829442157755425088e-09 6.417797960419770423e-12
4.456254690668728924e-01 1.828810064387968646e-09 6.421881299425843798e-12
4.507855688029784313e-01 1.827682662418999022e-09 6.419478671134315264e-12
4.560054196779547708e-01 1.747951348814847013e-09 6.422549387404860479e-12
4.612857135773818507e-01 1.828603537494939064e-09 6.425173521671464585e-12
4.666271503984956714e-01 1.825313349691601021e-09 6.416554209033365788e-12
4.720304381429618057e-01 1.838575321302771736e-09 6.421093905764264933e-12
4.774962930107178871e-01 1.823549272979028348e-09 6.419746380457287248e-12
4.830254394949065055e-01 1.804414749053281698e-09 6.413114685238164890e-12
4.886186104779055572e-01 1.823402706304220515e-09 6.329485981491564432e-12
4.942765473284694844e-01 1.823051529711502996e-09 6.420350865117008713e-12
5.000000000000000000e-01 1.865557416822693390e-09 6.558132326386549158e-12
5.235642740254498051e-01 1.819537029498173210e-09 6.415740205774096702e-12
5.482390980715924345e-01 1.900591757176517757e-09 6.410735957417572799e-12
5.740768107484414129e-01 1.811802383435057686e-09 6.356547625622165284e-12
6.011322173087064735e-01 1.810755148164488873e-09 6.416400461187324011e-12
6.294627058970836408e-01 1.806728132995957570e-09 6.416562746869305000e-12
6.591283692782035075e-01 1.803104600230228276e-09 6.417404854828254116e-12
6.901921323014423848e-01 1.798991496538000436e-09 6.418191922186519266e-12
7.227198853729637218e-01 1.797544921141424434e-09 6.415992881822180232e-12
7.567806242181041032e-01 1.794672678762124331e-09 6.418570654364869074e-12
7.924465962305566880e-01 1.790590445420614449e-09 6.418964365899037041e-12
8.297934537187804382e-01 1.725258472213952740e-09 6.404079014022080734e-12
8.689004143746876796e-01 1.784722444492741673e-09 6.411618631616696996e-12
9.098504293049917147e-01 1.802250169353000199e-09 6.411755359296204566e-12
9.527303589816237261e-01 1.779982216574851727e-09 6.432671544748429795e-12
9.976311574844397567e-01 1.743330945851778263e-09 6.381402038986940572e-12
1.044648065427019823e+00 1.774562861286781644e-09 6.439119699674340406e-12
1.093880811974776268e+00 1.771115100759613678e-09 6.307844902401085912e-12
1.145433826383886577e+00 1.769830624484566049e-09 6.385965749712171915e-12
1.199416459509745181e+00 1.766215015111351487e-09 6.404312962041418717e-12
1.255943215754790065e+00 1.763148242576401746e-09 6.416723448519644091e-12
1.315133995947690870e+00 1.760189550242638709e-09 6.416942305429945982e-12
1.377114351669083137e+00 1.759279534603914123e-09 6.417471899391474570e-12
1.442015751563302972e+00 1.758189306838190340e-09 6.406701165284742729e-12
1.509975860201008047e+00 1.754582869898233333e-09 6.454324225174838358e-12
1.581138830084189761e+00 1.751355037080782083e-09 6.404149711974399589e-12
1.655655607412955810e+00 1.744857209437257129e-09 6.885326804545448218e-12
1.733684252262658321e+00 1.745374349157911817e-09 6.428083017032835386e-12
1.815390273850506997e+00 1.740004448407641711e-09 6.413298771314964338e-12
1.900946981602805952e+00 1.753329576275912087e-09 6.420322069511120904e-12
1.990535852767486347e+00 1.711868790881958778e-09 6.407758617096032132e-12
2.084346917351676876e+00 1.730627362157913911e-09 6.410748983188078056e-12
2.182579161200830065e+00 1.728726648579874252e-09 6.415864075683186580e-12
2.285440948074375367e+00 1.726374867064032314e-09 6.415486865063134609e-12
2.393150461613192004e+00 1.704138705910681591e-09 6.409417536737336808e-12
2.505936168136361886e+00 1.720540648954120212e-09 6.415317038117935097e-12
2.624037301248862697e+00 1.717088569995409718e-09 6.413599566770647276e-12
2.747704369288122894e+00 1.715023969724954011e-09 6.415639751380773430e-12
2.877199686685784741e+00 1.721218044546156247e-09 6.413989447745871743e-12
3.012797930371788890e+00 1.710234898655913921e-09 6.415184447477000862e-12
3.154786722400966692e+00 1.695658934988123368e-09 6.387715638974779904e-12
3.303467240037979646e+00 1.693101124043499648e-09 6.392224270155086470e-12
3.459154854594682416e+00 1.698846471251434697e-09 6.422445514256726237e-12
3.622179800374950798e+00 1.696498940153099672e-09 6.379854655185159032e-12
3.792887875145918741e+00 1.667849607894517324e-09 6.426709233772121294e-12
3.971641173621408338e+00 1.690310892606832158e-09 6.415706975419023328e-12
4.158818855513356283e+00 1.690308264237927345e-09 6.413689318773993204e-12
4.354817949780404263e+00 1.684579508676274526e-09 6.397320740708001972e-12
4.560054196779547375e+00 1.683631266561428575e-09 6.393225933899729392e-12
4.774962930107179204e+00 1.680413089231665123e-09 6.345334810363932019e-12
5.000000000000000888e+00 1.674436854078287957e-09 6.405744367179934077e-12
6.294627058970835520e+00 1.663252286096583168e-09 6.411467698444115503e-12
7.924465962305567324e+00 1.648731429351382777e-09 6.391404836619649985e-12
9.976311574844396901e+00 1.636650107003071291e-09 6.385291392482165113e-12
1.255943215754790288e+01 1.622037441962800627e-09 6.413277082925558580e-12
1.581138830084189451e+01 1.610857402507937126e-09 6.410868634055456499e-12
1.990535852767486347e+01 1.592222434931643758e-09 6.391948834379785243e-12
2.505936168136362241e+01 1.583650210308633609e-09 6.398317654367759204e-12
3.154786722400966070e+01 1.566296286562840880e-09 6.412014171365195365e-12
3.971641173621406296e+01 1.553143670126529358e-09 6.403836693062687444e-12
4.999999999999999289e+01 1.540018359861144662e-09 6.399926965319355894e-12
