2.393150461613189841e-05 5.096048749710960926e-11 4.983216443842936258e-13
2.448894096842227708e-05 8.501020846748925562e-11 5.542901667467716664e-13
2.505936168136362570e-05 1.268596558429497283e-10 6.125427208092971213e-13
2.564306919956823707e-05 1.739685353955050189e-10 6.723507581431116720e-13
2.624037301248861295e-05 2.237176580780368743e-10 7.327570860254094313e-13
2.685158981851265889e-05 2.751397489765442305e-10 7.927946642589618719e-13
2.747704369288124057e-05 3.272031959162031159e-10 8.514247174372000663e-13
2.811706625951745350e-05 3.784012731348960050e-10 9.074678249607321713e-13
2.877199686685782864e-05 4.272566479098296201e-10 9.588876054125826215e-13
2.944218276777941324e-05 4.721141525922529478e-10 1.004993473306611166e-12
3.012797930371789620e-05 5.127110040204668949e-10 1.044196282110050548e-12
3.082975009307410534e-05 5.478657631159281810e-10 1.074835774290688058e-12
3.154786722400964650e-05 5.765310587382983514e-10 1.095810767929524874e-12
3.228271145173280656e-05 5.982799569913458510e-10 1.105616670046979400e-12
3.303467240037981687e-05 6.126850156227269016e-10 1.103776412295855942e-12
3.380414876959908759e-05 6.194854341510883505e-10 1.089649506516143771e-12
3.459154854594680595e-05 6.191684705082388467e-10 1.063139088347547037e-12
3.539728921920685885e-05 6.118652786247500301e-10 1.024795683116717195e-12
3.622179800374952406e-05 5.987388103390934023e-10 9.757437402039804960e-13
3.706551206504588155e-05 5.805047809133136941e-10 9.180521145136368234e-13
3.792887875145917236e-05 5.588495093134172175e-10 8.542299276813609293e-13
3.881235583143463039e-05 5.351999073671056012e-10 7.879597923845119027e-13
3.971641173621410364e-05 5.109644391195636285e-10 7.232586442170998795e-13
4.064152580820497269e-05 4.881395735843167783e-10 6.647722962652925788e-13
4.158818855513353842e-05 4.682911866550658262e-10 6.175292760349235909e-13
4.255690191011879072e-05 4.528860915787978409e-10 5.866544411810751638e-13
4.354817949780397373e-05 4.430019815608117000e-10 5.771535399012202392e-13
4.456254690668728712e-05 4.397753931169635732e-10 5.931160470594193128e-13
4.560054196779547508e-05 4.432663545862686665e-10 6.377584585743289710e-13
4.666271503984951611e-05 4.533168399258130947e-10 7.127056222604980697e-13
4.774962930107184414e-05 4.693098589007369390e-10 8.173827952700245429e-13
4.886186104779054808e-05 4.900757371086725497e-10 9.490807179439567620e-13
4.999999999999999562e-05 5.141884676709196137e-10 1.102109559946401750e-12
5.057897271299489764e-05 5.267174496083036453e-10 1.184429941533217553e-12
5.116464961403766531e-05 5.395014375761559251e-10 1.268605463969608728e-12
5.175710833396715576e-05 5.520621976193160178e-10 1.353951290119946398e-12
5.235642740254491996e-05 5.641116232951810987e-10 1.438398435863574939e-12
5.296268625886447188e-05 5.757263631531765685e-10 1.521077474864041046e-12
5.357596526188034176e-05 5.864022292965534776e-10 1.599615388697486883e-12
5.419634570106018624e-05 5.959719987372151965e-10 1.672680156188345547e-12
5.482390980715925750e-05 6.045169045141806578e-10 1.739076063488625676e-12
5.545874076312003680e-05 6.115953279339145029e-10 1.796763773978266414e-12
5.610092271509814368e-05 6.173118541545257745e-10 1.844365218485887059e-12
5.675054078361571342e-05 6.216130093954310145e-10 1.881057964865812181e-12
5.740768107484407919e-05 6.245141237178173374e-10 1.905501477256274013e-12
5.807243069201718186e-05 6.260669919437529702e-10 1.916923509974680076e-12
5.874487774697651393e-05 6.264483691383502753e-10 1.914949229794501592e-12
5.942511137185094486e-05 6.259502111935116081e-10 1.899632089991214810e-12
6.011322173087064877e-05 6.241437597755819466e-10 1.871313056688183963e-12
6.080930003231839372e-05 6.221521685388070747e-10 1.830482127629987745e-12
6.151343854061905325e-05 6.192413400068604261e-10 1.778781837224709880e-12
6.222573058856921034e-05 6.165710363357958052e-10 1.717242047035023837e-12
6.294627058970830402e-05 6.141889026979417846e-10 1.648139944161389322e-12
6.367515405083314138e-05 6.121764215146357638e-10 1.574106092555462753e-12
6.441247758465673719e-05 6.108048517688900629e-10 1.497460531956773798e-12
6.515833892261499124e-05 6.106288313450025508e-10 1.421174197611738016e-12
6.591283692782035650e-05 6.116151352393844599e-10 1.348958268178960377e-12
6.667607160816619769e-05 6.137642445042568521e-10 1.283505685250703443e-12
6.744814412958265366e-05 6.175097252115626974e-10 1.228038572983468438e-12
6.822915682944618535e-05 6.226580681705841791e-10 1.185662502311885850e-12
6.901921323014417829e-05 6.294273242052762405e-10 1.159010741664078446e-12
6.981841805279680852e-05 6.372902423562283306e-10 1.150390137011455929e-12
7.062687723113775782e-05 6.464936544880958190e-10 1.161405327211461030e-12
7.144469792555517389e-05 6.564086377394828398e-10 1.192678132282188578e-12
7.227198853729638578e-05 6.672686490183057675e-10 1.244744908604460168e-12
7.310885872283590017e-05 6.781802604153783080e-10 1.316523999614493662e-12
7.395541940841035122e-05 6.894468885452911548e-10 1.406038244997524609e-12
7.481178280472162371e-05 7.001989755219123015e-10 1.510769440748540529e-12
7.567806242181034505e-05 7.104100984462561573e-10 1.629358639192830230e-12
7.655437308410142656e-05 7.194713011831509638e-10 1.754623320847103536e-12
7.744083094562412067e-05 7.273608073326693110e-10 1.882554260942230214e-12
7.833755350540750207e-05 7.338594937902690454e-10 2.007811151102037990e-12
7.924465962305569597e-05 7.388000207129388623e-10 2.125115669990321240e-12
8.016226953450208102e-05 7.421734296784681852e-10 2.228586436478275092e-12
8.109050486794647857e-05 7.441792354727120198e-10 2.313875366946424141e-12
8.202948865997692718e-05 7.449608905364279863e-10 2.376288734542114659e-12
8.297934537187796715e-05 7.446022126648196406e-10 2.412426774602287489e-12
8.394020090612794207e-05 7.434759536378418502e-10 2.420495032377766854e-12
8.491218262308729617e-05 7.420323184343230480e-10 2.399552460256499192e-12
8.589541935787945305e-05 7.408637500591352659e-10 2.352375383986709365e-12
8.689004143746880239e-05 7.401129731872953729e-10 2.279876687983165446e-12
8.789618069793464267e-05 7.402879313760695599e-10 2.187903717718649890e-12
8.891397050194613488e-05 7.416580568116283408e-10 2.081363517902593994e-12
8.994354575643935166e-05 7.445283558177754917e-10 1.972427129241705707e-12
9.098504293049911853e-05 7.489780455130583715e-10 1.860809231636121473e-12
9.203860007344770748e-05 7.552119498568375993e-10 1.763477416696939334e-12
9.310435683314326931e-05 7.625255943183638576e-10 1.682554539563076425e-12
9.418245447449009216e-05 7.713882243436317843e-10 1.628970837369401948e-12
9.527303589816240703e-05 7.811350792083414764e-10 1.607847632109813560e-12
9.637624565954682279e-05 7.910618915114301008e-10 1.622821705220478531e-12
9.749222998790227921e-05 8.010973595074389474e-10 1.675070809306134804e-12
9.862113680574264088e-05 8.107902073251188120e-10 1.761683208816594276e-12
9.976311574844392432e-05 8.193027926669706818e-10 1.880936954499103324e-12
1.009183181840780691e-04 8.264544283146491363e-10 2.022677943066085459e-12
1.020868972334764650e-04 8.318825855929910601e-10 2.177744939929201652e-12
1.032690077905264468e-04 8.358707841326419961e-10 2.333404684250193987e-12
1.044648065427019234e-04 8.380457675938026240e-10 2.469850996166166691e-12
1.056744519918323541e-04 8.386022424424155018e-10 2.604305305070012067e-12
1.068981044751116051e-04 8.382977478695851619e-10 2.695069486868035075e-12
1.081359261863509960e-04 8.374518242727055831e-10 2.744514759939253506e-12
1.093880811974775648e-04 8.365079268493933525e-10 2.748658272286861663e-12
1.106547354802819166e-04 8.360392582663326803e-10 2.711323155893958732e-12
1.119360569284169843e-04 8.369884784397488431e-10 2.623275616267026551e-12
1.132322153796529580e-04 8.392010284815857998e-10 2.508142002848046460e-12
1.145433826383886162e-04 8.434491670446260934e-10 2.373857416294008742e-12
1.158697324984239751e-04 8.490720193008194331e-10 2.237106086671058508e-12
1.172114407659961160e-04 8.568495228820598213e-10 2.115327278003111199e-12
1.185686852830827555e-04 8.653232975072145893e-10 2.018134121616786829e-12
1.199416459509744813e-04 8.744463672543938579e-10 1.966390977805572296e-12
1.213305047541206945e-04 8.837440605135736765e-10 1.967316323946950250e-12
1.227354457842515364e-04 8.931567915022306289e-10 2.023458355007951155e-12
1.241566552647784948e-04 9.004504239991451238e-10 2.131148984519837166e-12
1.255943215754789502e-04 9.060131788259016558e-10 2.280748716287491614e-12
1.270486352774653110e-04 9.092797775720024313e-10 2.454042214210692282e-12
1.285197891384432108e-04 9.106752215978398796e-10 2.630876108076923064e-12
1.300079781582635788e-04 9.107560881271272503e-10 2.790160230894851771e-12
1.315133995947690435e-04 9.099960602045651633e-10 2.910726915961459950e-12
1.330362529899404168e-04 9.092386947311513424e-10 2.976715158384217355e-12
1.345767401963458062e-04 9.080091436210489392e-10 2.978267008110641894e-12
1.361350654038956073e-04 9.089894086673944962e-10 2.915651335409324797e-12
1.377114351669082826e-04 9.119279169254368841e-10 2.800153054956728039e-12
1.393060584314884456e-04 9.172044318034404533e-10 2.650671291548679926e-12
1.409191465632227234e-04 9.240810033426102678e-10 2.492057068029191169e-12
1.425509133751954596e-04 9.323729276201014754e-10 2.355102535267940543e-12
1.442015751563302745e-04 9.407427167611165317e-10 2.262508232756801784e-12
1.458713507000582675e-04 9.491656180266316816e-10 2.235642434393105325e-12
1.475604613333193413e-04 9.564492854417228846e-10 2.282177517161857508e-12
1.492691309458980017e-04 9.623731988048291117e-10 2.399599272805628351e-12
1.509975860201007907e-04 9.649381278235930164e-10 2.568655768420861950e-12
1.527460556607755941e-04 9.665656487017765918e-10 2.760628884414257943e-12
1.545147716256795760e-04 9.665532830196921730e-10 2.949359293386737315e-12
1.563039683561977700e-04 9.654311724518945320e-10 3.086432241157872525e-12
1.581138830084189426e-04 9.645766481204129621e-10 3.152475822276027929e-12
1.599447554845698401e-04 9.654256531095136844e-10 3.137851070389064457e-12
1.617968284648140247e-04 9.685049577191794157e-10 3.043233755789383685e-12
1.636703474394191234e-04 9.731750167927722889e-10 2.891212156390672392e-12
1.655655607412955237e-04 9.799443712197831303e-10 2.717472481124514268e-12
1.674827195789137821e-04 9.880207740689667635e-10 2.564877329165251761e-12
1.694220780696013395e-04 9.959835160713057560e-10 2.470253050669790563e-12
1.713838932732252138e-04 1.003072048193999987e-09 2.461467316284439428e-12
1.733684252262658175e-04 1.008324304104197244e-09 2.546622640220298772e-12
1.753759369762839622e-04 1.010731103629464238e-09 2.707528035231642108e-12
1.774066946167876340e-04 1.011078671668125156e-09 2.911549404983640109e-12
1.794609673225026631e-04 1.009844302405313655e-09 3.105861078287216229e-12
1.815390273850506729e-04 1.008158051503164975e-09 3.244671168979961678e-12
1.836411502490422785e-04 1.010090286809639468e-09 3.292270498114596034e-12
1.857676145485863753e-04 1.012560325746183466e-09 3.229936676198749868e-12
1.879187021442221307e-04 1.016748905706532817e-09 3.086606405497127164e-12
1.900946981602805912e-04 1.023599517928368749e-09 2.902117888371512878e-12
1.922958910226767713e-04 1.031362647743061129e-09 2.735229540928522259e-12
1.945225724971402217e-04 1.038356711629356326e-09 2.639545084970648888e-12
1.967750377278886019e-04 1.043026725201065124e-09 2.652020312976198772e-12
1.990535852767486491e-04 1.047101007422682625e-09 2.773033849065644316e-12
2.013585171627295032e-04 1.047843694656990318e-09 2.969944043831457779e-12
2.036901389020562758e-04 1.046738739643330285e-09 3.180964105394693587e-12
2.060487595486651640e-04 1.046170519755102796e-09 3.340164628693117502e-12
2.084346917351677527e-04 1.046980179128085060e-09 3.402539200662886409e-12
2.108482517142911186e-04 1.051036341563464574e-09 3.321418343395394630e-12
2.132897594007962582e-04 1.055177610056047663e-09 3.157450962604302498e-12
2.157595384138824807e-04 1.061508394793940596e-09 2.962106921813866715e-12
2.182579161200830003e-04 1.068295319398374128e-09 2.814021053345862334e-12
2.207852236766562250e-04 1.074156006637505796e-09 2.779475494759578997e-12
2.233417960754814700e-04 1.076951704169704984e-09 2.876519531191798754e-12
2.259279721874612925e-04 1.076637025963998146e-09 3.082690724240362722e-12
2.285440948074375753e-04 1.076425523313432078e-09 3.290749088980010057e-12
2.311905106996301417e-04 1.074767366876733998e-09 3.436893692805183057e-12
2.338675706435990400e-04 1.078352190095856108e-09 3.467113090418695403e-12
2.365756294807400931e-04 1.081193298891687253e-09 3.348785689664538445e-12
2.393150461613192145e-04 1.087503111515197203e-09 3.159870226425324762e-12
2.420861837920496669e-04 1.093648723573819493e-09 2.975691285009453437e-12
2.448894096842230486e-04 1.097729224819961714e-09 2.900167187037854982e-12
2.477250954023952571e-04 1.103836352830549666e-09 2.973417861874946750e-12
2.505936168136362096e-04 1.102134401932630320e-09 3.174715097853972823e-12
2.534953541373522129e-04 1.106811903071090637e-09 3.384499395247849829e-12
2.564306919956823639e-04 1.100809056247275531e-09 3.530975060636850333e-12
2.594000194644804458e-04 1.102362940263268607e-09 3.514391301243373908e-12
2.624037301248860888e-04 1.107452901719515585e-09 3.360288412657474010e-12
2.654422221154941939e-04 1.113267975482500654e-09 3.150309554200485225e-12
2.685158981851263043e-04 1.118932653160371329e-09 3.016910201578570024e-12
2.716251657462165044e-04 1.124128060067662099e-09 3.043678356978280298e-12
2.747704369288123854e-04 1.121595737868631613e-09 3.217186441717095515e-12
2.779521286352018127e-04 1.122433282638358895e-09 3.448669860800005716e-12
2.811706625951744943e-04 1.122279364190915142e-09 3.586830037531273320e-12
2.844264654219206255e-04 1.124528682618568811e-09 3.572786135282343679e-12
2.877199686685782661e-04 1.130588298412948113e-09 3.393219354859969214e-12
2.910516088854357393e-04 1.137952895297681165e-09 3.181599262942557049e-12
2.944218276777944713e-04 1.141510498297445655e-09 3.094348873393896962e-12
2.978310717645051204e-04 1.140855122065796006e-09 3.192043901746133468e-12
3.012797930371790027e-04 1.144106149448041097e-09 3.421930055773182048e-12
3.047684486200846234e-04 1.132470338498275294e-09 3.612542818302682782e-12
3.082975009307410805e-04 1.144288366889644314e-09 3.638605213924780281e-12
3.118674177412095313e-04 1.155629445697378168e-09 3.478923565966386306e-12
3.154786722400964379e-04 1.154252753096697311e-09 3.269259144655620454e-12
3.191317430952743915e-04 1.157927999397979124e-09 3.175821252077670911e-12
3.228271145173277810e-04 1.156302759384100671e-09 3.281436271118487763e-12
3.265652763237360972e-04 1.154175001120698930e-09 3.516120085252150232e-12
3.303467240037981823e-04 1.157575417732427780e-09 3.684892341338976928e-12
3.341719587843073962e-04 1.158939434167392046e-09 3.648028165707833382e-12
3.380414876959908759e-04 1.163784859160684674e-09 3.444685627961442136e-12
3.419558236407145655e-04 1.168760623500845979e-09 3.261677663860749423e-12
3.459154854594680595e-04 1.169259885623805807e-09 3.277597201922738206e-12
3.499209980011365223e-04 1.164982662059149816e-09 3.500992794166793416e-12
3.539728921920689544e-04 1.170720180332196397e-09 3.696541624925401524e-12
3.580717051064509363e-04 1.159895779514795617e-09 3.708415357573131541e-12
3.622179800374948611e-04 1.173479422123672347e-09 3.521673362051606918e-12
3.664122665694521551e-04 1.179465295703577590e-09 3.326270504992125882e-12
3.706551206504588155e-04 1.184037605084196398e-09 3.341131044754000887e-12
3.749471046662278739e-04 1.180193996431822702e-09 3.556571787362016219e-12
3.792887875145917642e-04 1.172959886258907324e-09 3.756560204930499720e-12
3.836807446809092350e-04 1.186287729933585529e-09 3.710747939937921931e-12
3.881235583143459109e-04 1.179400245493949493e-09 3.491797551579815131e-12
3.926178173050359310e-04 1.192952669026309575e-09 3.355325276845650074e-12
3.971641173621406028e-04 1.188894223554355385e-09 3.465987176338875672e-12
4.017630610928087857e-04 1.172609165965988395e-09 3.702887252458614450e-12
4.064152580820496862e-04 1.192589914608266336e-09 3.779347071709481960e-12
4.111213249735355723e-04 1.193030048084806787e-09 3.625427521456203581e-12
4.158818855513353842e-04 1.194931016648441095e-09 3.420010034156502144e-12
4.206975708225973477e-04 1.205900787407803468e-09 3.460386959651603787e-12
4.255690191011882867e-04 1.179117767124398987e-09 3.699466451832424532e-12
4.304968760923003155e-04 1.203739606703190958e-09 3.828651347563973917e-12
4.354817949780401981e-04 1.200006705455892508e-09 3.658450183021813935e-12
4.405244365040072280e-04 1.208052793979551659e-09 3.464350958156251679e-12
4.456254690668729119e-04 1.209607837793477743e-09 3.515007940685518588e-12
4.507855688029784470e-04 1.208731567335137760e-09 3.760567610867781441e-12
4.560054196779547643e-04 1.217716494418965185e-09 3.837008242015918457e-12
4.612857135773813463e-04 1.216174297342265047e-09 3.649494988668589398e-12
4.666271503984952018e-04 1.216293282677030751e-09 3.483971010894586143e-12
4.720304381429617636e-04 1.208969691347692779e-09 3.624124812399868799e-12
4.774962930107179535e-04 1.213934649455201269e-09 3.844850095712968229e-12
4.830254394949064418e-04 1.216524206410090933e-09 3.787101772649371312e-12
4.886186104779055486e-04 1.226733232086835318e-09 3.560185432602587307e-12
4.942765473284694211e-04 1.238510996279066572e-09 3.580614567675419722e-12
4.999999999999999020e-04 1.213217586296218665e-09 3.783903259166754883e-12
5.057897271299491120e-04 1.207824014788387419e-09 3.872429628767518980e-12
5.116464961403767615e-04 1.219958951868092153e-09 3.640042669997228050e-12
5.175710833396719507e-04 1.228973600706679894e-09 3.556429033957094027e-12
5.235642740254497010e-04 1.236718110007911469e-09 3.777369325965404293e-12
5.296268625886442309e-04 1.227930141991496593e-09 3.899958805621551339e-12
5.357596526188034176e-04 1.235976580643656916e-09 3.701925380872186587e-12
5.419634570106019031e-04 1.232693517867394559e-09 3.607704266359867584e-12
5.482390980715924666e-04 1.232013989521615146e-09 3.748785219417115600e-12
5.545874076312003274e-04 1.224168787228951679e-09 3.911353320092457171e-12
5.610092271509814097e-04 1.236610862136516365e-09 3.689944076903415146e-12
5.675054078361570394e-04 1.231120503179892729e-09 3.626774418247206495e-12
5.740768107484413340e-04 1.249109184452755122e-09 3.816598465481630715e-12
5.807243069201712630e-04 1.241215612423396073e-09 3.898529684013249310e-12
5.874487774697650716e-04 1.253741568416380935e-09 3.696444508185175235e-12
5.942511137185093944e-04 1.234336002228119409e-09 3.659471987380008216e-12
6.011322173087065013e-04 1.245188676042887923e-09 3.945643714801208649e-12
6.080930003231838424e-04 1.242135960498998988e-09 3.820696046757242587e-12
6.151343854061905054e-04 1.249647533385519015e-09 3.659715413478090443e-12
6.222573058856920762e-04 1.247273806498854649e-09 3.847701960897408826e-12
6.294627058970836365e-04 1.250883570768114444e-09 3.940535329379587943e-12
6.367515405083307633e-04 1.242535539120143613e-09 3.701820621597340882e-12
6.441247758465673719e-04 1.251177663151369675e-09 3.784317993749342888e-12
6.515833892261499666e-04 1.244803568332507348e-09 3.981227589564727841e-12
6.591283692782036463e-04 1.252113248584310298e-09 3.753162883198217119e-12
6.667607160816619227e-04 1.253749440528073266e-09 3.748710185314418170e-12
6.744814412958265908e-04 1.246314041640583515e-09 3.969049485346279011e-12
6.822915682944618535e-04 1.260460049124334427e-09 3.857651548847891607e-12
6.901921323014425418e-04 1.250372000847141837e-09 3.748071954526992398e-12
6.981841805279687899e-04 1.246818365948881316e-09 3.994646587057651230e-12
7.062687723113776324e-04 1.251212215649107556e-09 3.874688001793493548e-12
7.144469792555517389e-04 1.270549159223843923e-09 3.743222365583805285e-12
7.227198853729638849e-04 1.262183575534137799e-09 3.979508988120189261e-12
7.310885872283591101e-04 1.268882329395269662e-09 3.873796015970315528e-12
7.395541940841035122e-04 1.276745910300898880e-09 3.794842123554456672e-12
7.481178280472162642e-04 1.270787020072665619e-09 3.996748424338699199e-12
7.567806242181033963e-04 1.263224887325817491e-09 3.875821661414285954e-12
7.655437308410150245e-04 1.254895368412607453e-09 3.824400992451275254e-12
7.744083094562404478e-04 1.252781195273232375e-09 3.997085279428102983e-12
7.833755350540748310e-04 1.264517937309252210e-09 3.839448269648665267e-12
7.924465962305569326e-04 1.282237283337903305e-09 3.862676446400331134e-12
8.016226953450208102e-04 1.267800015881601312e-09 3.983351288205209359e-12
8.109050486794647586e-04 1.270195293098177404e-09 3.815241591340675028e-12
8.202948865997692447e-04 1.261340424463483872e-09 3.992653853907278255e-12
8.297934537187797799e-04 1.276277358880910542e-09 3.903318012914591603e-12
8.394020090612802068e-04 1.255047528893393519e-09 3.838835291336574282e-12
8.491218262308720130e-04 1.272481813035496972e-09 4.035623043133698002e-12
8.589541935787945847e-04 1.266996229567311775e-09 3.842584216407998627e-12
8.689004143746880239e-04 1.259326765811189966e-09 3.983304827210462633e-12
8.789618069793464538e-04 1.269254358150564895e-09 3.934569717337846290e-12
8.891397050194613759e-04 1.274965408477168989e-09 3.918908635916605793e-12
8.994354575643935708e-04 1.283387111695362500e-09 4.038281342641735300e-12
9.098504293049911040e-04 1.264717437179125434e-09 3.875971045339521745e-12
9.203860007344779421e-04 1.272139187127350236e-09 4.085775630880447052e-12
9.310435683314336689e-04 1.268116755981988995e-09 3.872832003186958184e-12
9.418245447449009487e-04 1.274673669795474129e-09 4.004892617971086275e-12
9.527303589816240974e-04 1.271352593221513954e-09 3.942230137827930194e-12
9.637624565954680924e-04 1.274089586086572876e-09 3.932927124193800453e-12
9.749222998790225752e-04 1.274502809313253976e-09 3.998854185552262353e-12
9.862113680574266256e-04 1.278877145154230134e-09 3.907124405862178243e-12
9.976311574844392432e-04 1.279047522554908786e-09 4.053395469644943673e-12
1.009183181840779715e-03 1.279003248396160930e-09 3.886385789923035323e-12
1.020868972334764650e-03 1.277771016700215875e-09 4.064435354558151844e-12
1.032690077905264441e-03 1.266239034685645007e-09 3.892651834694212479e-12
1.044648065427020373e-03 1.278722983120321461e-09 4.083209207707071048e-12
1.056744519918323758e-03 1.285875177265551147e-09 3.903257979644361567e-12
1.068981044751116105e-03 1.280864516521290211e-09 4.085907497097399073e-12
1.081359261863509879e-03 1.290918241041839505e-09 3.907519426404263052e-12
1.093880811974775810e-03 1.287059657152448768e-09 4.079133503220868648e-12
1.106547354802818028e-03 1.276915497943591344e-09 3.923270225620446278e-12
1.119360569284169951e-03 1.280398510789673787e-09 4.082019103700470315e-12
1.132322153796529608e-03 1.287775586414445090e-09 3.928806352268090073e-12
1.145433826383887273e-03 1.273565730855568398e-09 4.059526269942042223e-12
1.158697324984239805e-03 1.276370459634914521e-09 3.972338995122997072e-12
1.172114407659961268e-03 1.288420772126812567e-09 4.054643573834503548e-12
1.185686852830827474e-03 1.276855642586434015e-09 4.013594971496420081e-12
1.199416459509744732e-03 1.284119462143738626e-09 3.977293294412675464e-12
1.213305047541207108e-03 1.287898172582572628e-09 4.101473563044189047e-12
1.227354457842515364e-03 1.286674423140606786e-09 3.972363389280965687e-12
1.241566552647785111e-03 1.285385162133518201e-09 4.112784604892866220e-12
1.255943215754791020e-03 1.291327682697376970e-09 3.965655832712298312e-12
1.270486352774653164e-03 1.281521662267196891e-09 4.065024133372093231e-12
1.285197891384432054e-03 1.289891014184269896e-09 4.055437337911468245e-12
1.300079781582635843e-03 1.286575920799249349e-09 3.998239660739258363e-12
1.315133995947690652e-03 1.287658687379307600e-09 4.121504152369405682e-12
1.330362529899404168e-03 1.288196342842088763e-09 3.998969277638512545e-12
1.345767401963456761e-03 1.281973966520220914e-09 4.035296947000114638e-12
1.361350654038956127e-03 1.291219695145223964e-09 4.104897253092514518e-12
1.377114351669082772e-03 1.287688769250510493e-09 3.989382171124347986e-12
1.393060584314885974e-03 1.283691626139769727e-09 4.091404380457863915e-12
1.409191465632227396e-03 1.278044251309331757e-09 4.098888018094682703e-12
1.425509133751954758e-03 1.289124057629621809e-09 4.001039578576213436e-12
1.442015751563302745e-03 1.293725233269493707e-09 4.092291578128316524e-12
1.458713507000582730e-03 1.291482028045365922e-09 4.098668718256227913e-12
1.475604613333191895e-03 1.292572638962535174e-09 4.001891052634462234e-12
1.492691309458979909e-03 1.289428110244887255e-09 4.075687312954315257e-12
1.509975860201007852e-03 1.295760420111978428e-09 4.125666767484034890e-12
1.527460556607757730e-03 1.294838793492391117e-09 4.028567119850823734e-12
1.545147716256796032e-03 1.296087864161061966e-09 4.030343550355416245e-12
1.563039683561977646e-03 1.293109145505799139e-09 4.119062367124547661e-12
1.581138830084189697e-03 1.291967503684676106e-09 4.110340392529736191e-12
1.599447554845698618e-03 1.292749604280425562e-09 4.018970871650623611e-12
1.617968284648140355e-03 1.291404550446396196e-09 4.046816226042528440e-12
1.636703474394191234e-03 1.292414759246751957e-09 4.132751352624946710e-12
1.655655607412955237e-03 1.292990853276083931e-09 4.134925990050043679e-12
1.674827195789139501e-03 1.291757049442864476e-09 4.058728609233359576e-12
1.694220780696013232e-03 1.295448200411206117e-09 4.014537987199326740e-12
1.713838932732252192e-03 1.296963913438393436e-09 4.090833545851283996e-12
1.733684252262658121e-03 1.290873267802813283e-09 4.141926748455993518e-12
1.753759369762839622e-03 1.288922633624337413e-09 4.106175878445630757e-12
1.774066946167876394e-03 1.289844622949129324e-09 4.072040187983396385e-12
1.794609673225024734e-03 1.293904248952816599e-09 4.056052179713666014e-12
1.815390273850506784e-03 1.286338679674443258e-09 4.055647079811224461e-12
1.836411502490423002e-03 1.295540873235769880e-09 4.121143469775881402e-12
1.857676145485863753e-03 1.291310530615909837e-09 4.145011426636710875e-12
1.879187021442221307e-03 1.288204632541853339e-09 4.159040971107030931e-12
1.900946981602806129e-03 1.293908383199344722e-09 4.147094652206014469e-12
1.922958910226767659e-03 1.293655014448396967e-09 4.116597919019636907e-12
1.945225724971402217e-03 1.291835365596068923e-09 4.092307313744731552e-12
1.967750377278885965e-03 1.292785231540678163e-09 4.064082702678927538e-12
1.990535852767486274e-03 1.294189520126068309e-09 4.068789244185193373e-12
2.013585171627295303e-03 1.295228514470735501e-09 4.078512793344876939e-12
2.036901389020564709e-03 1.292498490354068383e-09 4.082730960258764291e-12
2.060487595486651911e-03 1.293921522883655388e-09 4.089426851212664623e-12
2.084346917351677202e-03 1.293195360259384454e-09 4.099865307616144817e-12
2.108482517142911024e-03 1.293750658653945996e-09 4.115062849766998475e-12
2.132897594007962527e-03 1.291501017060080297e-09 4.110185733075316635e-12
2.157595384138824915e-03 1.293100607403015429e-09 4.110718086920735862e-12
2.182579161200830058e-03 1.298664314756142224e-09 4.108794617643836514e-12
2.207852236766562250e-03 1.295550314931912898e-09 4.101644219732167210e-12
2.233417960754816977e-03 1.295094445066154154e-09 4.101134102622419681e-12
2.259279721874612925e-03 1.295932320615732037e-09 4.097065418786893559e-12
2.285440948074375644e-03 1.292380919272955186e-09 4.095597863887264701e-12
2.311905106996301525e-03 1.292377372058363378e-09 4.098195793718835972e-12
2.338675706435990129e-03 1.293529813462440278e-09 4.122799943016000324e-12
2.365756294807401256e-03 1.294316766756337598e-09 4.150448436540332213e-12
2.393150461613189652e-03 1.289793063863029758e-09 4.175598119134257730e-12
2.420861837920496723e-03 1.291415165917033874e-09 4.179151494843592015e-12
2.448894096842230486e-03 1.288836425731218527e-09 4.163148024970217214e-12
2.477250954023952571e-03 1.289196163592319783e-09 4.129571658880933655e-12
2.505936168136362312e-03 1.292197314744391344e-09 4.106311361246395339e-12
2.534953541373521912e-03 1.296338827779959372e-09 4.124414165035559167e-12
2.564306919956823531e-03 1.290964171981280190e-09 4.171405236438255494e-12
2.594000194644804566e-03 1.289600603609752043e-09 4.184836542960062702e-12
2.624037301248860997e-03 1.294883688797701745e-09 4.141004448592861138e-12
2.654422221154942047e-03 1.292579406752745088e-09 4.117698735278820724e-12
2.685158981851263043e-03 1.290527998677653431e-09 4.162254475184846714e-12
2.716251657462167863e-03 1.291990660214376104e-09 4.186926474182083363e-12
2.747704369288123637e-03 1.290614813046858860e-09 4.139427622910195739e-12
2.779521286352018127e-03 1.294373372411864968e-09 4.138592266300607473e-12
2.811706625951745052e-03 1.290342231695146730e-09 4.193175162981693913e-12
2.844264654219206146e-03 1.290541436475446044e-09 4.150763656202626407e-12
2.877199686685782878e-03 1.291910945503397419e-09 4.137675530968079480e-12
2.910516088854357610e-03 1.293419856063792878e-09 4.196842989307116024e-12
2.944218276777944496e-03 1.293468184253506060e-09 4.146490897618318562e-12
2.978310717645054131e-03 1.291361755161633197e-09 4.156746455019079930e-12
3.012797930371790243e-03 1.290540846734515556e-09 4.191866835347525172e-12
3.047684486200845800e-03 1.293702938757208130e-09 4.133294833237397360e-12
3.082975009307410696e-03 1.293402244849956750e-09 4.202120949104568520e-12
3.118674177412095096e-03 1.290896248832786327e-09 4.140965558673108004e-12
3.154786722400964704e-03 1.290074236521282773e-09 4.197329019626556477e-12
3.191317430952740879e-03 1.286450203092486375e-09 4.145348118032602397e-12
3.228271145173277051e-03 1.292506029166113240e-09 4.194903568763940162e-12
3.265652763237360864e-03 1.292921341067517620e-09 4.146235330137922958e-12
3.303467240037982148e-03 1.291305945524467860e-09 4.202977398467448030e-12
3.341719587843074504e-03 1.290075452249107759e-09 4.141950354885266030e-12
3.380414876959908759e-03 1.290134486203637326e-09 4.202943842935415171e-12
3.419558236407146089e-03 1.286949420861562052e-09 4.167868008121898772e-12
3.459154854594680487e-03 1.287889914703873187e-09 4.158843829438009642e-12
3.499209980011365115e-03 1.286099898548661678e-09 4.204242679020287402e-12
3.539728921920689327e-03 1.287590104439504742e-09 4.154918478143555079e-12
3.580717051064509580e-03 1.289563035640464045e-09 4.183626421051760280e-12
3.622179800374953056e-03 1.288461381073613496e-09 4.207753964606084622e-12
3.664122665694521767e-03 1.285571855762230008e-09 4.163941608110175358e-12
3.706551206504588372e-03 1.287748315314646751e-09 4.165430953628669385e-12
3.749471046662278956e-03 1.290426372253653807e-09 4.209494448915530486e-12
3.792887875145917100e-03 1.288951482473303281e-09 4.207569063724915019e-12
3.836807446809092133e-03 1.285485467866862870e-09 4.171716961930616792e-12
3.881235583143458675e-03 1.286549714234721180e-09 4.163302988315223601e-12
3.926178173050358551e-03 1.287449811771627639e-09 4.169483864071702869e-12
3.971641173621410364e-03 1.286993128827811664e-09 4.199651277857697891e-12
4.017630610928087966e-03 1.285043279229641806e-09 4.214115111239967472e-12
4.064152580820497296e-03 1.285522624095546999e-09 4.214186718442737303e-12
4.111213249735355506e-03 1.285688605084792861e-09 4.207323720406724643e-12
4.158818855513353625e-03 1.283439007957198896e-09 4.196199868552589346e-12
4.206975708225973477e-03 1.283766522122399259e-09 4.193158616174296178e-12
4.255690191011879397e-03 1.285239016393918504e-09 4.192063668433185493e-12
4.304968760923003589e-03 1.284319563794496746e-09 4.193715096973887790e-12
4.354817949780402306e-03 1.283993794187648336e-09 4.194901446073454671e-12
4.405244365040072822e-03 1.284616267640105810e-09 4.203259679197307712e-12
4.456254690668728577e-03 1.280016253458452620e-09 4.214070996668089237e-12
4.507855688029784903e-03 1.284446770725344266e-09 4.218525612045761613e-12
4.560054196779547535e-03 1.284074439941607275e-09 4.216194039709341194e-12
4.612857135773813788e-03 1.283183142282724259e-09 4.197075348249440120e-12
4.666271503984952343e-03 1.283567578456788397e-09 4.182351394859018216e-12
4.720304381429616877e-03 1.279193251142580451e-09 4.187115007068725215e-12
4.774962930107178559e-03 1.282971283114339639e-09 4.217743480705210639e-12
4.830254394949069947e-03 1.279029649853992457e-09 4.216598694397339793e-12
4.886186104779055052e-03 1.281650596838010498e-09 4.186526237856681838e-12
4.942765473284694427e-03 1.278627094698043449e-09 4.195536496892482077e-12
4.999999999999999237e-03 1.280854779698453966e-09 4.224077963425126336e-12
5.057897271299491120e-03 1.282925875020821752e-09 4.190569022866037424e-12
5.116464961403772820e-03 1.280050494189340431e-09 4.206549529493755019e-12
5.175710833396719723e-03 1.278569146775108788e-09 4.216724778968582115e-12
5.235642740254497010e-03 1.280329616089633548e-09 4.192935008731102246e-12
5.296268625886442309e-03 1.279617118286799934e-09 4.224096467233263298e-12
5.357596526188034176e-03 1.278442798061803789e-09 4.190920389897735578e-12
5.419634570106018380e-03 1.279703638372306166e-09 4.222272646320742092e-12
5.482390980715924449e-03 1.277139884741600772e-09 4.201521526911675915e-12
5.545874076312003707e-03 1.278810160100642591e-09 4.208201291963062807e-12
5.610092271509814314e-03 1.278239129995382652e-09 4.225329358868007618e-12
5.675054078361576465e-03 1.278087085255005121e-09 4.194136528844283681e-12
5.740768107484413990e-03 1.278356933138700120e-09 4.219649677885562125e-12
5.807243069201712196e-03 1.275989378668899908e-09 4.224629666434781196e-12
5.874487774697644861e-03 1.276655179712797771e-09 4.202139337485068064e-12
5.942511137185094161e-03 1.276590106278075095e-09 4.198907830507557022e-12
6.011322173087065013e-03 1.277074876944504667e-09 4.219894630853369070e-12
6.080930003231838424e-03 1.276496784153898185e-09 4.232033540570258674e-12
6.151343854061904620e-03 1.275222266568165206e-09 4.229112202795743645e-12
6.222573058856927485e-03 1.274386569801935949e-09 4.222395160048966401e-12
6.294627058970835715e-03 1.274730856667604165e-09 4.216283968085050137e-12
6.367515405083306983e-03 1.275868158465169406e-09 4.213777537415703547e-12
6.441247758465666780e-03 1.274411485249828857e-09 4.212806739884080165e-12
6.515833892261499449e-03 1.276081290096953591e-09 4.218121706307468635e-12
6.591283692782035596e-03 1.273761018390924792e-09 4.223047182416757290e-12
6.667607160816618576e-03 1.272941898330629310e-09 4.232042907992952017e-12
6.744814412958264824e-03 1.273398575826247065e-09 4.232886783066512970e-12
6.822915682944624173e-03 1.273277134457295411e-09 4.218475143324740952e-12
6.901921323014425201e-03 1.272224123822175095e-09 4.206803906895207179e-12
6.981841805279686598e-03 1.271405802286033731e-09 4.217454475072119129e-12
7.062687723113769168e-03 1.271425063451177365e-09 4.235869082076928055e-12
7.144469792555517389e-03 1.271567020161447401e-09 4.214388146579726025e-12
7.227198853729638849e-03 1.269831952099799380e-09 4.217987544986363071e-12
7.310885872283589583e-03 1.269824755734739303e-09 4.231247552478367177e-12
7.395541940841033821e-03 1.269633627752820276e-09 4.211491637009341742e-12
7.481178280472170448e-03 1.269052452487841471e-09 4.235095852167483842e-12
7.567806242181042420e-03 1.269707295700533262e-09 4.212224196903024881e-12
7.655437308410150896e-03 1.268237127837721539e-09 4.233232085902427996e-12
7.744083094562405345e-03 1.267870602818733196e-09 4.231616898168691518e-12
7.833755350540741805e-03 1.268008785516176950e-09 4.214673413902613374e-12
7.924465962305568892e-03 1.269396911915582865e-09 4.237886984847268235e-12
8.016226953450207235e-03 1.267574297862198156e-09 4.231374781684024764e-12
8.109050486794647586e-03 1.266788509292392591e-09 4.215941028653216208e-12
8.202948865997691796e-03 1.267028164099133840e-09 4.215419184917668306e-12
8.297934537187806256e-03 1.266785059294824643e-09 4.224337481085928757e-12
8.394020090612802285e-03 1.265591302216801825e-09 4.230312259689225808e-12
8.491218262308719913e-03 1.265627249535707714e-09 4.233353232901346113e-12
8.589541935787937607e-03 1.268208568592417095e-09 4.236264527712906994e-12
8.689004143746880890e-03 1.264516319380274257e-09 4.232335202014278671e-12
8.789618069793463453e-03 1.263799251235201810e-09 4.225443221868058386e-12
8.891397050194612892e-03 1.263929308708326894e-09 4.218317133208537814e-12
8.994354575643936575e-03 1.263587836599040781e-09 4.220703221518243142e-12
9.098504293049921449e-03 1.263328610547634957e-09 4.240249002861211741e-12
9.203860007344780506e-03 1.262862224137911338e-09 4.235102035341304941e-12
9.310435683314336255e-03 1.262767200599695305e-09 4.219665086305840713e-12
9.418245447449000163e-03 1.262201976033018359e-09 4.233006246111377704e-12
9.527303589816240106e-03 1.261265248817247803e-09 4.224631478134094431e-12
9.637624565954681574e-03 1.261395609474696361e-09 4.237056288583939009e-12
9.749222998790225969e-03 1.261159377025183009e-09 4.224290195199392774e-12
9.862113680574265823e-03 1.260330673819004604e-09 4.243029980825820060e-12
9.976311574844402841e-03 1.260501121354735692e-09 4.226103744300867832e-12
1.009183181840780756e-02 1.259944616525580450e-09 4.224643823801352938e-12
1.020868972334764736e-02 1.259974245237739082e-09 4.240939688771150140e-12
1.032690077905264354e-02 1.259406640948063155e-09 4.240417880093739645e-12
1.044648065427019289e-02 1.257220940070614524e-09 4.235621201048915470e-12
1.056744519918323758e-02 1.258048605046227509e-09 4.230095570731066049e-12
1.068981044751116105e-02 1.256345843018457522e-09 4.225802863498308917e-12
1.081359261863509835e-02 1.256630441407198963e-09 4.234206894998781013e-12
1.093880811974775810e-02 1.256732633413020405e-09 4.239782296224455313e-12
1.106547354802819155e-02 1.256592413432854222e-09 4.244473565569606693e-12
1.119360569284169951e-02 1.254733773654780191e-09 4.238847230698195886e-12
1.132322153796529694e-02 1.255806148811014767e-09 4.226575518634651510e-12
1.145433826383886015e-02 1.255036283988591722e-09 4.242153924045290490e-12
1.158697324984239718e-02 1.254657995910882760e-09 4.237018243779654152e-12
1.172114407659961138e-02 1.255070221726277380e-09 4.232059286628877473e-12
1.185686852830827517e-02 1.254115569770034817e-09 4.241909739988828031e-12
1.199416459509744862e-02 1.253960446721774271e-09 4.242094056326379982e-12
1.213305047541208236e-02 1.253366384182416451e-09 4.230670397564646602e-12
1.227354457842515581e-02 1.252899186160308449e-09 4.240344534799096446e-12
1.241566552647785024e-02 1.252605961361981079e-09 4.245773391004058980e-12
1.255943215754789719e-02 1.252106159257394870e-09 4.241229992591787896e-12
1.270486352774653077e-02 1.252300488186017958e-09 4.236949727020564622e-12
1.285197891384432141e-02 1.251198959010813273e-09 4.238888875634635425e-12
1.300079781582635929e-02 1.249470831372324694e-09 4.238090825437720151e-12
1.315133995947690565e-02 1.250078849862729516e-09 4.243057212651711612e-12
1.330362529899405295e-02 1.250153954585310380e-09 4.244463587907614170e-12
1.345767401963457975e-02 1.250395965137331276e-09 4.235355671034227720e-12
1.361350654038956214e-02 1.249272415967352647e-09 4.240269287599866366e-12
1.377114351669082859e-02 1.248902166200827325e-09 4.245863090467291545e-12
1.393060584314884283e-02 1.249066214258423174e-09 4.233779232025191746e-12
1.409191465632227136e-02 1.243529224780213672e-09 4.243284551085971692e-12
1.425509133751954628e-02 1.248430388368324906e-09 4.243613064811914963e-12
1.442015751563302701e-02 1.247174971116142881e-09 4.235648392775502188e-12
1.458713507000582686e-02 1.247227470887782701e-09 4.237760721352336581e-12
1.475604613333193239e-02 1.246576376009799689e-09 4.243434240874397932e-12
1.492691309458979952e-02 1.245427459764313668e-09 4.245031020477637916e-12
1.509975860201007852e-02 1.245314200242938406e-09 4.244322584086771794e-12
1.527460556607755995e-02 1.244655800993629231e-09 4.238386077455823542e-12
1.545147716256795728e-02 1.244851436814797434e-09 4.239039221312533879e-12
1.563039683561977602e-02 1.244320627431407758e-09 4.246214576201187170e-12
1.581138830084189567e-02 1.244350888263308644e-09 4.246590501157204946e-12
1.599447554845698227e-02 1.243177293051347236e-09 4.240107040343572801e-12
1.617968284648142047e-02 1.249735799329486541e-09 4.246088664999802183e-12
1.636703474394191060e-02 1.242733336288499009e-09 4.248504400761278427e-12
1.655655607412955324e-02 1.242024115873663041e-09 4.237356526105301155e-12
1.674827195789137593e-02 1.241649164230102731e-09 4.237603507395650644e-12
1.694220780696013492e-02 1.241479148070577518e-09 4.251805205994694919e-12
1.713838932732252018e-02 1.240904858285011879e-09 4.241161332888661187e-12
1.733684252262658251e-02 1.239830050157267987e-09 4.242460194192488303e-12
1.753759369762839665e-02 1.239762613162855676e-09 4.239250035788813080e-12
1.774066946167878259e-02 1.240148171079591074e-09 4.245010233593453400e-12
1.794609673225026555e-02 1.238855092186524405e-09 4.221859640060075265e-12
1.815390273850506567e-02 1.239263923164260327e-09 4.241942313321291918e-12
1.836411502490422828e-02 1.237740646379551546e-09 4.249056282838949480e-12
1.857676145485861671e-02 1.236936233975589286e-09 4.248779888493219684e-12
1.879187021442221481e-02 1.238594044049495948e-09 4.239558280427373504e-12
1.900946981602805869e-02 1.236763889129620228e-09 4.242177872984382172e-12
1.922958910226767529e-02 1.237597383890015828e-09 4.242427975668422288e-12
1.945225724971402087e-02 1.235981640524614872e-09 4.241902244706735567e-12
1.967750377278888047e-02 1.235705728077113273e-09 4.243093661009234684e-12
1.990535852767486361e-02 1.235152422950802274e-09 4.250688862607202774e-12
2.013585171627295042e-02 1.234297820087042950e-09 4.245349521249653988e-12
2.036901389020562628e-02 1.234495426696650851e-09 4.247556679996545541e-12
2.060487595486651738e-02 1.233323431613588060e-09 4.252993666074829573e-12
2.084346917351677375e-02 1.233356857013671029e-09 4.251492668172128532e-12
2.108482517142910850e-02 1.233259351774661347e-09 4.253919795866589787e-12
2.132897594007962527e-02 1.232004956553630823e-09 4.250124067752048389e-12
2.157595384138826997e-02 1.231896118257341318e-09 4.252046078202628456e-12
2.182579161200830231e-02 1.232035489355937309e-09 4.259975504285895401e-12
2.207852236766562337e-02 1.231205380094252709e-09 4.244720951272459302e-12
2.233417960754814982e-02 1.230829028711121497e-09 4.247157894349912785e-12
2.259279721874612665e-02 1.230075265332109972e-09 4.248281325895707060e-12
2.285440948074375644e-02 1.229860972628464117e-09 4.252116571070648442e-12
2.311905106996301265e-02 1.229055665323119615e-09 4.245595990347513632e-12
2.338675706435990390e-02 1.229086369456003949e-09 4.245129273158273574e-12
2.365756294807403598e-02 1.228463137956296486e-09 4.250012735786590224e-12
2.393150461613192254e-02 1.226124902496688974e-09 4.250586505694751549e-12
2.420861837920496723e-02 1.227226010453732058e-09 4.257474748834799329e-12
2.448894096842230833e-02 1.227054435737356475e-09 4.247328055390187886e-12
2.477250954023949708e-02 1.226481902527241988e-09 4.252213005090850191e-12
2.505936168136362399e-02 1.228492584729549991e-09 4.248291853337180334e-12
2.534953541373521912e-02 1.225366725715193250e-09 4.245427869816070007e-12
2.564306919956823791e-02 1.225285629534203004e-09 4.245448773622990202e-12
2.594000194644804219e-02 1.223759821981437068e-09 4.245560718237894974e-12
2.624037301248863946e-02 1.223918022686244346e-09 4.249846560386486231e-12
2.654422221154941960e-02 1.223228112320258763e-09 4.252415883128404401e-12
2.685158981851263130e-02 1.224114667586104729e-09 4.249065707701903049e-12
2.716251657462165001e-02 1.222969743313135507e-09 4.254231076071188748e-12
2.747704369288124157e-02 1.222904850204492780e-09 4.252889097219245318e-12
2.779521286352018214e-02 1.222887821722672810e-09 4.250447040225763516e-12
2.811706625951744531e-02 1.221389278347492441e-09 4.253361017961440751e-12
2.844264654219205712e-02 1.221230524947086799e-09 4.247378833582805589e-12
2.877199686685785740e-02 1.220521698225130723e-09 4.253945992180510387e-12
2.910516088854357350e-02 1.222452536901921776e-09 4.246474595914146624e-12
2.944218276777944496e-02 1.220725744516325938e-09 4.253590388016058996e-12
2.978310717645051356e-02 1.219191607178091064e-09 4.254229039000266108e-12
3.012797930371789723e-02 1.218623123143071176e-09 4.254448596246276909e-12
3.047684486200846060e-02 1.218976791598130349e-09 4.251931009971573235e-12
3.082975009307410696e-02 1.218304297864604656e-09 4.246553439763265797e-12
3.118674177412094836e-02 1.217001750291699634e-09 4.250031675413670655e-12
3.154786722400967913e-02 1.216825172186015244e-09 4.254523428875731625e-12
3.191317430952744089e-02 1.216046155311610402e-09 4.250695741194613127e-12
3.228271145173277484e-02 1.215967742349574015e-09 4.253835900055443753e-12
3.265652763237360950e-02 1.215602859443728836e-09 4.254165272813318501e-12
3.303467240037978592e-02 1.215421445005895370e-09 4.247863331096692636e-12
3.341719587843074157e-02 1.214687436845117883e-09 4.254108861205067820e-12
3.380414876959909193e-02 1.211282506481458837e-09 4.253942578729743870e-12
3.419558236407145568e-02 1.213845850055355776e-09 4.255881884937726986e-12
3.459154854594680834e-02 1.212230057549141103e-09 4.251909824436508758e-12
3.499209980011368931e-02 1.214231738915830036e-09 4.248485235619665676e-12
3.539728921920690108e-02 1.212439646830738645e-09 4.246969212788578170e-12
3.580717051064509493e-02 1.213871028816085242e-09 4.247442499715689131e-12
3.622179800374948633e-02 1.211398223381447865e-09 4.247914825903655823e-12
3.664122665694521941e-02 1.211493187156291053e-09 4.249052413653710294e-12
3.706551206504588025e-02 1.210409321883699977e-09 4.249063978319331146e-12
3.749471046662278956e-02 1.209942079963025050e-09 4.254924235296231138e-12
3.792887875145917187e-02 1.205848413616965802e-09 4.252114318661407676e-12
3.836807446809096384e-02 1.210022410154039753e-09 4.227333612986934314e-12
3.881235583143459456e-02 1.209382644385700223e-09 4.240837743438451431e-12
3.926178173050358378e-02 1.207530739020297265e-09 4.255497038604425562e-12
3.971641173621406201e-02 1.208064589636587337e-09 4.250426257030129216e-12
4.017630610928087792e-02 1.207026068735350637e-09 4.251094683882558734e-12
4.064152580820497296e-02 1.206848782122103291e-09 4.261131285282747998e-12
4.111213249735355679e-02 1.206828176343456185e-09 4.255958226242720688e-12
4.158818855513353452e-02 1.206982935020235989e-09 4.276455015139998305e-12
4.206975708225977467e-02 1.204802991417108763e-09 4.255627209266029675e-12
4.255690191011883561e-02 1.205045198791569579e-09 4.256429417190394310e-12
4.304968760923003068e-02 1.204992119766425005e-09 4.241692661472050976e-12
4.354817949780401959e-02 1.204306387460732741e-09 4.251183738513938651e-12
4.405244365040068139e-02 1.204375082697815793e-09 4.248302935977224774e-12
4.456254690668728924e-02 1.202953623806851715e-09 4.259292735748078400e-12
4.507855688029784730e-02 1.202311276291676597e-09 4.254554803988885265e-12
4.560054196779547708e-02 1.203680677581239365e-09 4.254742400173459810e-12
4.612857135773813788e-02 1.202499542480383942e-09 4.252351358581629817e-12
4.666271503984956853e-02 1.193024659550489953e-09 4.259961358328568494e-12
4.720304381429617224e-02 1.201154339754410936e-09 4.251239858191021803e-12
4.774962930107178732e-02 1.201888621486632910e-09 4.252040344319370995e-12
4.830254394949064917e-02 1.198035362563152449e-09 4.255199114089915228e-12
4.886186104779054878e-02 1.198551274651268672e-09 4.253916519043149823e-12
4.942765473284694427e-02 1.198033505048401903e-09 4.238070002525348821e-12
4.999999999999999584e-02 1.197380129263547054e-09 4.267354583425249545e-12
5.057897271299491293e-02 1.198908022907369473e-09 4.257012246306934156e-12
5.116464961403772993e-02 1.197997500930951484e-09 4.252378232931806103e-12
5.175710833396719723e-02 1.196867177432789211e-09 4.255474281682357460e-12
5.235642740254497357e-02 1.194677428067437236e-09 4.255851649684896319e-12
5.296268625886442483e-02 1.197750603522248072e-09 4.249121429429191892e-12
5.357596526188034003e-02 1.195165612107824331e-09 4.250396565115763785e-12
5.419634570106018207e-02 1.195256465366475687e-09 4.257020445945193582e-12
5.482390980715925316e-02 1.195281943745976729e-09 4.250357323862676889e-12
5.545874076312003881e-02 1.194504279031846718e-09 4.252530568566143338e-12
5.610092271509819345e-02 1.194059501342760382e-09 4.248944123469893002e-12
5.675054078361576465e-02 1.194499642110919438e-09 4.256159363056085038e-12
5.740768107484413990e-02 1.188668947075448007e-09 4.261843521815295227e-12
5.807243069201711849e-02 1.191901469734092993e-09 4.255761390679153600e-12
5.874487774697650933e-02 1.192278628346416573e-09 4.256423045889158628e-12
5.942511137185094161e-02 1.191424969990025669e-09 4.260422983682719642e-12
6.011322173087065013e-02 1.191701231767036903e-09 4.256163184226188503e-12
6.080930003231839465e-02 1.190617968836406298e-09 4.254928120085968431e-12
6.151343854061905314e-02 1.191075856740190962e-09 4.251533109946436034e-12
6.222573058856927658e-02 1.189909366618857024e-09 4.254944051601831175e-12
6.294627058970836408e-02 1.189111293176048883e-09 4.252628245083387098e-12
6.367515405083307156e-02 1.188699087485139037e-09 4.258725470957812484e-12
6.441247758465666606e-02 1.188535417879572524e-09 4.256211415569825685e-12
6.515833892261499449e-02 1.187481232669001248e-09 4.251832039059790847e-12
6.591283692782036463e-02 1.187534227740837974e-09 4.255192417049038526e-12
6.667607160816618750e-02 1.188050701342991896e-09 4.256188473940914971e-12
6.744814412958265171e-02 1.182797655416241510e-09 4.252586182391761049e-12
6.822915682944624693e-02 1.186453937567901588e-09 4.255993813174642230e-12
6.901921323014424681e-02 1.189809168954269453e-09 4.253776691897289089e-12
6.981841805279687119e-02 1.182420735467766091e-09 4.253898487961800450e-12
7.062687723113769689e-02 1.184589526441230069e-09 4.256181725494501668e-12
7.144469792555517562e-02 1.184468309572927543e-09 4.253373901100150124e-12
7.227198853729638328e-02 1.183519098782955088e-09 4.255536858262495960e-12
7.310885872283590103e-02 1.185806402299349882e-09 4.261628326177341079e-12
7.395541940841035555e-02 1.182806791745348759e-09 4.253529354358970389e-12
7.481178280472171316e-02 1.182079649462053023e-09 4.274232147652354473e-12
7.567806242181042420e-02 1.181361576360867647e-09 4.255844112494840340e-12
7.655437308410151243e-02 1.180709464461546930e-09 4.252355173178320401e-12
7.744083094562405345e-02 1.180803700439847746e-09 4.253179535827808745e-12
7.833755350540749784e-02 1.180391118613253954e-09 4.257284514954822440e-12
7.924465962305569933e-02 1.193226248986773923e-09 4.260408037913697840e-12
8.016226953450207582e-02 1.179216853157730573e-09 4.241922650638399739e-12
8.109050486794648627e-02 1.179115797085539606e-09 4.259792598473014748e-12
8.202948865997693184e-02 1.178823086375787743e-09 4.258341558721418264e-12
8.297934537187805215e-02 1.178606341271279778e-09 4.260703310956183006e-12
8.394020090612802631e-02 1.177942583694588023e-09 4.257797363301170856e-12
8.491218262308720954e-02 1.177141214287293393e-09 4.278569431115917465e-12
8.589541935787936566e-02 1.176773950798148516e-09 4.253985617942923175e-12
8.689004143746879849e-02 1.179708416079331241e-09 4.256191763613717178e-12
8.789618069793464494e-02 1.175310530026717552e-09 4.249155316141918476e-12
8.891397050194613239e-02 1.175082930687422930e-09 4.259843571344080802e-12
8.994354575643935534e-02 1.174588936099986935e-09 4.254457085130336323e-12
9.098504293049920755e-02 1.173724382819260477e-09 4.275585766506028778e-12
9.203860007344780159e-02 1.173850028097355720e-09 4.257568504317576184e-12
9.310435683314335908e-02 1.172326873721471244e-09 4.255770165559302295e-12
9.418245447449000163e-02 1.173539656615135986e-09 4.258027193847426748e-12
9.527303589816239759e-02 1.172328400180202879e-09 4.255580791679210065e-12
9.637624565954681921e-02 1.172207179537466946e-09 4.253274638841375511e-12
9.749222998790225969e-02 1.170614925179669494e-09 4.257487502105802756e-12
9.862113680574266517e-02 1.170385365122655850e-09 4.255257362699211867e-12
9.976311574844401453e-02 1.176649626798621885e-09 4.253158382298787972e-12
1.009183181840780652e-01 1.170907429848927218e-09 4.257554149835799944e-12
1.020868972334764563e-01 1.169011381492507854e-09 4.262490239438687679e-12
1.032690077905264459e-01 1.169341235028224475e-09 4.256110765404815329e-12
1.044648065427020295e-01 1.169477049429791801e-09 4.293857663014771202e-12
1.056744519918323688e-01 1.167945309925666116e-09 4.255963945769526758e-12
1.068981044751116105e-01 1.168610499306593843e-09 4.263190428275736175e-12
1.081359261863509835e-01 1.167185312349668334e-09 4.254265383469427129e-12
1.093880811974775602e-01 1.167202758881798794e-09 4.271355557558168919e-12
1.106547354802819155e-01 1.165534063987961291e-09 4.233254510926920317e-12
1.119360569284170021e-01 1.168570543841602287e-09 4.255637005242001177e-12
1.132322153796529590e-01 1.164853861867388351e-09 4.183406565309403717e-12
1.145433826383886050e-01 1.164406935633979148e-09 4.220595301634992478e-12
1.158697324984239579e-01 1.155302365514061753e-09 4.255006624181414848e-12
1.172114407659961138e-01 1.164337168266468844e-09 4.277010423158459284e-12
1.185686852830827587e-01 1.163609402510845426e-09 4.249047646209949927e-12
1.199416459509744792e-01 1.162170647421988978e-09 4.259169551975581608e-12
1.213305047541208270e-01 1.161855037486559584e-09 4.255895274141912165e-12
1.227354457842515234e-01 1.162390807983642665e-09 4.245609626785739465e-12
1.241566552647785093e-01 1.163456093234799787e-09 4.271814216613720404e-12
1.255943215754789510e-01 1.161284932615838524e-09 4.257102028932355303e-12
1.270486352774652938e-01 1.160455785632616444e-09 4.260192621504734333e-12
1.285197891384432245e-01 1.160318950352426356e-09 4.221961986077485880e-12
1.300079781582635929e-01 1.160248068441360617e-09 4.254429787201489537e-12
1.315133995947690704e-01 1.159256957844530991e-09 4.255672687342860843e-12
1.330362529899405399e-01 1.158814039615485359e-09 4.256977360410698075e-12
1.345767401963458287e-01 1.157281698970671628e-09 4.259437853735135918e-12
1.361350654038956109e-01 1.161266186985042109e-09 4.260913166481165433e-12
1.377114351669082859e-01 1.159347072295822119e-09 4.257918500160592227e-12
1.393060584314885775e-01 1.157606409451846878e-09 4.253585739301214679e-12
1.409191465632227414e-01 1.156352812998482932e-09 4.254104107821662112e-12
1.425509133751954594e-01 1.155540558681709990e-09 4.257687833737723444e-12
1.442015751563302528e-01 1.155695654983229358e-09 4.247226292977918935e-12
1.458713507000582721e-01 1.155182889763601487e-09 4.254248613507820601e-12
1.475604613333193205e-01 1.176436008216200036e-09 4.234528908104065270e-12
1.492691309458979987e-01 1.153916721436890428e-09 4.257303427510401073e-12
1.509975860201007714e-01 1.152411589027482104e-09 4.263068539546959696e-12
1.527460556607755926e-01 1.153438640355382269e-09 4.254695418700440670e-12
1.545147716256795867e-01 1.152730827991039666e-09 4.243156320141583112e-12
1.563039683561977533e-01 1.153160749868486563e-09 4.257498958613668183e-12
1.581138830084189428e-01 1.151795416390898244e-09 4.255647571041043876e-12
1.599447554845698505e-01 1.151396157581379755e-09 4.251187875597401883e-12
1.617968284648141908e-01 1.151105609996501290e-09 4.256544285773628832e-12
1.636703474394191060e-01 1.148104806543941709e-09 4.256687855814515140e-12
1.655655607412955255e-01 1.149819645488515743e-09 4.272032494382156576e-12
1.674827195789137801e-01 1.150273388719602378e-09 4.255783572547125050e-12
1.694220780696013562e-01 1.149068638558164205e-09 4.254026903087912510e-12
1.713838932732252018e-01 1.149332168433253900e-09 4.253220512657921036e-12
1.733684252262658043e-01 1.148211297743151549e-09 4.282545478656998987e-12
1.753759369762839526e-01 1.147693388491889476e-09 4.231107165255790288e-12
1.774066946167878189e-01 1.147106669284896400e-09 4.254534700342856200e-12
1.794609673225026625e-01 1.147289611415594089e-09 4.251774337351052809e-12
1.815390273850506775e-01 1.144641988554918430e-09 4.255379478485375684e-12
1.836411502490422898e-01 1.145495885737588676e-09 4.258978940174692435e-12
1.857676145485863684e-01 1.146151184534644547e-09 4.253770806462673688e-12
1.879187021442221273e-01 1.145046423202568570e-09 4.255099855057378456e-12
1.900946981602806007e-01 1.144558023925164218e-09 4.258051691577459381e-12
1.922958910226767459e-01 1.143890034799233874e-09 4.254258551980952225e-12
1.945225724971402226e-01 1.144849880256293553e-09 4.244704806739688121e-12
1.967750377278887630e-01 1.142628813387993532e-09 4.255740817250844664e-12
1.990535852767486569e-01 1.142955170279163470e-09 4.255383267107662840e-12
2.013585171627294834e-01 1.142070284315933312e-09 4.241511112642610304e-12
2.036901389020563113e-01 1.141750410413763888e-09 4.237257853301338441e-12
2.060487595486651946e-01 1.141921485999608293e-09 4.255372831889168367e-12
2.084346917351677098e-01 1.140399682456622125e-09 4.261368398114795538e-12
2.108482517142910850e-01 1.139902453643703424e-09 4.254382820212414231e-12
2.132897594007962527e-01 1.137513374460436884e-09 4.253728918622832969e-12
2.157595384138827066e-01 1.135112100400872890e-09 4.256321467314894570e-12
2.182579161200830231e-01 1.139059472200104295e-09 4.258342413438935609e-12
2.207852236766562060e-01 1.138267459895954013e-09 4.260905989801184932e-12
2.233417960754814913e-01 1.137646530989813571e-09 4.092981771592350716e-12
2.259279721874612734e-01 1.137186854763694795e-09 4.250704209685551550e-12
2.285440948074375367e-01 1.137461730092895249e-09 4.254711777515785789e-12
2.311905106996301473e-01 1.146567850177949751e-09 4.254293246935554222e-12
2.338675706435990320e-01 1.135585356845516350e-09 4.266265031105940433e-12
2.365756294807403182e-01 1.135239621169369581e-09 4.254770890857422468e-12
2.393150461613192392e-01 1.139153723223226890e-09 4.258137456186056490e-12
2.420861837920496862e-01 1.134841540434339115e-09 4.252608090204951788e-12
2.448894096842230417e-01 1.133975176888011168e-09 4.219046010585983228e-12
2.477250954023952345e-01 1.133428567884883791e-09 4.255150353603912332e-12
2.505936168136362330e-01 1.129928473627983616e-09 4.599190637689381425e-12
2.534953541373521912e-01 1.133368654281053170e-09 4.256125399415534021e-12
2.564306919956823583e-01 1.129152813797001872e-09 4.255704187676513926e-12
2.594000194644804358e-01 1.131027528198715089e-09 4.256739688391534816e-12
2.624037301248863807e-01 1.130522465827986349e-09 4.170837705638899841e-12
2.654422221154941752e-01 1.131555098889236911e-09 4.255814468094180042e-12
2.685158981851263338e-01 1.130316149942806141e-09 4.256375312230019441e-12
2.716251657462164792e-01 1.130213886044077922e-09 4.261036052136152258e-12
2.747704369288123671e-01 1.128915765307571105e-09 4.242209215759179567e-12
2.779521286352018006e-01 1.153901843711828287e-09 4.253697770323794787e-12
2.811706625951744809e-01 1.127905924851327551e-09 4.250636154576028933e-12
2.844264654219206268e-01 1.128338634842027190e-09 4.249484448960643044e-12
2.877199686685785740e-01 1.127325104194951933e-09 4.265769961430030454e-12
2.910516088854357419e-01 1.127154117576816097e-09 4.253915995041204321e-12
2.944218276777944565e-01 1.126863167104617046e-09 4.259335523242968360e-12
2.978310717645051287e-01 1.131371713843113551e-09 4.256920101079834264e-12
3.012797930371790001e-01 1.126273798386861787e-09 4.255354454889741858e-12
3.047684486200846199e-01 1.124591950146231824e-09 4.255315820564607169e-12
3.082975009307410419e-01 1.125024088859054406e-09 4.198967525879214650e-12
3.118674177412095183e-01 1.124371596919312436e-09 4.253371014183637541e-12
3.154786722400967913e-01 1.131681775868169595e-09 4.276111502054398068e-12
3.191317430952744227e-01 1.150546543672440399e-09 4.252123161751570040e-12
3.228271145173277623e-01 1.122923099581354836e-09 4.255097636441544215e-12
3.265652763237361089e-01 1.122408139216155009e-09 4.253844727729129231e-12
3.303467240037981645e-01 1.122532501475506187e-09 4.254125777418582562e-12
3.341719587843073880e-01 1.122064275176731758e-09 4.248626720898041604e-12
3.380414876959909054e-01 1.122143835686062604e-09 4.255338924885241722e-12
3.419558236407145846e-01 1.140077769001515503e-09 4.256106998171120641e-12
3.459154854594680972e-01 1.122002381288116366e-09 4.264048671166358178e-12
3.499209980011368515e-01 1.117683681046968773e-09 4.434352171065320360e-12
3.539728921920689553e-01 1.120678600546710415e-09 4.253033709779109964e-12
3.580717051064509215e-01 1.117199646366930437e-09 4.255989913497754982e-12
3.622179800374948910e-01 1.118176868047575692e-09 4.249163302549663804e-12
3.664122665694521941e-01 1.117267242426360535e-09 4.253550005124039558e-12
3.706551206504588025e-01 1.117096932334157456e-09 4.258557028956884578e-12
3.749471046662278817e-01 1.116279807975977940e-09 4.253485593372822569e-12
3.792887875145917187e-01 1.105059765064243804e-09 4.251669058425098338e-12
3.836807446809096245e-01 1.112897337366739893e-09 4.250967967046296976e-12
3.881235583143459178e-01 1.116316956489326811e-09 4.254056355529541304e-12
3.926178173050358100e-01 1.083420344428712625e-09 4.614582819813476512e-12
3.971641173621406340e-01 1.153019842492388580e-09 4.253194241450359340e-12
4.017630610928087931e-01 1.114455206566475909e-09 4.243798761335580764e-12
4.064152580820497018e-01 1.113459172357532392e-09 4.254876430380326518e-12
4.111213249735355402e-01 1.112229089986099513e-09 4.253878307376625726e-12
4.158818855513353729e-01 1.113196303321681580e-09 4.256032090891523698e-12
4.206975708225977328e-01 1.112095220021846587e-09 4.255024327673787266e-12
4.255690191011883283e-01 1.102178931977174873e-09 4.213399286458817698e-12
4.304968760923003068e-01 1.110937114687758719e-09 4.255266920561498824e-12
4.354817949780401820e-01 1.110717415127916068e-09 4.252201945559729521e-12
4.405244365040072441e-01 1.110944202466392424e-09 4.249011001248221258e-12
4.456254690668728924e-01 1.109925356767527805e-09 4.256360596457509557e-12
4.507855688029784313e-01 1.109202252849700437e-09 4.260847934781960829e-12
4.560054196779547708e-01 1.108590803470528533e-09 4.259242475217379419e-12
4.612857135773818507e-01 1.108372667181478091e-09 4.255005727447204974e-12
4.666271503984956714e-01 1.108254126664805048e-09 4.254951902678862830e-12
4.720304381429618057e-01 1.107473423970835694e-09 4.255466442316594961e-12
4.774962930107178871e-01 1.106506734229387138e-09 4.254815776528459553e-12
4.830254394949065055e-01 1.106736674637987321e-09 4.201559806300461462e-12
4.886186104779055572e-01 1.106123437732371952e-09 4.252518784844707669e-12
4.942765473284694844e-01 1.115772321155919310e-09 4.255834736110172549e-12
5.000000000000000000e-01 1.105451190972204058e-09 4.303953019148779390e-12
5.235642740254498051e-01 1.101181965875182816e-09 4.262517208579717541e-12
5.482390980715924345e-01 1.100322986347577246e-09 4.330440139908313283e-12
5.740768107484414129e-01 1.098777013114288190e-09 4.257431547962739425e-12
6.011322173087064735e-01 1.105008002740077837e-09 4.259186065955290028e-12
6.294627058970836408e-01 1.075602792537291441e-09 4.245732336534990883e-12
6.591283692782035075e-01 1.094145673258282978e-09 4.270055490350796700e-12
6.901921323014423848e-01 1.091921434560863225e-09 4.255167392382579008e-12
7.227198853729637218e-01 1.089996673943420629e-09 4.253625381029801411e-12
7.567806242181041032e-01 1.088559497478977306e-09 4.253413705515840923e-12
7.924465962305566880e-01 1.087426420333499385e-09 4.257078227421570493e-12
8.297934537187804382e-01 1.084590175312964952e-09 4.253476404287610035e-12
8.689004143746876796e-01 1.082112029047334481e-09 4.252412391125166914e-12
9.098504293049917147e-01 1.079825456867661431e-09 4.256293704262121966e-12
9.527303589816237261e-01 1.079639934244346963e-09 4.253131652973412002e-12
9.976311574844397567e-01 1.077332461706039995e-09 4.563063488490510555e-12
1.044648065427019823e+00 1.075814830673507039e-09 4.255336549646101143e-12
1.093880811974776268e+00 1.074609658989129260e-09 4.256819611582329351e-12
1.145433826383886577e+00 1.073022522620716360e-09 4.248686148392300913e-12
1.199416459509745181e+00 1.067250138825174415e-09 4.255558280152620226e-12
1.255943215754790065e+00 1.069196396368858345e-09 4.257018090928240028e-12
1.315133995947690870e+00 1.067249918648124524e-09 4.251721789546835610e-12
1.377114351669083137e+00 1.063442943684988162e-09 4.258104912986383220e-12
1.442015751563302972e+00 1.061783170972428653e-09 4.345895037946638609e-12
1.509975860201008047e+00 1.060354774551344304e-09 4.005770532669855025e-12
1.581138830084189761e+00 1.058817841318350290e-09 4.250040838663247386e-12
1.655655607412955810e+00 1.064167276371057466e-09 4.250960740202869919e-12
1.733684252262658321e+00 1.057632497335367077e-09 4.255102383290978370e-12
1.815390273850506997e+00 9.867704704197456884e-10 4.251833596299690053e-12
1.900946981602805952e+00 1.051732017581535181e-09 4.073843804820813567e-12
1.990535852767486347e+00 1.049890945362965149e-09 4.257132007610507941e-12
2.084346917351676876e+00 1.047738021623733428e-09 4.250020753238744634e-12
2.182579161200830065e+00 1.046996482071558699e-09 4.268197231217599951e-12
2.285440948074375367e+00 1.046219641189346735e-09 4.255444357414167230e-12
2.393150461613192004e+00 1.043699485103879312e-09 4.260144947831297719e-12
2.505936168136361886e+00 1.038720043390925467e-09 4.251769753771421379e-12
2.624037301248862697e+00 1.036961199867318653e-09 4.247491626847378891e-12
2.747704369288122894e+00 1.037392051095150429e-09 4.261541905265288862e-12
2.877199686685784741e+00 1.036221622945527238e-09 4.252244679944266060e-12
3.012797930371788890e+00 1.033633343722638941e-09 4.249575339563013376e-12
3.154786722400966692e+00 1.031981123348044975e-09 4.251304004017200784e-12
3.303467240037979646e+00 1.030669847317583836e-09 4.371439482074213288e-12
3.459154854594682416e+00 1.033587486778265033e-09 4.230657503169958298e-12
3.622179800374950798e+00 1.020996632997259348e-09 4.265439062871805076e-12
3.792887875145918741e+00 1.024922293427529036e-09 4.249946853739983119e-12
3.971641173621408338e+00 1.024318723767743501e-09 4.250239464270479496e-12
4.158818855513356283e+00 1.021030252110032707e-09 4.238017077345938014e-12
4.354817949780404263e+00 1.022089389185661475e-09 4.231899550120811096e-12
4.560054196779547375e+00 1.018794842049743225e-09 4.238371632383952918e-12
4.774962930107179204e+00 1.015070543573951314e-09 4.260858670792985783e-12
5.000000000000000888e+00 1.004739979584684919e-09 4.248545650007777052e-12
6.294627058970835520e+00 1.006008014355821177e-09 4.253641061824389981e-12
7.924465962305567324e+00 1.001649438324084658e-09 4.258453671994652497e-12
9.976311574844396901e+00 9.863030068313847443e-10 4.244856545641880376e-12
1.255943215754790288e+01 9.790608966718084123e-10 4.248188542720211496e-12
1.581138830084189451e+01 9.693374604820847297e-10 4.247269925753794075e-12
1.990535852767486347e+01 9.614568793213568977e-10 4.246750756392887864e-12
2.505936168136362241e+01 9.523585675533522042e-10 4.244138447651480803e-12
3.154786722400966070e+01 9.438322584700005964e-10 4.243227729724707211e-12
3.971641173621406296e+01 9.366361317409049044e-10 4.253086390567898125e-12
4.999999999999999289e+01 9.267350293094787595e-10 4.247974241643173756e-12
