2.393150461613189841e-05 9.035105360552617806e-11 6.861278412691575024e-13
2.448894096842227708e-05 9.102249382947757431e-11 7.637751323515511503e-13
2.505936168136362570e-05 1.448058580192735041e-10 8.446900176731194091e-13
2.564306919956823707e-05 2.146809306555861394e-10 9.279444829668052270e-13
2.624037301248861295e-05 2.949071104048956734e-10 1.012207203293567824e-12
2.685158981851265889e-05 3.813746668616004662e-10 1.096182699697724277e-12
2.747704369288124057e-05 4.709029974477967985e-10 1.178319190250483485e-12
2.811706625951745350e-05 5.611122388881720523e-10 1.256851963790104046e-12
2.877199686685782864e-05 6.490103366977364658e-10 1.329812441405481724e-12
2.944218276777941324e-05 7.314653812630076572e-10 1.394995737950648216e-12
3.012797930371789620e-05 8.075565064319151876e-10 1.450887968172095323e-12
3.082975009307410534e-05 8.745064034296804534e-10 1.495049134558153238e-12
3.154786722400964650e-05 9.311662166117856126e-10 1.525187648890480736e-12
3.228271145173280656e-05 9.752609325056957262e-10 1.540666178221187870e-12
3.303467240037981687e-05 1.006005041207813101e-09 1.539767303011367244e-12
3.380414876959908759e-05 1.023025912419870055e-09 1.521643442177168507e-12
3.459154854594680595e-05 1.027012668147122310e-09 1.486180949199391532e-12
3.539728921920685885e-05 1.018332600569305340e-09 1.434322075235565607e-12
3.622179800374952406e-05 9.975926058009616635e-10 1.367306073210004695e-12
3.706551206504588155e-05 9.675222521516081101e-10 1.287935753535807594e-12
3.792887875145917236e-05 9.300058658433689116e-10 1.199878046224875536e-12
3.881235583143463039e-05 8.878046373212159790e-10 1.107589379276343398e-12
3.971641173621410364e-05 8.439693721551084693e-10 1.016935618590110998e-12
4.064152580820497269e-05 8.014689487376357387e-10 9.342484519138141148e-13
4.158818855513353842e-05 7.637114616933416281e-10 8.667088655742909618e-13
4.255690191011879072e-05 7.329500411876406009e-10 8.212123888470628768e-13
4.354817949780397373e-05 7.121846539241095147e-10 8.050303148856401133e-13
4.456254690668728712e-05 7.022355819281707299e-10 8.240103963101775777e-13
4.560054196779547508e-05 7.049196861400003899e-10 8.826483919929035507e-13
4.666271503984951611e-05 7.198127301494586954e-10 9.832760436795910616e-13
4.774962930107184414e-05 7.454596528954635543e-10 1.125686914074569050e-12
4.886186104779054808e-05 7.805834138691972841e-10 1.306065768928594563e-12
4.999999999999999562e-05 8.220468545314732378e-10 1.517182261126593111e-12
5.057897271299489764e-05 8.440485391663929240e-10 1.630882497683243651e-12
5.116464961403766531e-05 8.667842748499306156e-10 1.748213026861833116e-12
5.175710833396715576e-05 8.887018905386117123e-10 1.866996575774635724e-12
5.235642740254491996e-05 9.105413052610644707e-10 1.985193744064544198e-12
5.296268625886447188e-05 9.311077845936127416e-10 2.100418017750527034e-12
5.357596526188034176e-05 9.503632380473549364e-10 2.210668418989250689e-12
5.419634570106018624e-05 9.678112355429291059e-10 2.314113365190305224e-12
5.482390980715925750e-05 9.829171908441676422e-10 2.408080578064707706e-12
5.545874076312003680e-05 9.958706783826320752e-10 2.490025563286669267e-12
5.610092271509814368e-05 1.006161216511238819e-09 2.559104500679530937e-12
5.675054078361571342e-05 1.014162285914853988e-09 2.612521209698172610e-12
5.740768107484407919e-05 1.019207227417370183e-09 2.649154148178799362e-12
5.807243069201718186e-05 1.021857272765587247e-09 2.667897196962603263e-12
5.874487774697651393e-05 1.022224815586107774e-09 2.667781259646163566e-12
5.942511137185094486e-05 1.020501294810216045e-09 2.649478495124714678e-12
6.011322173087064877e-05 1.017080210902148893e-09 2.612339242634456392e-12
6.080930003231839372e-05 1.012337369576744409e-09 2.558262507470660574e-12
6.151343854061905325e-05 1.006638114380167231e-09 2.488517667108464164e-12
6.222573058856921034e-05 1.000989070614499518e-09 2.404712495545590788e-12
6.294627058970830402e-05 9.950060902276215080e-10 2.310114300536233359e-12
6.367515405083314138e-05 9.899397604813038922e-10 2.207576664823351484e-12
6.441247758465673719e-05 9.860269848003773986e-10 2.101383024994626767e-12
6.515833892261499124e-05 9.839064651783970471e-10 1.994683378317519391e-12
6.591283692782035650e-05 9.839857604490049725e-10 1.893204074745833389e-12
6.667607160816619769e-05 9.862499150624127572e-10 1.800424952464496935e-12
6.744814412958265366e-05 9.910912315829180866e-10 1.720871589326202974e-12
6.822915682944618535e-05 9.989542235109440491e-10 1.659007159948953578e-12
6.901921323014417829e-05 1.009382882480130555e-09 1.618731727199949742e-12
6.981841805279680852e-05 1.022044783907491108e-09 1.602929615193776769e-12
7.062687723113775782e-05 1.037763736198898347e-09 1.613963198516729201e-12
7.144469792555517389e-05 1.054264736350295357e-09 1.653704106297968255e-12
7.227198853729638578e-05 1.072875116383300316e-09 1.722047209364165290e-12
7.310885872283590017e-05 1.092312698923748230e-09 1.818189258796649924e-12
7.395541940841035122e-05 1.111764960962116377e-09 1.939998710770422972e-12
7.481178280472162371e-05 1.130714618901731023e-09 2.083907310252564631e-12
7.567806242181034505e-05 1.148899888492315226e-09 2.245372756055585828e-12
7.655437308410142656e-05 1.165164508658708198e-09 2.418312476430301743e-12
7.744083094562412067e-05 1.179376317475550919e-09 2.596252266984776647e-12
7.833755350540750207e-05 1.191084698712662364e-09 2.771454482548266668e-12
7.924465962305569597e-05 1.199970146040248347e-09 2.936715092235615896e-12
8.016226953450208102e-05 1.206224111523257135e-09 3.083807019216514577e-12
8.109050486794647857e-05 1.209547613677256775e-09 3.206268965333651012e-12
8.202948865997692718e-05 1.210435887316836716e-09 3.297724757078855499e-12
8.297934537187796715e-05 1.208972590816901003e-09 3.352663976170463239e-12
8.394020090612794207e-05 1.206343302207866455e-09 3.368824715749257607e-12
8.491218262308729617e-05 1.202938548418780295e-09 3.345109553714682554e-12
8.589541935787945305e-05 1.199424381590750468e-09 3.283923105792803363e-12
8.689004143746880239e-05 1.196506159077778499e-09 3.187866553769385971e-12
8.789618069793464267e-05 1.195512803610194218e-09 3.062256695016018738e-12
8.891397050194613488e-05 1.196150229622199980e-09 2.918262231754307950e-12
8.994354575643935166e-05 1.199792237064784442e-09 2.764989441070525107e-12
9.098504293049911853e-05 1.205878999271814366e-09 2.609061893312118407e-12
9.203860007344770748e-05 1.215360160690701517e-09 2.469098267890672092e-12
9.310435683314326931e-05 1.227427599271698727e-09 2.355038793578712565e-12
9.418245447449009216e-05 1.242181035846264191e-09 2.275457590897970210e-12
9.527303589816240703e-05 1.258648816649901880e-09 2.239677869358026406e-12
9.637624565954682279e-05 1.275965862898937850e-09 2.254001895153549371e-12
9.749222998790227921e-05 1.293507443371755044e-09 2.319877110364650167e-12
9.862113680574264088e-05 1.310587811954936207e-09 2.435398723274754459e-12
9.976311574844392432e-05 1.325923567732745595e-09 2.594842087519712457e-12
1.009183181840780691e-04 1.338805166056750448e-09 2.788356892521251947e-12
1.020868972334764650e-04 1.348834338390852552e-09 3.001521876642538146e-12
1.032690077905264468e-04 1.355823136162140148e-09 3.218131076118715689e-12
1.044648065427019234e-04 1.359719587704960268e-09 3.427075128173837471e-12
1.056744519918323541e-04 1.360739527147851648e-09 3.606744836946682413e-12
1.068981044751116051e-04 1.359703857762865424e-09 3.737122320838329396e-12
1.081359261863509960e-04 1.356876983774690206e-09 3.813419734249904351e-12
1.093880811974775648e-04 1.354129537271051310e-09 3.827497165289016722e-12
1.106547354802819166e-04 1.352462150927740716e-09 3.777189025723982385e-12
1.119360569284169843e-04 1.352313410614966959e-09 3.668537190887670164e-12
1.132322153796529580e-04 1.354652646499826895e-09 3.512495168070631944e-12
1.145433826383886162e-04 1.360569002529092810e-09 3.328076331522972626e-12
1.158697324984239751e-04 1.369602975070538057e-09 3.139800011982062977e-12
1.172114407659961160e-04 1.381719922240399578e-09 2.961459634777435158e-12
1.185686852830827555e-04 1.396067043591236854e-09 2.822142933383170971e-12
1.199416459509744813e-04 1.411952115527108935e-09 2.742228427187240042e-12
1.213305047541206945e-04 1.428090870359804258e-09 2.734151493627808572e-12
1.227354457842515364e-04 1.443210022400907144e-09 2.802670590260519554e-12
1.241566552647784948e-04 1.456405915271176729e-09 2.943547618716898187e-12
1.255943215754789502e-04 1.467750130468457592e-09 3.145117921221838664e-12
1.270486352774653110e-04 1.474654471274791336e-09 3.380444455188997108e-12
1.285197891384432108e-04 1.477149151132188936e-09 3.628553895534873149e-12
1.300079781582635788e-04 1.476177894480564484e-09 3.857506143654664389e-12
1.315133995947690435e-04 1.476025679772223935e-09 4.033707803480808458e-12
1.330362529899404168e-04 1.471040088711034961e-09 4.134553223024020039e-12
1.345767401963458062e-04 1.469257792370979667e-09 4.147232509031410888e-12
1.361350654038956073e-04 1.469875053423743743e-09 4.070203870244157359e-12
1.377114351669082826e-04 1.473367961288638684e-09 3.919183927227563575e-12
1.393060584314884456e-04 1.481153940205277249e-09 3.714530871785708644e-12
1.409191465632227234e-04 1.492479931681068507e-09 3.493927166921490213e-12
1.425509133751954596e-04 1.505709100854468150e-09 3.296503175686680425e-12
1.442015751563302745e-04 1.520555660021909193e-09 3.160303131446186162e-12
1.458713507000582675e-04 1.535568922745409816e-09 3.110601565371220835e-12
1.475604613333193413e-04 1.548174567601261143e-09 3.163407586190219649e-12
1.492691309458980017e-04 1.557899641734476372e-09 3.314766583088127664e-12
1.509975860201007907e-04 1.565042661312512568e-09 3.543477908288360403e-12
1.527460556607755941e-04 1.567691469501454238e-09 3.809851776289708853e-12
1.545147716256795760e-04 1.566425909215428615e-09 4.067510310721569439e-12
1.563039683561977700e-04 1.563254036233537471e-09 4.272427546514080762e-12
1.581138830084189426e-04 1.562450642410414721e-09 4.382150688813385760e-12
1.599447554845698401e-04 1.562527306998207043e-09 4.373893296558848218e-12
1.617968284648140247e-04 1.565003564190910171e-09 4.253810856122116500e-12
1.636703474394191234e-04 1.572616636081199193e-09 4.050261922129199457e-12
1.655655607412955237e-04 1.583001747208022606e-09 3.809515071103821485e-12
1.674827195789137821e-04 1.597126644860117028e-09 3.592939089081075481e-12
1.694220780696013395e-04 1.611296530551936738e-09 3.446446667765363878e-12
1.713838932732252138e-04 1.623798979951100724e-09 3.420227965509923945e-12
1.733684252262658175e-04 1.633187210899751238e-09 3.523245958380545683e-12
1.753759369762839622e-04 1.638453972818634033e-09 3.737445291875490292e-12
1.774066946167876340e-04 1.639756778672375178e-09 3.973837203039857609e-12
1.794609673225026631e-04 1.637665733433057411e-09 4.290659735986340729e-12
1.815390273850506729e-04 1.635607194898567097e-09 4.495524595609241745e-12
1.836411502490422785e-04 1.635738737462161233e-09 4.573952893653947052e-12
1.857676145485863753e-04 1.637390659267221077e-09 4.508773612630068545e-12
1.879187021442221307e-04 1.644405958718190692e-09 4.320897116990427347e-12
1.900946981602805912e-04 1.654750484951301694e-09 4.067513613249085521e-12
1.922958910226767713e-04 1.667817955729736902e-09 3.828293709472930691e-12
1.945225724971402217e-04 1.679858528379769585e-09 3.681278180587251222e-12
1.967750377278886019e-04 1.690844542541256714e-09 3.679776804532579048e-12
1.990535852767486491e-04 1.695685272029050453e-09 3.835254314192877535e-12
2.013585171627295032e-04 1.698129329040049993e-09 4.099127153691290347e-12
2.036901389020562758e-04 1.696609287678886056e-09 4.394966656571217992e-12
2.060487595486651640e-04 1.694606656742379541e-09 4.620964834617640786e-12
2.084346917351677527e-04 1.694336560807988309e-09 4.719977222396748574e-12
2.108482517142911186e-04 1.698309262497569199e-09 4.639169840148801775e-12
2.132897594007962582e-04 1.706898402516225806e-09 4.422024198260946239e-12
2.157595384138824807e-04 1.717659547290652521e-09 4.151035433729102744e-12
2.182579161200830003e-04 1.728267852000207720e-09 3.937374335819506545e-12
2.207852236766562250e-04 1.739494261839562529e-09 3.865856035095107657e-12
2.233417960754814700e-04 1.745433678430853778e-09 3.980768128541090266e-12
2.259279721874612925e-04 1.748509767821074127e-09 4.249315248835840624e-12
2.285440948074375753e-04 1.745175101028010403e-09 4.543570456236687417e-12
2.311905106996301417e-04 1.742878112564081994e-09 4.777646888916706100e-12
2.338675706435990400e-04 1.743194382566038467e-09 4.835393889873006977e-12
2.365756294807400931e-04 1.753892319252482696e-09 4.686580323800803585e-12
2.393150461613192145e-04 1.759666566017104471e-09 4.439310130600267671e-12
2.420861837920496669e-04 1.771546612599039476e-09 4.163875219207994407e-12
2.448894096842230486e-04 1.781399383649791143e-09 4.039493963330809678e-12
2.477250954023952571e-04 1.788083977062619440e-09 4.117730324869644989e-12
2.505936168136362096e-04 1.788770179797982014e-09 4.372599859497470580e-12
2.534953541373522129e-04 1.784599913422749744e-09 4.703462693686312317e-12
2.564306919956823639e-04 1.784776364810619224e-09 4.900321802435061895e-12
2.594000194644804458e-04 1.787354120487242660e-09 4.905859686163701515e-12
2.624037301248860888e-04 1.797964769805233101e-09 4.705126229346988415e-12
2.654422221154941939e-04 1.804638239087500156e-09 4.415586567714896966e-12
2.685158981851263043e-04 1.817617719570074068e-09 4.208462849258771503e-12
2.716251657462165044e-04 1.819562687832277521e-09 4.213806758327070855e-12
2.747704369288123854e-04 1.826388096672894858e-09 4.440337605465070698e-12
2.779521286352018127e-04 1.820153257513142711e-09 4.758558275750957701e-12
2.811706625951744943e-04 1.820220841455776631e-09 4.997991672839146099e-12
2.844264654219206255e-04 1.821906020900925854e-09 4.978970532252743479e-12
2.877199686685782661e-04 1.829787922570807431e-09 4.745404385271511678e-12
2.910516088854357393e-04 1.843722721647318854e-09 4.457863003814519833e-12
2.944218276777944713e-04 1.850979328765682399e-09 4.296642266120219615e-12
2.978310717645051204e-04 1.852541170172652380e-09 4.416488568663809312e-12
3.012797930371790027e-04 1.848473025511993222e-09 4.719929342117338420e-12
3.047684486200846234e-04 1.847923577091320280e-09 5.009033987984655938e-12
3.082975009307410805e-04 1.860518527883869715e-09 5.074586439151634974e-12
3.118674177412095313e-04 1.848772437128396108e-09 4.870339418521696428e-12
3.154786722400964379e-04 1.866817827781149241e-09 4.570806275966073708e-12
3.191317430952743915e-04 1.876583804950548289e-09 4.413754504260376803e-12
3.228271145173277810e-04 1.872741166632325968e-09 4.533754767078046515e-12
3.265652763237360972e-04 1.887093311124346907e-09 4.826737217922302298e-12
3.303467240037981823e-04 1.889976397900759754e-09 5.119098830416221935e-12
3.341719587843073962e-04 1.878279897908222999e-09 5.103341194680703826e-12
3.380414876959908759e-04 1.885275952037363922e-09 4.829633511344315491e-12
3.419558236407145655e-04 1.897270558632906212e-09 4.555359158466602720e-12
3.459154854594680595e-04 1.893571087808434394e-09 4.546734688339082475e-12
3.499209980011365223e-04 1.898790884896630060e-09 4.802849639973863427e-12
3.539728921920689544e-04 1.892997710621753939e-09 5.125594317576311533e-12
3.580717051064509363e-04 1.904468081261218688e-09 5.169377214861004839e-12
3.622179800374948611e-04 1.914311137126091130e-09 4.926303126736647428e-12
3.664122665694521551e-04 1.909571728854627518e-09 4.648486887223454232e-12
3.706551206504588155e-04 1.886952402278693084e-09 4.626875733444487881e-12
3.749471046662278739e-04 1.913970372378010623e-09 4.912119020978558173e-12
3.792887875145917642e-04 1.907869131194265171e-09 5.197403281468943281e-12
3.836807446809092350e-04 1.873359559124236109e-09 5.182191828368921244e-12
3.881235583143459109e-04 1.928434836173819602e-09 4.974472349067233549e-12
3.926178173050359310e-04 1.933665917363248086e-09 4.672026395970257347e-12
3.971641173621406028e-04 1.917616060138529247e-09 4.789657998340128074e-12
4.017630610928087857e-04 1.925365887079875456e-09 5.123810587590052515e-12
4.064152580820496862e-04 1.900407518997675237e-09 5.291864810990269752e-12
4.111213249735355723e-04 1.916744264653947766e-09 5.064341990488169913e-12
4.158818855513353842e-04 1.959274981640882165e-09 4.783043660321471099e-12
4.206975708225973477e-04 1.950693230351845542e-09 4.808459635064523886e-12
4.255690191011882867e-04 1.947726305718789589e-09 5.109532304013837028e-12
4.304968760923003155e-04 1.942122061276536125e-09 5.324889637675640711e-12
4.354817949780401981e-04 1.959776446775427186e-09 5.123503592957320234e-12
4.405244365040072280e-04 1.948645229764165365e-09 4.824139463654125944e-12
4.456254690668729119e-04 1.929702287213734059e-09 4.864397674329274081e-12
4.507855688029784470e-04 1.964085668824497698e-09 5.153054838627721931e-12
4.560054196779547643e-04 1.958131807494425812e-09 5.327890320653025745e-12
4.612857135773813463e-04 1.943382142689892073e-09 5.095601253546093531e-12
4.666271503984952018e-04 1.967170731686950990e-09 4.851330798691526838e-12
4.720304381429617636e-04 1.984708041479838338e-09 4.993394521803664433e-12
4.774962930107179535e-04 1.970376347771460915e-09 5.338299506327800921e-12
4.830254394949064418e-04 1.978423862160521426e-09 5.260115420708345645e-12
4.886186104779055486e-04 1.981791321413854042e-09 4.968117207454712874e-12
4.942765473284694211e-04 1.984137812718818700e-09 4.935720649213572035e-12
4.999999999999999020e-04 1.985465620815768932e-09 5.271165604862210383e-12
5.057897271299491120e-04 1.970583041858460111e-09 5.384647787863144423e-12
5.116464961403767615e-04 1.989146400442394381e-09 5.109749927734857085e-12
5.175710833396719507e-04 1.993130388809048931e-09 4.946182601328404121e-12
5.235642740254497010e-04 1.991718668151376539e-09 5.226856302756015238e-12
5.296268625886442309e-04 1.999532891643822398e-09 5.423748115432247742e-12
5.357596526188034176e-04 1.995677953767365197e-09 5.185516911021548887e-12
5.419634570106019031e-04 1.994515581145436298e-09 4.975874016620556777e-12
5.482390980715924666e-04 2.002567876285974879e-09 5.396930847289217044e-12
5.545874076312003274e-04 2.001385186000225771e-09 5.545632902702415749e-12
5.610092271509814097e-04 2.009506636630608345e-09 5.181055228109183917e-12
5.675054078361570394e-04 2.004623711298146063e-09 5.019065271038031086e-12
5.740768107484413340e-04 2.025459753730344759e-09 5.319268960416031557e-12
5.807243069201712630e-04 2.017725132043784456e-09 5.475095487735061249e-12
5.874487774697650716e-04 2.012877311385002672e-09 5.159912257142602059e-12
5.942511137185093944e-04 2.024951878436802993e-09 5.130734847830277246e-12
6.011322173087065013e-04 2.009942257363033330e-09 5.414375487872537448e-12
6.080930003231838424e-04 2.003340119634406382e-09 5.322766044079397906e-12
6.151343854061905054e-04 2.013031568839658117e-09 5.095459766955410908e-12
6.222573058856920762e-04 2.020034620489808803e-09 5.301678949328528346e-12
6.294627058970836365e-04 2.013225223015655142e-09 5.431607570478011123e-12
6.367515405083307633e-04 2.053784604634137658e-09 5.158686047984766536e-12
6.441247758465673719e-04 2.027006017567541474e-09 5.254465698184016920e-12
6.515833892261499666e-04 2.026924201241337498e-09 5.520349982356542072e-12
6.591283692782036463e-04 2.030185576660562425e-09 5.293967407086157851e-12
6.667607160816619227e-04 2.029377294207911618e-09 5.202544781074454237e-12
6.744814412958265908e-04 2.032026404162411878e-09 5.393576327343101393e-12
6.822915682944618535e-04 2.033481894680089301e-09 5.348070417752989565e-12
6.901921323014425418e-04 2.044360770929495076e-09 5.200456969466716764e-12
6.981841805279687899e-04 2.035036308347201255e-09 5.511706060557319779e-12
7.062687723113776324e-04 2.030739721950774318e-09 5.432926148427157418e-12
7.144469792555517389e-04 2.043961037278374906e-09 5.239883465493563874e-12
7.227198853729638849e-04 2.054277726688436271e-09 5.472195817838764688e-12
7.310885872283591101e-04 2.045684508124297591e-09 5.432844592541437556e-12
7.395541940841035122e-04 2.047693907146462048e-09 5.229235866738592685e-12
7.481178280472162642e-04 2.049613183219904778e-09 5.498387403843323539e-12
7.567806242181033963e-04 2.025299758535017839e-09 5.465263840855755295e-12
7.655437308410150245e-04 2.036751690922568500e-09 5.267958207798134428e-12
7.744083094562404478e-04 2.062862852172280231e-09 5.610667360260343923e-12
7.833755350540748310e-04 2.051308689173940401e-09 5.309022092131655995e-12
7.924465962305569326e-04 2.052673636604965169e-09 5.302067386876685028e-12
8.016226953450208102e-04 2.057884888440355503e-09 5.551793615970275287e-12
8.109050486794647586e-04 2.069923086815464383e-09 5.294630489293316165e-12
8.202948865997692447e-04 2.047546414949798286e-09 5.610241900950535153e-12
8.297934537187797799e-04 2.061137339152502506e-09 5.481078480452994958e-12
8.394020090612802068e-04 2.064411528786039969e-09 5.290734894846523032e-12
8.491218262308720130e-04 2.040612774447175038e-09 5.678973763330830360e-12
8.589541935787945847e-04 2.064295618251746667e-09 5.410883289996838562e-12
8.689004143746880239e-04 2.073862845994410341e-09 5.554206745056229619e-12
8.789618069793464538e-04 2.072794564550770412e-09 5.511114304131082140e-12
8.891397050194613759e-04 2.067141461137172594e-09 5.371533158416477545e-12
8.994354575643935708e-04 2.056731254022056722e-09 5.597917205983024876e-12
9.098504293049911040e-04 2.070765168680269383e-09 5.426642872721384016e-12
9.203860007344779421e-04 2.069647495833776438e-09 5.599193600800810346e-12
9.310435683314336689e-04 2.084672966156931483e-09 5.429669000766005249e-12
9.418245447449009487e-04 2.064189111935642388e-09 5.539799653165906246e-12
9.527303589816240974e-04 2.067797954402961221e-09 5.540734644707701892e-12
9.637624565954680924e-04 2.057157807005560194e-09 5.443827653356160627e-12
9.749222998790225752e-04 2.072584515855249585e-09 5.658484974057340432e-12
9.862113680574266256e-04 2.088804674531252365e-09 5.379722511722500568e-12
9.976311574844392432e-04 2.075029467309958537e-09 5.654834561386071913e-12
1.009183181840779715e-03 2.075541333606845767e-09 5.405717914193229948e-12
1.020868972334764650e-03 2.078630118095271060e-09 5.654479915061977382e-12
1.032690077905264441e-03 2.088047141117189018e-09 5.407304033334457880e-12
1.044648065427020373e-03 2.065227400180797601e-09 5.682493144675316980e-12
1.056744519918323758e-03 2.078237382465525929e-09 5.440247494968010058e-12
1.068981044751116105e-03 2.073581119199390718e-09 5.667481876742607292e-12
1.081359261863509879e-03 2.082905552842809273e-09 5.487236533390120787e-12
1.093880811974775810e-03 2.098697921886106254e-09 5.692598939691913099e-12
1.106547354802818028e-03 2.085247233926723434e-09 5.456023905056380035e-12
1.119360569284169951e-03 2.097041647693141479e-09 5.675576516537209613e-12
1.132322153796529608e-03 2.092952381721852286e-09 5.454343369454627511e-12
1.145433826383887273e-03 2.077370760685199928e-09 5.649976987727062291e-12
1.158697324984239805e-03 2.080126600885779414e-09 5.511378924817487196e-12
1.172114407659961268e-03 2.087845679820982161e-09 5.653980476229043350e-12
1.185686852830827474e-03 2.090316932890180691e-09 5.557169098186862631e-12
1.199416459509744732e-03 2.088376874110150546e-09 5.621777393508650884e-12
1.213305047541207108e-03 2.087016663072225005e-09 5.673386382938127454e-12
1.227354457842515364e-03 2.088554816543765765e-09 5.522566040177773574e-12
1.241566552647785111e-03 2.084378160125984845e-09 5.720473397602023703e-12
1.255943215754791020e-03 2.100190549815493779e-09 5.516736155302189333e-12
1.270486352774653164e-03 2.088241507637732771e-09 5.684145071719443850e-12
1.285197891384432054e-03 2.100594218259840151e-09 5.608358108309493188e-12
1.300079781582635843e-03 2.089399643272941399e-09 5.537293130714464083e-12
1.315133995947690652e-03 2.094799253707077757e-09 5.708025973621953412e-12
1.330362529899404168e-03 2.094466872352293648e-09 5.545105588590259050e-12
1.345767401963456761e-03 2.094563082169358417e-09 5.657060524047331918e-12
1.361350654038956127e-03 2.092093545332173744e-09 5.671415992353309565e-12
1.377114351669082772e-03 2.089035138898630435e-09 5.519814615458696532e-12
1.393060584314885974e-03 2.100936525363881832e-09 5.707633115442828077e-12
1.409191465632227396e-03 2.078559722494200906e-09 5.641849839426794194e-12
1.425509133751954758e-03 2.103272444501655890e-09 5.569843677058447966e-12
1.442015751563302745e-03 2.100977606933104443e-09 5.721248002674705210e-12
1.458713507000582730e-03 2.092115507071948202e-09 5.664216548561403566e-12
1.475604613333191895e-03 2.100922459673421668e-09 5.571194154678444875e-12
1.492691309458979909e-03 2.106661178716783266e-09 5.717375744056299756e-12
1.509975860201007852e-03 2.105225212422976769e-09 5.722003025002165879e-12
1.527460556607757730e-03 2.093549352553546538e-09 5.583934534827260909e-12
1.545147716256796032e-03 2.111291246257262129e-09 5.650289512310839657e-12
1.563039683561977646e-03 2.105583828174375561e-09 5.747124969199795707e-12
1.581138830084189697e-03 2.096799759528601560e-09 5.670913139746126467e-12
1.599447554845698618e-03 2.102022581332310925e-09 5.598220522265560463e-12
1.617968284648140355e-03 2.111513986552084219e-09 5.677683047833354109e-12
1.636703474394191234e-03 2.101557833991085224e-09 5.783482128204598188e-12
1.655655607412955237e-03 2.107996980729971121e-09 5.714267907422098215e-12
1.674827195789139501e-03 2.098859889723702293e-09 5.626300147048140607e-12
1.694220780696013232e-03 2.103180322806387605e-09 5.633969856283662971e-12
1.713838932732252192e-03 2.101205385641750752e-09 5.730142390274346227e-12
1.733684252262658121e-03 2.102366930486032533e-09 5.777454445080041928e-12
1.753759369762839622e-03 2.096376323831006252e-09 5.708582236708184565e-12
1.774066946167876394e-03 2.102583899744514509e-09 5.622996220149400784e-12
1.794609673225024734e-03 2.109451218263203657e-09 5.646238489186508902e-12
1.815390273850506784e-03 2.108474560165071651e-09 5.671138865093946470e-12
1.836411502490423002e-03 2.111777973374076931e-09 5.750989282042966620e-12
1.857676145485863753e-03 2.108442221845718887e-09 5.786235826232168931e-12
1.879187021442221307e-03 2.099335800529331709e-09 5.771888395874238221e-12
1.900946981602806129e-03 2.111526054280660114e-09 5.725481329772681796e-12
1.922958910226767659e-03 2.107497696151108863e-09 5.670096954549045951e-12
1.945225724971402217e-03 2.102331525211789450e-09 5.663275329151139064e-12
1.967750377278885965e-03 2.100632541988037361e-09 5.656384827662129880e-12
1.990535852767486274e-03 2.104736640166020770e-09 5.691191442143204015e-12
2.013585171627295303e-03 2.104141204448907074e-09 5.696692298248679059e-12
2.036901389020564709e-03 2.105672215621051620e-09 5.713845018108769110e-12
2.060487595486651911e-03 2.110182517129454459e-09 5.723074902958153138e-12
2.084346917351677202e-03 2.106129372019194539e-09 5.748559403452604167e-12
2.108482517142911024e-03 2.109485743772447727e-09 5.739482344707260051e-12
2.132897594007962527e-03 2.104509408435460935e-09 5.763291640241668641e-12
2.157595384138824915e-03 2.106390499766156823e-09 5.758082840017432166e-12
2.182579161200830058e-03 2.108323888684416979e-09 5.758527415767163714e-12
2.207852236766562250e-03 2.112957146729203401e-09 5.738259409688397640e-12
2.233417960754816977e-03 2.108287703444318091e-09 5.727750517327178060e-12
2.259279721874612925e-03 2.105860501893558448e-09 5.716344664306844500e-12
2.285440948074375644e-03 2.107206572184700659e-09 5.705612995586309326e-12
2.311905106996301525e-03 2.105658725882463939e-09 5.696499384929097070e-12
2.338675706435990129e-03 2.105043004173877401e-09 5.705448549092426216e-12
2.365756294807401256e-03 2.106547081198416944e-09 5.725518373031050329e-12
2.393150461613189652e-03 2.107240639373271938e-09 5.778178605233944454e-12
2.420861837920496723e-03 2.102772029669157031e-09 5.816557419793882476e-12
2.448894096842230486e-03 2.103405166535332155e-09 5.817837593195598958e-12
2.477250954023952571e-03 2.108682220606133309e-09 5.792401753277446740e-12
2.505936168136362312e-03 2.099334011804270241e-09 5.723961596659356670e-12
2.534953541373521912e-03 2.107179153146496920e-09 5.715956442714600476e-12
2.564306919956823531e-03 2.097598496854183132e-09 5.763810002270581150e-12
2.594000194644804566e-03 2.107456013265184512e-09 5.824232484936164127e-12
2.624037301248860997e-03 2.106321059418000258e-09 5.797666652060125585e-12
2.654422221154942047e-03 2.105686301381870203e-09 5.732080746713996719e-12
2.685158981851263043e-03 2.107254149314816744e-09 5.752534493496986832e-12
2.716251657462167863e-03 2.100855077483595524e-09 5.828109857922471968e-12
2.747704369288123637e-03 2.108828760268908459e-09 5.794967891991725514e-12
2.779521286352018127e-03 2.099740731629655589e-09 5.735196824820180126e-12
2.811706625951745052e-03 2.102489159257545664e-09 5.803276529595322628e-12
2.844264654219206146e-03 2.104673457693893284e-09 5.815899949442371072e-12
2.877199686685782878e-03 2.104913789834201626e-09 5.738078077432351068e-12
2.910516088854357610e-03 2.107012216975990336e-09 5.815553144135047114e-12
2.944218276777944496e-03 2.102227245176351307e-09 5.808231205810598539e-12
2.978310717645054131e-03 2.108523205910661936e-09 5.748245309871947015e-12
3.012797930371790243e-03 2.105153409928591571e-09 5.842999153837376041e-12
3.047684486200845800e-03 2.106700318639869351e-09 5.758994871345511477e-12
3.082975009307410696e-03 2.105190489481024565e-09 5.818439227382421075e-12
3.118674177412095096e-03 2.102377602146673475e-09 5.788924642576603094e-12
3.154786722400964704e-03 2.103481716660467211e-09 5.803104121733898899e-12
3.191317430952740879e-03 2.106139881876748124e-09 5.804123029780735426e-12
3.228271145173277051e-03 2.103052606930841397e-09 5.801465632403935958e-12
3.265652763237360864e-03 2.099871785628343866e-09 5.800540883737518444e-12
3.303467240037982148e-03 2.100895116752403539e-09 5.813785013616285041e-12
3.341719587843074504e-03 2.103005593518847584e-09 5.781616364785225056e-12
3.380414876959908759e-03 2.104437511288430683e-09 5.843556543383960479e-12
3.419558236407146089e-03 2.100894043714995492e-09 5.767130983833595493e-12
3.459154854594680487e-03 2.105852574179915062e-09 5.843233044117152549e-12
3.499209980011365115e-03 2.100690646774555107e-09 5.817053692751133012e-12
3.539728921920689327e-03 2.101825874998321131e-09 5.780948777152793302e-12
3.580717051064509580e-03 2.101883082353634748e-09 5.851153162398433663e-12
3.622179800374953056e-03 2.097469891850688327e-09 5.813687899315461231e-12
3.664122665694521767e-03 2.105368149664849545e-09 5.783603901454174978e-12
3.706551206504588372e-03 2.102185329956320559e-09 5.827264733817857060e-12
3.749471046662278956e-03 2.103702780886697148e-09 5.854575639569764004e-12
3.792887875145917100e-03 2.092060694858385651e-09 5.808957627753157336e-12
3.836807446809092133e-03 2.096313168220773824e-09 5.787274142681203895e-12
3.881235583143458675e-03 2.103972189507349590e-09 5.812985620636695931e-12
3.926178173050358551e-03 2.096333974456319374e-09 5.853453903933337207e-12
3.971641173621410364e-03 2.098853322075197994e-09 5.859439731317990337e-12
4.017630610928087966e-03 2.097641614517213207e-09 5.844421386940667825e-12
4.064152580820497296e-03 2.100947982489879369e-09 5.826728924522930385e-12
4.111213249735355506e-03 2.095010703651809260e-09 5.806626718061805311e-12
4.158818855513353625e-03 2.098630942431464189e-09 5.804666041983782875e-12
4.206975708225973477e-03 2.096047133871066559e-09 5.801845965247327786e-12
4.255690191011879397e-03 2.094725082887430954e-09 5.801024109084054066e-12
4.304968760923003589e-03 2.096462391464931605e-09 5.805124624120914259e-12
4.354817949780402306e-03 2.093300817413297586e-09 5.805925757535691364e-12
4.405244365040072822e-03 2.097048437541832622e-09 5.813453745645709721e-12
4.456254690668728577e-03 2.093239061446944912e-09 5.824712364748477922e-12
4.507855688029784903e-03 2.091588303434848973e-09 5.843675214551732712e-12
4.560054196779547535e-03 2.095713135337963251e-09 5.864927811951244505e-12
4.612857135773813788e-03 2.090800918110691585e-09 5.866833139222070630e-12
4.666271503984952343e-03 2.096326070371844989e-09 5.842572007045484369e-12
4.720304381429616877e-03 2.097704018631204294e-09 5.815962470348443937e-12
4.774962930107178559e-03 2.091002817292835206e-09 5.826879153734007811e-12
4.830254394949069947e-03 2.092977695484651028e-09 5.865275564536467866e-12
4.886186104779055052e-03 2.090111748295244111e-09 5.858838184962364036e-12
4.942765473284694427e-03 2.092777406059722387e-09 5.818367983973115151e-12
4.999999999999999237e-03 2.090347764966554808e-09 5.854530269316507294e-12
5.057897271299491120e-03 2.090726003514256818e-09 5.863991757640010721e-12
5.116464961403772820e-03 2.090107198276221643e-09 5.823073515702531275e-12
5.175710833396719723e-03 2.087420873699144423e-09 5.876086489504459612e-12
5.235642740254497010e-03 2.089964810064758534e-09 5.830842703275063475e-12
5.296268625886442309e-03 2.088008057347759260e-09 5.864273200054160379e-12
5.357596526188034176e-03 2.086370338010891155e-09 5.839858666808658354e-12
5.419634570106018380e-03 2.088129827712838754e-09 5.867038180547639619e-12
5.482390980715924449e-03 2.083520948591218101e-09 5.829887725140456531e-12
5.545874076312003707e-03 2.087802491363751061e-09 5.880376957806410693e-12
5.610092271509814314e-03 2.087412767972838467e-09 5.835641610919005903e-12
5.675054078361576465e-03 2.083481282818561110e-09 5.856792761736484938e-12
5.740768107484413990e-03 2.084511611193216106e-09 5.876742261232064955e-12
5.807243069201712196e-03 2.086400235228149714e-09 5.838408481813074617e-12
5.874487774697644861e-03 2.083474579720459042e-09 5.851600384124788514e-12
5.942511137185094161e-03 2.085266603551389044e-09 5.876317647169190441e-12
6.011322173087065013e-03 2.084117443903445672e-09 5.881563116734517302e-12
6.080930003231838424e-03 2.084003017796533176e-09 5.863132063487951180e-12
6.151343854061904620e-03 2.082101737182182332e-09 5.848120065584986615e-12
6.222573058856927485e-03 2.082476186947493657e-09 5.840502972355661611e-12
6.294627058970835715e-03 2.083497909305786693e-09 5.843090614600614105e-12
6.367515405083306983e-03 2.081780157756984078e-09 5.847042834342390398e-12
6.441247758465666780e-03 2.077442973517142196e-09 5.849056129516428666e-12
6.515833892261499449e-03 2.080042452040767213e-09 5.844786658627846657e-12
6.591283692782035596e-03 2.079427348595624861e-09 5.845342473766178556e-12
6.667607160816618576e-03 2.079741680285865900e-09 5.850078902911224826e-12
6.744814412958264824e-03 2.080945129949597356e-09 5.871860709590451963e-12
6.822915682944624173e-03 2.077951417206346335e-09 5.886531983034458492e-12
6.901921323014425201e-03 2.078067905726281240e-09 5.881231394027575812e-12
6.981841805279686598e-03 2.075741070121186633e-09 5.854237431463769072e-12
7.062687723113769168e-03 2.077318699969608575e-09 5.862219390278036091e-12
7.144469792555517389e-03 2.076448350556798112e-09 5.891644966761080534e-12
7.227198853729638849e-03 2.075269821541274918e-09 5.853963388597368341e-12
7.310885872283589583e-03 2.075097541184990202e-09 5.876135069263042843e-12
7.395541940841033821e-03 2.073219226751465367e-09 5.876654744107370013e-12
7.481178280472170448e-03 2.075376952751667368e-09 5.869234430980340288e-12
7.567806242181042420e-03 2.073426327799918704e-09 5.877692565067753237e-12
7.655437308410150896e-03 2.072566337954589803e-09 5.881282477700428421e-12
7.744083094562405345e-03 2.071434890847257753e-09 5.861306645646713506e-12
7.833755350540741805e-03 2.072266744411970327e-09 5.895030935069710958e-12
7.924465962305568892e-03 2.071377583743108398e-09 5.874984875096154961e-12
8.016226953450207235e-03 2.070751836865756035e-09 5.861556282838145973e-12
8.109050486794647586e-03 2.070121787192575258e-09 5.878478906316940019e-12
8.202948865997691796e-03 2.069726841999325766e-09 5.892148214623850714e-12
8.297934537187806256e-03 2.068141523441688015e-09 5.891367408680650929e-12
8.394020090612802285e-03 2.068582247604447515e-09 5.889030628491012738e-12
8.491218262308719913e-03 2.069696468845101792e-09 5.885960220666680492e-12
8.589541935787937607e-03 2.067658139726214652e-09 5.881720462106829875e-12
8.689004143746880890e-03 2.066754363834052973e-09 5.887241437392234973e-12
8.789618069793463453e-03 2.066447073254593829e-09 5.894533701983405476e-12
8.891397050194612892e-03 2.064630854477902537e-09 5.895090454343470399e-12
8.994354575643936575e-03 2.065135777755236115e-09 5.885480975852078261e-12
9.098504293049921449e-03 2.065572313456442106e-09 5.869320937225820335e-12
9.203860007344780506e-03 2.065821664903276199e-09 5.883998811900530831e-12
9.310435683314336255e-03 2.064251775865136961e-09 5.899120238566863613e-12
9.418245447449000163e-03 2.063394518864344008e-09 5.870992926428143766e-12
9.527303589816240106e-03 2.061970852118201023e-09 5.895874835205691751e-12
9.637624565954681574e-03 2.061820691678293414e-09 5.873686269455290474e-12
9.749222998790225969e-03 2.061368657529189707e-09 5.900183200623644338e-12
9.862113680574265823e-03 2.061092813625868739e-09 5.871882557207722354e-12
9.976311574844402841e-03 2.061359057017422823e-09 5.892683907007299121e-12
1.009183181840780756e-02 2.058958041832974384e-09 5.894944946194024823e-12
1.020868972334764736e-02 2.059238522932983141e-09 5.877750220934231392e-12
1.032690077905264354e-02 2.058738874417515873e-09 5.875866154963665976e-12
1.044648065427019289e-02 2.057898505701880902e-09 5.886962416435445826e-12
1.056744519918323758e-02 2.057148807179415800e-09 5.895918965281150443e-12
1.068981044751116105e-02 2.058792542947976396e-09 5.889852665125705840e-12
1.081359261863509835e-02 2.052497641663997391e-09 5.895234751891314573e-12
1.093880811974775810e-02 2.055017496070574693e-09 5.885854402462530944e-12
1.106547354802819155e-02 2.055184458649696249e-09 5.881083421475877958e-12
1.119360569284169951e-02 2.053606580461502231e-09 5.888764234447161171e-12
1.132322153796529694e-02 2.053724584367036712e-09 5.902451367661094615e-12
1.145433826383886015e-02 2.054421373729913851e-09 5.890361123517013996e-12
1.158697324984239718e-02 2.053081944556021960e-09 5.938116286631081929e-12
1.172114407659961138e-02 2.051835196644420187e-09 5.900951057146895436e-12
1.185686852830827517e-02 2.052027990674179016e-09 5.886506017527908147e-12
1.199416459509744862e-02 2.050810375732709958e-09 5.896215193358224103e-12
1.213305047541208236e-02 2.050184511599060972e-09 5.904592177919741605e-12
1.227354457842515581e-02 2.049762659967529462e-09 5.883614647833713402e-12
1.241566552647785024e-02 2.049394246480275979e-09 5.850613650327019004e-12
1.255943215754789719e-02 2.048339380460623496e-09 5.899899790219882351e-12
1.270486352774653077e-02 2.048021923304368169e-09 5.903987435185537644e-12
1.285197891384432141e-02 2.048432759968646152e-09 5.904212564592074879e-12
1.300079781582635929e-02 2.046719873832965721e-09 5.905028345810299288e-12
1.315133995947690565e-02 2.045461610013545933e-09 5.895279569023392332e-12
1.330362529899405295e-02 2.045625204322307198e-09 5.890593064686708087e-12
1.345767401963457975e-02 2.045607056044076616e-09 5.920750560951513563e-12
1.361350654038956214e-02 2.044323190517335063e-09 5.906815924527285806e-12
1.377114351669082859e-02 2.043794478998388226e-09 5.888591116034284960e-12
1.393060584314884283e-02 2.043240823637919242e-09 5.908749753829957810e-12
1.409191465632227136e-02 2.045993533504439269e-09 5.888307806410411368e-12
1.425509133751954628e-02 2.041899538681294366e-09 5.902976590459646582e-12
1.442015751563302701e-02 2.041062612896109692e-09 5.904784779658324709e-12
1.458713507000582686e-02 2.041335349379820995e-09 5.895369496458478174e-12
1.475604613333193239e-02 2.039602025860376293e-09 5.891347324751118807e-12
1.492691309458979952e-02 2.039400336592061447e-09 5.890814730158587005e-12
1.509975860201007852e-02 2.038154900285302398e-09 5.892288919662815727e-12
1.527460556607755995e-02 2.038391231164947334e-09 5.892583052447187249e-12
1.545147716256795728e-02 2.036719795009191621e-09 5.902310950708942114e-12
1.563039683561977602e-02 2.037594367021494274e-09 5.911512259757364554e-12
1.581138830084189567e-02 2.036436088016091472e-09 5.893439444825243778e-12
1.599447554845698227e-02 2.032642939561609154e-09 5.906742866333312850e-12
1.617968284648142047e-02 2.034358633420423567e-09 5.894518930891672668e-12
1.636703474394191060e-02 2.034424120676975203e-09 5.911424564599537953e-12
1.655655607412955324e-02 2.032679221512386731e-09 5.900898445101759876e-12
1.674827195789137593e-02 2.033337990500468126e-09 5.895446132797777584e-12
1.694220780696013492e-02 2.032058064934695822e-09 5.896303055975278471e-12
1.713838932732252018e-02 2.032052874034282677e-09 5.896722298059726760e-12
1.733684252262658251e-02 2.031292833136786255e-09 5.896283457388948711e-12
1.753759369762839665e-02 2.030718485365790813e-09 5.900757672086178605e-12
1.774066946167878259e-02 2.029669470064903071e-09 5.912279706374043527e-12
1.794609673225026555e-02 2.028790494185438662e-09 5.907100591976796066e-12
1.815390273850506567e-02 2.028929391214875942e-09 5.906247234821418956e-12
1.836411502490422828e-02 2.029600691038613844e-09 5.896867601138447630e-12
1.857676145485861671e-02 2.027732432687756161e-09 5.913789189205975925e-12
1.879187021442221481e-02 2.026213482285384195e-09 5.904663890884189582e-12
1.900946981602805869e-02 2.025575534771804043e-09 5.899087936206632107e-12
1.922958910226767529e-02 2.024775469406341982e-09 5.900221255141784970e-12
1.945225724971402087e-02 2.024065005166817102e-09 5.900460631584842796e-12
1.967750377278888047e-02 2.023394556569103413e-09 5.904635049332595039e-12
1.990535852767486361e-02 2.023884449738277590e-09 5.913327444184165360e-12
2.013585171627295042e-02 2.020065529317964952e-09 5.906255279351623948e-12
2.036901389020562628e-02 2.020134568013257361e-09 5.911640989677682821e-12
2.060487595486651738e-02 2.020950869005653717e-09 5.901523994765994850e-12
2.084346917351677375e-02 2.021337856223675194e-09 5.915333212898874161e-12
2.108482517142910850e-02 2.018127438050780846e-09 5.912800141011045746e-12
2.132897594007962527e-02 2.018470552067463629e-09 5.915265761248491964e-12
2.157595384138826997e-02 2.016988044674112716e-09 5.915825108674464001e-12
2.182579161200830231e-02 2.017790382259039306e-09 5.914213401649499563e-12
2.207852236766562337e-02 2.016201972357106177e-09 5.902203998032627977e-12
2.233417960754814982e-02 2.015436082668130760e-09 5.907478574330670098e-12
2.259279721874612665e-02 2.016204979127652412e-09 5.911429352075920429e-12
2.285440948074375644e-02 2.019693573822138218e-09 5.911170958170039774e-12
2.311905106996301265e-02 2.015295703102597865e-09 5.905540301765560137e-12
2.338675706435990390e-02 2.013481161469310331e-09 5.898144540918945824e-12
2.365756294807403598e-02 2.013036361131245823e-09 5.911207750122289168e-12
2.393150461613192254e-02 2.012933690260123584e-09 5.903921703840568809e-12
2.420861837920496723e-02 2.011364614365923826e-09 5.916364212722495483e-12
2.448894096842230833e-02 2.011273811752277116e-09 5.905685197722310632e-12
2.477250954023949708e-02 2.009805407701921586e-09 5.915921170511319725e-12
2.505936168136362399e-02 2.009593852057750195e-09 5.906627798182354400e-12
2.534953541373521912e-02 2.008959970641722717e-09 5.908410659867205524e-12
2.564306919956823791e-02 2.011847622845972782e-09 5.910803570797679202e-12
2.594000194644804219e-02 2.008270697719953517e-09 5.914862122507288111e-12
2.624037301248863946e-02 2.008811417885429326e-09 5.906956432733690868e-12
2.654422221154941960e-02 2.006618860002178931e-09 5.917930397854503352e-12
2.685158981851263130e-02 2.005238949093829503e-09 5.904720725625720048e-12
2.716251657462165001e-02 2.004078057854000269e-09 5.915141211544485294e-12
2.747704369288124157e-02 2.004839016938857313e-09 5.915147858032251979e-12
2.779521286352018214e-02 2.003058574325662377e-09 5.912943464313316849e-12
2.811706625951744531e-02 2.002151747075231110e-09 5.915380509941459357e-12
2.844264654219205712e-02 2.002980707859764571e-09 5.917499082464764261e-12
2.877199686685785740e-02 2.002104201684349457e-09 5.906717797680366691e-12
2.910516088854357350e-02 2.001031147402857211e-09 5.929029988638684617e-12
2.944218276777944496e-02 1.999513377306040680e-09 5.935378845286811952e-12
2.978310717645051356e-02 2.000302199027262987e-09 5.908447196280125095e-12
3.012797930371789723e-02 1.999020484054983765e-09 5.916628543338844152e-12
3.047684486200846060e-02 1.997389282309593285e-09 5.916510252987696343e-12
3.082975009307410696e-02 1.996399015609239727e-09 5.913683676710043245e-12
3.118674177412094836e-02 1.997648455911722883e-09 5.907573565743383337e-12
3.154786722400967913e-02 1.996387032956095121e-09 5.909971878460848135e-12
3.191317430952744089e-02 1.995174490325006078e-09 5.908657862923918720e-12
3.228271145173277484e-02 1.995035803074832659e-09 5.919279258662920150e-12
3.265652763237360950e-02 1.994523519628656103e-09 5.909860522992010100e-12
3.303467240037978592e-02 1.993812844548668670e-09 5.919357922845900462e-12
3.341719587843074157e-02 1.993466635578475264e-09 5.910107318037463484e-12
3.380414876959909193e-02 1.991519225375448104e-09 5.915967717301082873e-12
3.419558236407145568e-02 1.991346421604013978e-09 5.917786247803150290e-12
3.459154854594680834e-02 1.990919534383790648e-09 5.914285831468483171e-12
3.499209980011368931e-02 1.989766188272296838e-09 5.910790056623110086e-12
3.539728921920690108e-02 1.989332333967640085e-09 5.919376729274246894e-12
3.580717051064509493e-02 1.986056857817951866e-09 5.911902955197995264e-12
3.622179800374948633e-02 1.987964203385271733e-09 5.911323497239105678e-12
3.664122665694521941e-02 1.987141255891658651e-09 5.906460992028600618e-12
3.706551206504588025e-02 1.986695189950884964e-09 5.907522722217930090e-12
3.749471046662278956e-02 1.983649254361643587e-09 5.916893766140204978e-12
3.792887875145917187e-02 1.985199771657534434e-09 5.919584580143919495e-12
3.836807446809096384e-02 1.985417489088989742e-09 5.910620306292960569e-12
3.881235583143459456e-02 1.983819157746771035e-09 5.918625268258153571e-12
3.926178173050358378e-02 1.983172163687419377e-09 5.916760504466382528e-12
3.971641173621406201e-02 1.981859882900064521e-09 5.914612753453608254e-12
4.017630610928087792e-02 1.981825827594699611e-09 5.908678355211384149e-12
4.064152580820497296e-02 1.979063157154068148e-09 5.916275415731016432e-12
4.111213249735355679e-02 1.981075300914668713e-09 5.907636981287971682e-12
4.158818855513353452e-02 1.979711925998798023e-09 5.915618071971459426e-12
4.206975708225977467e-02 1.979876618548670080e-09 5.912265220400508531e-12
4.255690191011883561e-02 1.971252140625776827e-09 5.915637027736607426e-12
4.304968760923003068e-02 1.985034900685644664e-09 5.919410418867194445e-12
4.354817949780401959e-02 1.976427732365216243e-09 5.911945912672953177e-12
4.405244365040068139e-02 1.986026530186214141e-09 5.920230541605916973e-12
4.456254690668728924e-02 1.974943905895531508e-09 5.910944614470526065e-12
4.507855688029784730e-02 1.974990460201200106e-09 5.912971102875234397e-12
4.560054196779547708e-02 1.975152712493272938e-09 5.919551818789962148e-12
4.612857135773813788e-02 1.972302300340654289e-09 5.913696911819563944e-12
4.666271503984956853e-02 1.972900135503619778e-09 5.919725117025547809e-12
4.720304381429617224e-02 1.972713197183979091e-09 5.922123202040789516e-12
4.774962930107178732e-02 1.971880253616611167e-09 5.921002492233820285e-12
4.830254394949064917e-02 1.969410553973180398e-09 5.761498132601694676e-12
4.886186104779054878e-02 1.968996603484496548e-09 5.914695470773599060e-12
4.942765473284694427e-02 1.968941160846893799e-09 5.913122105647233685e-12
4.999999999999999584e-02 1.956243633318400564e-09 5.920495888057349001e-12
5.057897271299491293e-02 1.968183164118743341e-09 5.899994779203321226e-12
5.116464961403772993e-02 1.965722752760857734e-09 5.916653502528001517e-12
5.175710833396719723e-02 1.967834787272097155e-09 5.915906742673722429e-12
5.235642740254497357e-02 1.967027380353350766e-09 5.908874041329437040e-12
5.296268625886442483e-02 1.961458884814002921e-09 5.916163986738162603e-12
5.357596526188034003e-02 1.963425013066600495e-09 5.918724586925388840e-12
5.419634570106018207e-02 1.963689144295733551e-09 5.915541837228898325e-12
5.482390980715925316e-02 1.962902573985831806e-09 5.921099163138889389e-12
5.545874076312003881e-02 1.959780638669950636e-09 5.923751088868920804e-12
5.610092271509819345e-02 1.961480304213003974e-09 5.920183062517954902e-12
5.675054078361576465e-02 1.957245208041654037e-09 5.916101778048738957e-12
5.740768107484413990e-02 1.959989328327808571e-09 5.921097314878693103e-12
5.807243069201711849e-02 1.959149439247003622e-09 5.919201044125510976e-12
5.874487774697650933e-02 1.958585806166172651e-09 5.916193570867964351e-12
5.942511137185094161e-02 1.954822309190397213e-09 5.916662794739258890e-12
6.011322173087065013e-02 1.957412929227873002e-09 5.923477097447344522e-12
6.080930003231839465e-02 1.956665816498272756e-09 5.916019156534112899e-12
6.151343854061905314e-02 1.955717008992004801e-09 5.920127922851139211e-12
6.222573058856927658e-02 1.955111979522501320e-09 5.920754646505640175e-12
6.294627058970836408e-02 1.954929060102098841e-09 5.908210089938594659e-12
6.367515405083307156e-02 1.951174415707992898e-09 5.920626344396612594e-12
6.441247758465666606e-02 1.953217517082228458e-09 5.922096767002638644e-12
6.515833892261499449e-02 1.952169947731926880e-09 5.919267642169953898e-12
6.591283692782036463e-02 1.951830968349800992e-09 5.916737189341470128e-12
6.667607160816618750e-02 1.951041252199056248e-09 5.920964235765230467e-12
6.744814412958265171e-02 1.949852218784766843e-09 5.917311223947204519e-12
6.822915682944624693e-02 1.949582409345017697e-09 5.878338500483891484e-12
6.901921323014424681e-02 1.949252479987642283e-09 5.950872749750770682e-12
6.981841805279687119e-02 1.956343837716842990e-09 5.926412396006638736e-12
7.062687723113769689e-02 1.947350506977711893e-09 5.898192521068365087e-12
7.144469792555517562e-02 1.946536051271335411e-09 5.919660424336443714e-12
7.227198853729638328e-02 1.947077515264472033e-09 5.930004393282161800e-12
7.310885872283590103e-02 1.945696463889504529e-09 5.916351354030303744e-12
7.395541940841035555e-02 1.944430546655989451e-09 5.921386491595624928e-12
7.481178280472171316e-02 1.943450088139510466e-09 5.953172979501246149e-12
7.567806242181042420e-02 1.932944131119839326e-09 5.917901297040011726e-12
7.655437308410151243e-02 1.929909769411705030e-09 5.918786197101873662e-12
7.744083094562405345e-02 1.940300316646168691e-09 5.920851913452530840e-12
7.833755350540749784e-02 1.941653512076951600e-09 5.902827578284536318e-12
7.924465962305569933e-02 1.938496124690667002e-09 5.919072573508920525e-12
8.016226953450207582e-02 1.939399563742256337e-09 5.916229766874263546e-12
8.109050486794648627e-02 1.936876956886842628e-09 5.928998141709465203e-12
8.202948865997693184e-02 1.937106784710429495e-09 5.946611289164597766e-12
8.297934537187805215e-02 1.937928589653522860e-09 5.921751905598308880e-12
8.394020090612802631e-02 1.937130970863499930e-09 5.920784457253960669e-12
8.491218262308720954e-02 1.971674422330216092e-09 5.914366855205720801e-12
8.589541935787936566e-02 1.938470122583388806e-09 5.921019902810642279e-12
8.689004143746879849e-02 1.933880951808433787e-09 5.920977805996219762e-12
8.789618069793464494e-02 1.935521409124027546e-09 5.921324436528504435e-12
8.891397050194613239e-02 1.934092805130899546e-09 5.919799279023051337e-12
8.994354575643935534e-02 1.934424583779112930e-09 5.922111123151514206e-12
9.098504293049920755e-02 1.935461804004358607e-09 5.917263258849258195e-12
9.203860007344780159e-02 1.931132139787850661e-09 5.920115809447071065e-12
9.310435683314335908e-02 1.931886461835967471e-09 5.985461224596247533e-12
9.418245447449000163e-02 1.931501656754660007e-09 5.920777640858446981e-12
9.527303589816239759e-02 1.928808021505679595e-09 5.922546689150478311e-12
9.637624565954681921e-02 1.927267051920849862e-09 5.916705933862483976e-12
9.749222998790225969e-02 1.927143843929460878e-09 5.922718721102179250e-12
9.862113680574266517e-02 1.927713042138229264e-09 5.894234746140864314e-12
9.976311574844401453e-02 1.925976379259715130e-09 5.855855640719811396e-12
1.009183181840780652e-01 1.925510286951714282e-09 5.916783301858398616e-12
1.020868972334764563e-01 1.926852663018414811e-09 5.923892426301304849e-12
1.032690077905264459e-01 1.928282612551927183e-09 5.916596524818891537e-12
1.044648065427020295e-01 1.929510316288179272e-09 5.913230326721767583e-12
1.056744519918323688e-01 1.923455672846514437e-09 5.922935607005940785e-12
1.068981044751116105e-01 1.923348632303114719e-09 5.925443969454573212e-12
1.081359261863509835e-01 1.921136950234119519e-09 5.922481386465953569e-12
1.093880811974775602e-01 1.921544861139271828e-09 5.921273588103667690e-12
1.106547354802819155e-01 1.920033915961101778e-09 5.919279803583991924e-12
1.119360569284170021e-01 1.927736092705247828e-09 5.922368743509694156e-12
1.132322153796529590e-01 1.918806742133739552e-09 5.919114231339063712e-12
1.145433826383886050e-01 1.917709627201724703e-09 5.918152810589703306e-12
1.158697324984239579e-01 1.916693287923401433e-09 5.918473448194876117e-12
1.172114407659961138e-01 1.918377269788800302e-09 5.923655132469879399e-12
1.185686852830827587e-01 1.916668810995784871e-09 5.899714220061867580e-12
1.199416459509744792e-01 1.914955048431242297e-09 5.920230893115659926e-12
1.213305047541208270e-01 1.913858226067905162e-09 5.921017165776170920e-12
1.227354457842515234e-01 1.915758945198753887e-09 5.921716006115486065e-12
1.241566552647785093e-01 1.912741450063241474e-09 5.918328051190578637e-12
1.255943215754789510e-01 1.912189514855422685e-09 5.921814101573119135e-12
1.270486352774652938e-01 1.911874335132578764e-09 5.956074938273910774e-12
1.285197891384432245e-01 1.910173679289217437e-09 5.921143527945641018e-12
1.300079781582635929e-01 1.909770141799455649e-09 5.918669643152711236e-12
1.315133995947690704e-01 1.911248483365599227e-09 5.991942057472336856e-12
1.330362529899405399e-01 1.909200237175393914e-09 5.937602035581289167e-12
1.345767401963458287e-01 1.908891497807935885e-09 5.914668286269713535e-12
1.361350654038956109e-01 1.906370698993548380e-09 5.927649175057847732e-12
1.377114351669082859e-01 1.907387747258546923e-09 5.918433483888782941e-12
1.393060584314885775e-01 1.904107327406691845e-09 5.923207253697794393e-12
1.409191465632227414e-01 1.902920325947022934e-09 5.922909668506853595e-12
1.425509133751954594e-01 1.903194469861916857e-09 5.896559124121439242e-12
1.442015751563302528e-01 1.906132369068576353e-09 5.919198353302790739e-12
1.458713507000582721e-01 1.901922501828996790e-09 5.920896254981829535e-12
1.475604613333193205e-01 1.892979581296647799e-09 5.921538785404126212e-12
1.492691309458979987e-01 1.904013396727678638e-09 5.908429879234299212e-12
1.509975860201007714e-01 1.899207417610716702e-09 5.917573163527994867e-12
1.527460556607755926e-01 1.899197205624336979e-09 5.925388980288990284e-12
1.545147716256795867e-01 1.901346478186697147e-09 5.975295680436958931e-12
1.563039683561977533e-01 1.898512365034709307e-09 5.919727506020708437e-12
1.581138830084189428e-01 1.897521295868357620e-09 5.921072784780886000e-12
1.599447554845698505e-01 1.897437328502172275e-09 5.922733136795431486e-12
1.617968284648141908e-01 1.894433369663415619e-09 5.882540527218136909e-12
1.636703474394191060e-01 1.895966771241918532e-09 5.921351367649193645e-12
1.655655607412955255e-01 1.894548222691838621e-09 5.895294544876373630e-12
1.674827195789137801e-01 1.893019390592017834e-09 5.916835631259058760e-12
1.694220780696013562e-01 1.895210041598384141e-09 5.918412310213784812e-12
1.713838932732252018e-01 1.893263112217072482e-09 6.140644931010026134e-12
1.733684252262658043e-01 1.891075177703132109e-09 5.926824135408371987e-12
1.753759369762839526e-01 1.891805510247800937e-09 5.919484631532164094e-12
1.774066946167878189e-01 1.890410070039080139e-09 5.930718330519020374e-12
1.794609673225026625e-01 1.890440608068048921e-09 5.920066399683236858e-12
1.815390273850506775e-01 1.889203475379487223e-09 5.921440766278167538e-12
1.836411502490422898e-01 1.887357706285326172e-09 5.929972061806667958e-12
1.857676145485863684e-01 1.887852797327087356e-09 5.851070345894260987e-12
1.879187021442221273e-01 1.885561010132276522e-09 5.917590309855954542e-12
1.900946981602806007e-01 1.886599706666632768e-09 5.921147130976789906e-12
1.922958910226767459e-01 1.892526783410926825e-09 5.938546743528474644e-12
1.945225724971402226e-01 1.885449791657051251e-09 5.916095263471198792e-12
1.967750377278887630e-01 1.885373945327952887e-09 5.922895117612894790e-12
1.990535852767486569e-01 1.890093569453789083e-09 5.920201825574771781e-12
2.013585171627294834e-01 1.881873818786759610e-09 5.914061965603427236e-12
2.036901389020563113e-01 1.882396335594966968e-09 5.920855853543706675e-12
2.060487595486651946e-01 1.884968381685076278e-09 5.920439332087913344e-12
2.084346917351677098e-01 1.881033799558413392e-09 5.921351856110255417e-12
2.108482517142910850e-01 1.882335973913846399e-09 6.033958658010590624e-12
2.132897594007962527e-01 1.879141695307548222e-09 5.918024135488317981e-12
2.157595384138827066e-01 1.838002416594778543e-09 5.916803919338986556e-12
2.182579161200830231e-01 1.878637862150973600e-09 5.904298319689897939e-12
2.207852236766562060e-01 1.881769515881900075e-09 5.880999873579284594e-12
2.233417960754814913e-01 1.879409182178136842e-09 5.923559186869922422e-12
2.259279721874612734e-01 1.870887231729552154e-09 5.921657987327987713e-12
2.285440948074375367e-01 1.873692796841706582e-09 5.925546508454751506e-12
2.311905106996301473e-01 1.874320399207213474e-09 5.922349773953110821e-12
2.338675706435990320e-01 1.874138923056507688e-09 5.937935378175069568e-12
2.365756294807403182e-01 1.871026870920981049e-09 5.918040933013730443e-12
2.393150461613192392e-01 1.874755787163311794e-09 5.910965086804117949e-12
2.420861837920496862e-01 1.872107357531730985e-09 5.918708172172846600e-12
2.448894096842230417e-01 1.871209879395968808e-09 5.919541272392569156e-12
2.477250954023952345e-01 1.868337231197335715e-09 5.915894145046166087e-12
2.505936168136362330e-01 1.869523218363576026e-09 5.919261302392218354e-12
2.534953541373521912e-01 1.868826482230389623e-09 5.927724805807969561e-12
2.564306919956823583e-01 1.867787790006930220e-09 5.917134091196300378e-12
2.594000194644804358e-01 1.860828349030140002e-09 5.945775930801405988e-12
2.624037301248863807e-01 1.886610412827041044e-09 5.920095160927108212e-12
2.654422221154941752e-01 1.856592728860202872e-09 5.914375274557971510e-12
2.685158981851263338e-01 1.864930932897544510e-09 5.913138981356874727e-12
2.716251657462164792e-01 1.862840986598813456e-09 5.921978634077993586e-12
2.747704369288123671e-01 1.864571890546997010e-09 5.921785118289169687e-12
2.779521286352018006e-01 1.864387139386907057e-09 5.920781488687840035e-12
2.811706625951744809e-01 1.860697565167296043e-09 5.919488275131285102e-12
2.844264654219206268e-01 1.878764566500839193e-09 5.920668619423023575e-12
2.877199686685785740e-01 1.859892285607602024e-09 5.923504175009756470e-12
2.910516088854357419e-01 1.862482765427104965e-09 5.920388523442130056e-12
2.944218276777944565e-01 1.855646208782653977e-09 5.923627352590849190e-12
2.978310717645051287e-01 1.859160979673611943e-09 5.919085562059469615e-12
3.012797930371790001e-01 1.860092776935720910e-09 5.984407498844011574e-12
3.047684486200846199e-01 1.854906214981925639e-09 5.923193603997364836e-12
3.082975009307410419e-01 1.856916535299203228e-09 5.920742217198958340e-12
3.118674177412095183e-01 1.860001608971349338e-09 5.908819791616215253e-12
3.154786722400967913e-01 1.853942513851668423e-09 5.904553539311965729e-12
3.191317430952744227e-01 1.853313980443164526e-09 5.911387915069413545e-12
3.228271145173277623e-01 1.858536706667394261e-09 5.920530035702538183e-12
3.265652763237361089e-01 1.853775439872999587e-09 5.920712231673790717e-12
3.303467240037981645e-01 1.857242632465895530e-09 5.911519827965812201e-12
3.341719587843073880e-01 1.852284518159221641e-09 5.986595296088995623e-12
3.380414876959909054e-01 1.853476370854992342e-09 5.922726021725863105e-12
3.419558236407145846e-01 1.862377774284674315e-09 5.937507298498137142e-12
3.459154854594680972e-01 1.850842817172038375e-09 5.921517595432226488e-12
3.499209980011368515e-01 1.848865151199385781e-09 5.924104751087954235e-12
3.539728921920689553e-01 1.849066511765034754e-09 5.914775661757428379e-12
3.580717051064509215e-01 1.870270767246224660e-09 5.926946578978985876e-12
3.622179800374948910e-01 1.846933384353103231e-09 5.916498799343684485e-12
3.664122665694521941e-01 1.846199052282309598e-09 5.929006088730193024e-12
3.706551206504588025e-01 1.846214155526930985e-09 5.920612178742704895e-12
3.749471046662278817e-01 1.844520909332422932e-09 5.882448962068426238e-12
3.792887875145917187e-01 1.871044990947339641e-09 5.915514279393721838e-12
3.836807446809096245e-01 1.844881617098716033e-09 5.911115791289315549e-12
3.881235583143459178e-01 1.825078893348435274e-09 5.917579178600544180e-12
3.926178173050358100e-01 1.844541005927528944e-09 5.755858427529822823e-12
3.971641173621406340e-01 1.843421773679062641e-09 5.989761206744045137e-12
4.017630610928087931e-01 1.842485546558787144e-09 5.918132470397527653e-12
4.064152580820497018e-01 1.842161300619010040e-09 6.016696594382878242e-12
4.111213249735355402e-01 1.849436445000667493e-09 5.869538876460381117e-12
4.158818855513353729e-01 1.843860852137816387e-09 5.917077609304782140e-12
4.206975708225977328e-01 1.834547550263406032e-09 5.922560839051035783e-12
4.255690191011883283e-01 1.844889815293522071e-09 5.918031524789711189e-12
4.304968760923003068e-01 1.833855051392092845e-09 5.921564909117881903e-12
4.354817949780401820e-01 1.834364365469744462e-09 5.923467462580207592e-12
4.405244365040072441e-01 1.835084352058023065e-09 5.918692576430843502e-12
4.456254690668728924e-01 1.834944608469561117e-09 5.918925161839511768e-12
4.507855688029784313e-01 1.825399691026120019e-09 5.900004610710602488e-12
4.560054196779547708e-01 1.831187074942368527e-09 5.920511004260182057e-12
4.612857135773818507e-01 1.833987284335652367e-09 5.925657631491800546e-12
4.666271503984956714e-01 1.831715394012802558e-09 5.918122218869900899e-12
4.720304381429618057e-01 1.803854135957767456e-09 5.943654536091731689e-12
4.774962930107178871e-01 1.829924217509200156e-09 5.891232891776136613e-12
4.830254394949065055e-01 1.829753942588038848e-09 5.912539262250074876e-12
4.886186104779055572e-01 1.831282574848521001e-09 5.917449163565185188e-12
4.942765473284694844e-01 1.828093229921593367e-09 5.925387063531571751e-12
5.000000000000000000e-01 1.802389993684803398e-09 5.918481594704651196e-12
5.235642740254498051e-01 1.824752988539095860e-09 5.919313512622059785e-12
5.482390980715924345e-01 1.821950697721746810e-09 5.921285232442828350e-12
5.740768107484414129e-01 1.818720398814275289e-09 6.018008952015039358e-12
6.011322173087064735e-01 1.816443815920412679e-09 5.919847054332892791e-12
6.294627058970836408e-01 1.955346621801457629e-09 5.921910067437011525e-12
6.591283692782035075e-01 1.814710165820073108e-09 5.919241230030915343e-12
6.901921323014423848e-01 1.802372154058766728e-09 5.923347740470585420e-12
7.227198853729637218e-01 1.789353786711402190e-09 5.919937461329531825e-12
7.567806242181041032e-01 1.802309868563704050e-09 5.922169267983347541e-12
7.924465962305566880e-01 1.800527312852117301e-09 5.917363006861322884e-12
8.297934537187804382e-01 1.796989967521010931e-09 5.918244248975680662e-12
8.689004143746876796e-01 1.793287104168182777e-09 5.917978700724814840e-12
9.098504293049917147e-01 1.711341672700759591e-09 5.902635766014408055e-12
9.527303589816237261e-01 1.797879441267285973e-09 5.891166925529912651e-12
9.976311574844397567e-01 1.784271597939761902e-09 5.925740405620781908e-12
1.044648065427019823e+00 1.786309997727505115e-09 5.921180541844193367e-12
1.093880811974776268e+00 1.780784852389341207e-09 5.915473206993464592e-12
1.145433826383886577e+00 1.777493498485843521e-09 5.895753595607915561e-12
1.199416459509745181e+00 1.776398100771266307e-09 5.911037887187470946e-12
1.255943215754790065e+00 1.771722406448408576e-09 5.917586424580616993e-12
1.315133995947690870e+00 1.770053730055700867e-09 5.952918786289053375e-12
1.377114351669083137e+00 1.805822652668068473e-09 5.937131837845519175e-12
1.442015751563302972e+00 1.768467235266972111e-09 5.903201492294762699e-12
1.509975860201008047e+00 1.767974346319200944e-09 5.915730601812593263e-12
1.581138830084189761e+00 1.754500873717657217e-09 5.917038961560808516e-12
1.655655607412955810e+00 1.753361733316185362e-09 5.868215355340709752e-12
1.733684252262658321e+00 1.758228623572282761e-09 5.918758985449434949e-12
1.815390273850506997e+00 1.787932939387983452e-09 5.911383364761873406e-12
1.900946981602805952e+00 1.585605565965286750e-09 5.906795218656208402e-12
1.990535852767486347e+00 1.743080634358144011e-09 5.920520570077230705e-12
2.084346917351676876e+00 1.739070527714865743e-09 5.916188899926341574e-12
2.182579161200830065e+00 1.738358006057775290e-09 5.919124467162286874e-12
2.285440948074375367e+00 1.731096429532181354e-09 5.964346877052315818e-12
2.393150461613192004e+00 1.732731613805088109e-09 5.928157443488137150e-12
2.505936168136361886e+00 1.730137757431878132e-09 5.915903738165373101e-12
2.624037301248862697e+00 1.727571488947075057e-09 5.908061417821299508e-12
2.747704369288122894e+00 1.725092828611497600e-09 5.938963773409822546e-12
2.877199686685784741e+00 1.722551806724157162e-09 5.912371029385886864e-12
3.012797930371788890e+00 1.703489416742093508e-09 5.935119999578486711e-12
3.154786722400966692e+00 1.716070613084665979e-09 5.854080859935872706e-12
3.303467240037979646e+00 1.721000095622747124e-09 5.900006073088618830e-12
3.459154854594682416e+00 1.721614133682494563e-09 5.900242882011422739e-12
3.622179800374950798e+00 1.698755433132815819e-09 5.832343806731666041e-12
3.792887875145918741e+00 1.691565967699749289e-09 5.716088957434961001e-12
3.971641173621408338e+00 1.700766627711911297e-09 5.917810958559772766e-12
4.158818855513356283e+00 1.698913981788995443e-09 5.915806116298449916e-12
4.354817949780404263e+00 1.697456969173371939e-09 5.916853838627975442e-12
4.560054196779547375e+00 1.698097403142253962e-09 5.923330464888863106e-12
4.774962930107179204e+00 1.692284530145978135e-09 5.914033921544651141e-12
5.000000000000000888e+00 1.687192963601492269e-09 5.908189624492992282e-12
6.294627058970835520e+00 1.675582615674708152e-09 5.912849686054205030e-12
7.924465962305567324e+00 1.662601556320570094e-09 5.917731513244085446e-12
9.976311574844396901e+00 1.652480081630760738e-09 5.917271186236158666e-12
1.255943215754790288e+01 1.636300933185855763e-09 5.863659415750193911e-12
1.581138830084189451e+01 1.625566702297897179e-09 5.877148549911741510e-12
1.990535852767486347e+01 1.892350589550702299e-09 5.913647460890983963e-12
2.505936168136362241e+01 1.596898166334536113e-09 5.908475590238784265e-12
3.154786722400966070e+01 1.580927716059801269e-09 5.905893482421861867e-12
3.971641173621406296e+01 1.567931817158535359e-09 5.898527213823243730e-12
4.999999999999999289e+01 1.556265478241117442e-09 5.912256366452642585e-12
