5.807243069201718186e-05 3.864121537405175287e-10 1.199738474546954050e-12
5.874487774697650716e-05 2.807733000794204366e-11 1.196376977671050277e-12
5.942511137185093809e-05 6.605811770849750842e-11 1.190364345494443003e-12
6.011322173087065555e-05 1.205091332389506520e-10 1.181841402927027410e-12
6.080930003231838017e-05 1.831937167157195396e-10 1.170479741375563643e-12
6.151343854061905325e-05 2.516135631998915484e-10 1.156658400341950857e-12
6.222573058856921034e-05 3.253569457478006278e-10 1.139955842637848139e-12
6.294627058970830402e-05 4.006073041661526366e-10 1.120588742111243586e-12
6.367515405083314138e-05 4.794029800120777237e-10 1.098929899440374336e-12
6.441247758465673719e-05 5.570227149609292639e-10 1.074647773036316845e-12
6.515833892261499124e-05 6.345843615193788723e-10 1.048181492676662813e-12
6.591283692782035650e-05 7.099585791854762632e-10 1.019551960988671707e-12
6.667607160816619769e-05 7.831073154082315509e-10 9.889921270282222489e-13
6.744814412958265366e-05 8.527981234062357661e-10 9.566756178372797175e-13
6.822915682944618535e-05 9.183985374790920814e-10 9.230182027555430022e-13
6.901921323014417829e-05 9.792054522576182245e-10 8.884769689208232309e-13
6.981841805279680852e-05 1.034209698332896674e-09 8.531637681198914589e-13
7.062687723113775782e-05 1.084183995802079801e-09 8.176354310027214904e-13
7.144469792555517389e-05 1.127305703824189750e-09 7.822006818500336343e-13
7.227198853729638578e-05 1.163852490079655834e-09 7.474049871820309217e-13
7.310885872283590017e-05 1.193902903852482940e-09 7.136243872033338250e-13
7.395541940841035122e-05 1.216905575001858390e-09 6.815607542066671976e-13
7.481178280472162371e-05 1.232897870612010437e-09 6.517145566231549488e-13
7.567806242181034505e-05 1.242807252430246842e-09 6.246296373405902476e-13
7.655437308410142656e-05 1.244842766611117285e-09 6.009887839074472174e-13
7.744083094562412067e-05 1.241509315568134875e-09 5.811842110424959081e-13
7.833755350540750207e-05 1.231073931598784512e-09 5.659891767550183851e-13
7.924465962305569597e-05 1.215778636160795099e-09 5.559277308611448760e-13
8.016226953450208102e-05 1.194560919988721208e-09 5.517238446277614077e-13
8.109050486794647857e-05 1.168595327464624997e-09 5.537572292069177792e-13
8.202948865997692718e-05 1.138238605345401135e-09 5.625468715173288730e-13
8.297934537187796715e-05 1.104248134447273626e-09 5.786325777943565657e-13
8.394020090612794207e-05 1.066900499982071130e-09 6.024418320228895669e-13
8.491218262308729617e-05 1.028226021027132012e-09 6.343717468028859971e-13
8.589541935787945305e-05 9.875800951572293793e-10 6.744482633876059196e-13
8.689004143746880239e-05 9.460753179550727737e-10 7.230244030157142143e-13
8.789618069793464267e-05 9.050583433656376706e-10 7.800610409146677101e-13
8.891397050194613488e-05 8.643349987454520715e-10 8.455388913654748942e-13
8.994354575643935166e-05 8.253720101585438201e-10 9.189553231998343397e-13
9.098504293049911853e-05 7.883997673510681317e-10 1.000461563684825614e-12
9.203860007344770748e-05 7.548147166799711667e-10 1.089233160744081960e-12
9.310435683314326931e-05 7.240808783514150154e-10 1.184841018221483702e-12
9.418245447449009216e-05 6.973425454781645306e-10 1.286263002029340745e-12
9.527303589816240703e-05 6.750010843925159940e-10 1.392538816117415474e-12
9.637624565954682279e-05 6.572018394818078377e-10 1.502713061791231945e-12
9.749222998790226565e-05 6.441517243062974134e-10 1.615564343972691236e-12
9.862113680574265443e-05 6.360104517743258827e-10 1.729315687664269952e-12
9.976311574844392432e-05 6.329109988405283700e-10 1.842963523519440478e-12
1.009183181840780691e-04 6.346022631988766878e-10 1.954242459266392021e-12
1.020868972334764650e-04 6.408207275154574725e-10 2.062245337066288118e-12
1.032690077905264468e-04 6.513277476738658263e-10 2.164355385742826083e-12
1.044648065427019234e-04 6.658340886713959276e-10 2.259320562031178860e-12
1.056744519918323676e-04 6.834406813504578589e-10 2.345437154979781295e-12
1.068981044751116051e-04 7.040138228625592081e-10 2.420489874725718387e-12
1.081359261863509960e-04 7.267251422957032987e-10 2.483611849538848438e-12
1.093880811974775783e-04 7.509007436091698036e-10 2.533055272254222638e-12
1.106547354802819166e-04 7.757483639392010316e-10 2.567531837885119538e-12
1.119360569284169843e-04 8.015140857483427062e-10 2.586046261828162670e-12
1.132322153796529580e-04 8.257079379606237953e-10 2.587770331121325733e-12
1.145433826383886026e-04 8.486766499568029501e-10 2.573314502222418868e-12
1.158697324984239751e-04 8.700700190535930495e-10 2.541856198426063978e-12
1.172114407659961160e-04 8.894540029634472305e-10 2.493938263440070552e-12
1.185686852830827420e-04 9.053801570118578271e-10 2.431071215134205889e-12
1.199416459509744813e-04 9.187111689166291083e-10 2.354145460103233903e-12
1.213305047541206945e-04 9.284658843233221821e-10 2.265272592234561277e-12
1.227354457842515364e-04 9.349558510206657741e-10 2.166550660721557514e-12
1.241566552647784948e-04 9.379489649629535720e-10 2.061553846655323099e-12
1.255943215754789502e-04 9.378530148531765914e-10 1.955144783946871553e-12
1.270486352774653110e-04 9.351136377662324346e-10 1.844069255453299874e-12
1.285197891384432108e-04 9.300380118012386741e-10 1.739118565023943269e-12
1.300079781582635788e-04 9.228469978330193859e-10 1.641624706239237683e-12
1.315133995947690435e-04 9.148555296096508059e-10 1.555778405894599456e-12
1.330362529899404168e-04 9.063455041852693989e-10 1.485148741434087216e-12
1.345767401963458062e-04 8.976606004201925155e-10 1.433901541913500371e-12
1.361350654038956073e-04 8.899252508320350072e-10 1.404691640199999593e-12
1.377114351669082826e-04 8.837252810824112979e-10 1.400558853734919571e-12
1.393060584314884456e-04 8.793872255682107781e-10 1.423208361861656901e-12
1.409191465632227234e-04 8.778317130574837352e-10 1.473937071611805209e-12
1.425509133751954596e-04 8.791745813765459025e-10 1.553382418941358999e-12
1.442015751563302745e-04 8.838411731000264990e-10 1.660175476860912135e-12
1.458713507000582675e-04 8.914943047693267656e-10 1.792805086802809632e-12
1.475604613333193413e-04 9.028296330309533184e-10 1.948277565403204487e-12
1.492691309458980017e-04 9.172207602090114151e-10 2.120919745466515959e-12
1.509975860201007907e-04 9.336553730015068597e-10 2.307892429170946319e-12
1.527460556607755941e-04 9.521942563510477726e-10 2.502497824371044907e-12
1.545147716256795760e-04 9.724521316606600648e-10 2.698250481493516857e-12
1.563039683561977700e-04 9.928501703331952489e-10 2.887344835007525544e-12
1.581138830084189426e-04 1.013783909629661348e-09 3.062762907205672325e-12
1.599447554845698401e-04 1.033704788805578590e-09 3.218080236175159674e-12
1.617968284648140247e-04 1.051785594552005873e-09 3.344240576725303902e-12
1.636703474394191234e-04 1.067801699996780921e-09 3.437162760340220361e-12
1.655655607412955237e-04 1.080562212298621971e-09 3.492623929049111661e-12
1.674827195789137821e-04 1.090698622095842016e-09 3.507316423318390282e-12
1.694220780696013395e-04 1.097518573279669582e-09 3.481556646204110624e-12
1.713838932732252138e-04 1.101112518328285759e-09 3.411630234039846356e-12
1.733684252262658175e-04 1.101497747118342708e-09 3.306878344003602544e-12
1.753759369762839622e-04 1.099676173089086528e-09 3.171526832313105514e-12
1.774066946167876340e-04 1.096172923152684061e-09 3.012397928236984708e-12
1.794609673225026631e-04 1.091342215866642422e-09 2.839658565056467132e-12
1.815390273850506729e-04 1.086474888408192799e-09 2.663876631936712610e-12
1.836411502490422785e-04 1.082556859478223263e-09 2.497197267709582223e-12
1.857676145485863753e-04 1.080223294633305989e-09 2.351795186171179365e-12
1.879187021442221307e-04 1.080109117355490465e-09 2.238742840677356064e-12
1.900946981602805912e-04 1.083097782721081916e-09 2.168475532733443527e-12
1.922958910226767442e-04 1.087607677779964629e-09 2.148522315089165729e-12
1.945225724971402217e-04 1.099041033096208376e-09 2.183758842460487944e-12
1.967750377278886019e-04 1.111677988958943539e-09 2.275616693535233399e-12
1.990535852767486491e-04 1.127132057651463314e-09 2.421000602627045479e-12
2.013585171627295032e-04 1.144544178186752959e-09 2.613327996218038342e-12
2.036901389020562758e-04 1.163184138374213053e-09 2.842347697128245185e-12
2.060487595486651640e-04 1.182038451005238587e-09 3.093708339706443701e-12
2.084346917351677256e-04 1.199568677146225788e-09 3.350885153405368589e-12
2.108482517142910915e-04 1.215511922777161863e-09 3.595943528283547704e-12
2.132897594007962582e-04 1.228815255140958358e-09 3.810486543905686132e-12
2.157595384138824807e-04 1.240310243080547020e-09 3.976369113176836741e-12
2.182579161200830275e-04 1.246832994967806884e-09 4.086472595787716765e-12
2.207852236766562250e-04 1.248169542033504898e-09 4.126838577613814196e-12
2.233417960754814700e-04 1.248213520974938168e-09 4.092114851189883147e-12
2.259279721874612925e-04 1.245994239400390032e-09 3.989726036249920411e-12
2.285440948074375482e-04 1.241990942976541005e-09 3.827088451217276159e-12
2.311905106996301417e-04 1.239462986858695246e-09 3.622397751977403838e-12
2.338675706435990400e-04 1.237456117721829066e-09 3.398790761888007048e-12
2.365756294807401473e-04 1.237507308817975459e-09 3.174546368977071340e-12
2.393150461613191874e-04 1.241174648300343605e-09 2.976867280745160790e-12
2.420861837920496669e-04 1.247263217483678077e-09 2.829890341700502278e-12
2.448894096842230486e-04 1.258063095054734056e-09 2.759175607864687303e-12
2.477250954023952571e-04 1.271456009426022146e-09 2.771339186695638060e-12
2.505936168136362096e-04 1.287327507189715299e-09 2.872858831607950566e-12
2.534953541373522129e-04 1.305172991143660570e-09 3.056704769522168878e-12
2.564306919956823639e-04 1.321876234053938715e-09 3.308199843430622345e-12
2.594000194644804458e-04 1.337600767437008717e-09 3.600623017632706372e-12
2.624037301248860888e-04 1.350527166486383564e-09 3.901524407052594647e-12
2.654422221154941939e-04 1.359409935109259167e-09 4.178418869638802978e-12
2.685158981851263043e-04 1.364828795356239433e-09 4.394622632896443852e-12
2.716251657462165044e-04 1.366740176018111508e-09 4.529487292331048573e-12
2.747704369288123854e-04 1.363699236337497242e-09 4.561190619991032673e-12
2.779521286352018127e-04 1.363001790138406610e-09 4.489827437760985782e-12
2.811706625951744943e-04 1.359056133437764886e-09 4.317014163718556575e-12
2.844264654219206255e-04 1.358215591627189263e-09 4.078778084825737015e-12
2.877199686685782661e-04 1.359986472586699000e-09 3.809723694890757148e-12
2.910516088854357393e-04 1.365114645440031099e-09 3.553500924708245445e-12
2.944218276777944713e-04 1.374575189025317472e-09 3.353433830358245349e-12
2.978310717645051204e-04 1.386950774811575176e-09 3.247579230638906935e-12
3.012797930371790027e-04 1.402193233801641042e-09 3.258026069289542645e-12
3.047684486200846234e-04 1.419951345197996989e-09 3.392899309295698418e-12
3.082975009307410805e-04 1.433275879233980592e-09 3.633937714602837768e-12
3.118674177412095313e-04 1.445710036355539970e-09 3.950580378361365276e-12
3.154786722400964379e-04 1.456128805438349236e-09 4.286481830137523839e-12
3.191317430952743915e-04 1.459909140123218967e-09 4.585205544454452193e-12
3.228271145173277810e-04 1.461163895309885255e-09 4.797083288163788079e-12
3.265652763237360972e-04 1.456765777648778550e-09 4.886698206283860023e-12
3.303467240037981823e-04 1.456363418504658311e-09 4.835123848449891705e-12
3.341719587843073962e-04 1.456121156610808934e-09 4.652161081855391860e-12
3.380414876959908759e-04 1.455895287371257666e-09 4.378170858417377998e-12
3.419558236407145655e-04 1.462080830253089926e-09 4.075715641974610331e-12
3.459154854594680595e-04 1.470734304049081641e-09 3.814368040629935227e-12
3.499209980011365223e-04 1.483657296439109876e-09 3.654398029986945826e-12
3.539728921920689544e-04 1.497992789682484586e-09 3.641553287452573882e-12
3.580717051064509363e-04 1.512666221830819761e-09 3.786176155588559979e-12
3.622179800374948611e-04 1.524997101500298746e-09 4.066408068519346394e-12
3.664122665694521551e-04 1.533401732931936669e-09 4.417725862924157491e-12
3.706551206504588155e-04 1.537252790120589348e-09 4.768525517529086784e-12
3.749471046662278739e-04 1.536749866344241712e-09 5.028121722247091194e-12
3.792887875145917642e-04 1.530081163747290666e-09 5.136445123134357947e-12
3.836807446809092350e-04 1.531258555241590938e-09 5.067631605502371104e-12
3.881235583143459109e-04 1.533992860630733402e-09 4.841217636611924772e-12
3.926178173050358768e-04 1.537675028552999095e-09 4.519664691937747275e-12
3.971641173621406028e-04 1.546940895576068836e-09 4.210908059444885521e-12
4.017630610928087857e-04 1.559164017629807364e-09 3.997430798399831948e-12
4.064152580820496862e-04 1.572135839728252959e-09 3.956386376897909163e-12
4.111213249735355723e-04 1.584847065140791121e-09 4.104337557829676934e-12
4.158818855513353842e-04 1.592099894754109148e-09 4.420280400573685754e-12
4.206975708225972935e-04 1.599792530462986238e-09 4.801591938442940509e-12
4.255690191011883409e-04 1.599148175396709454e-09 5.136025035921864034e-12
4.304968760923003155e-04 1.598190990305039503e-09 5.319290114302774017e-12
4.354817949780401981e-04 1.596780791016910352e-09 5.293490680431897053e-12
4.405244365040072822e-04 1.597833838419952884e-09 5.071964331503704134e-12
4.456254690668729119e-04 1.603807760881482968e-09 4.731752778620274589e-12
4.507855688029784470e-04 1.614016377229193288e-09 4.411788162702469696e-12
4.560054196779547643e-04 1.626529147918060126e-09 4.227595176970592940e-12
4.612857135773813463e-04 1.637834333649604174e-09 4.268654649557326550e-12
4.666271503984952018e-04 1.648374419187176357e-09 4.527189891907746353e-12
4.720304381429617094e-04 1.651335914972565839e-09 4.912061282054473239e-12
4.774962930107179535e-04 1.652197371218166152e-09 5.278328631943587313e-12
4.830254394949065502e-04 1.655580589068640463e-09 5.481164459737311865e-12
4.886186104779055486e-04 1.650167000495824855e-09 5.438490672487532360e-12
4.942765473284694211e-04 1.652860700030089143e-09 5.179139918437068684e-12
4.999999999999999020e-04 1.660299126507900910e-09 4.809725846419799106e-12
5.057897271299491120e-04 1.671231638615186014e-09 4.520421481511856064e-12
5.116464961403767615e-04 1.683399724140474674e-09 4.446840158015377458e-12
5.175710833396719507e-04 1.692113296121292701e-09 4.641441551648645831e-12
5.235642740254497010e-04 1.694974468023073541e-09 5.017388634414753146e-12
5.296268625886442309e-04 1.696645339061699927e-09 5.406491884315562444e-12
5.357596526188034176e-04 1.694408773133652408e-09 5.617922843620018525e-12
5.419634570106019031e-04 1.694240567620352948e-09 5.541464227587986122e-12
5.482390980715924666e-04 1.699024572757144439e-09 5.235283573560421317e-12
5.545874076312003274e-04 1.708189731339831907e-09 4.861643866480568480e-12
5.610092271509814097e-04 1.719717113278516173e-09 4.646485456556342712e-12
5.675054078361570394e-04 1.728643257287808344e-09 4.714659893707927047e-12
5.740768107484413340e-04 1.734167842087083716e-09 5.058041423403406656e-12
5.807243069201712630e-04 1.733782754653812664e-09 5.461621121094872401e-12
5.874487774697650716e-04 1.732434351027273456e-09 5.729577499551942029e-12
5.942511137185093944e-04 1.732626433540358108e-09 5.665290500207618569e-12
6.011322173087065013e-04 1.738296863845674912e-09 5.333430398601182304e-12
6.080930003231838424e-04 1.745030430697720822e-09 4.964743811916297544e-12
6.151343854061905054e-04 1.759251449596709278e-09 4.798018723159127982e-12
6.222573058856920762e-04 1.766736568198716675e-09 4.963356484014470884e-12
6.294627058970836365e-04 1.771305683265403152e-09 5.368719546040640939e-12
6.367515405083307633e-04 1.766169411966444239e-09 5.738800290303694261e-12
6.441247758465673719e-04 1.763829667870540845e-09 5.821658181661963022e-12
6.515833892261499666e-04 1.768144962846042310e-09 5.559828739504002379e-12
6.591283692782036463e-04 1.776972575052415861e-09 5.150489534902843449e-12
6.667607160816619227e-04 1.781211270801246190e-09 4.946766978412908640e-12
6.744814412958265908e-04 1.793512239555062437e-09 5.095445483101258160e-12
6.822915682944618535e-04 1.803767761259948084e-09 5.501016031297097042e-12
6.901921323014425418e-04 1.792387672546982177e-09 5.863378519119963957e-12
6.981841805279687899e-04 1.794046036246060574e-09 5.862857742674824371e-12
7.062687723113776324e-04 1.798205904025492311e-09 5.534346385882510184e-12
7.144469792555517389e-04 1.808002944839250424e-09 5.161408586900906271e-12
7.227198853729638849e-04 1.831961687777605401e-09 5.094136243727176190e-12
7.310885872283591101e-04 1.826631976942129644e-09 5.408492735008351125e-12
7.395541940841035122e-04 1.818108707062661258e-09 5.835192467581464315e-12
7.481178280472162642e-04 1.816335970161849667e-09 5.977725931229110953e-12
7.567806242181035047e-04 1.821806317881872814e-09 5.714093638658589656e-12
7.655437308410150245e-04 1.828556881271060101e-09 5.305006233761674028e-12
7.744083094562404478e-04 1.838509169030984089e-09 5.191654188488662576e-12
7.833755350540749394e-04 1.847025271048162743e-09 5.513886214817510750e-12
7.924465962305569326e-04 1.835322792461794189e-09 5.929963721436400946e-12
8.016226953450208102e-04 1.815392916508630543e-09 6.031309720512609718e-12
8.109050486794647586e-04 1.845192002164541961e-09 5.696725399151860650e-12
8.202948865997692447e-04 1.858078318266865146e-09 5.316877261396797027e-12
8.297934537187797799e-04 1.852630718602209256e-09 5.351544360173508209e-12
8.394020090612802068e-04 1.856765656319816267e-09 5.773515829352045431e-12
8.491218262308720130e-04 1.861447696907953075e-09 6.092068777453757385e-12
8.589541935787945847e-04 1.858303375009307771e-09 5.980553418297424518e-12
8.689004143746880239e-04 1.860960389685696217e-09 5.523256673024479574e-12
8.789618069793464538e-04 1.879901571730353331e-09 5.391765787181465739e-12
8.891397050194612675e-04 1.875485265513112132e-09 5.711383604245868307e-12
8.994354575643935708e-04 1.859640809340188312e-09 6.100440246717382154e-12
9.098504293049911040e-04 1.857003980333341839e-09 6.045870230760261315e-12
9.203860007344780506e-04 1.886845295690278688e-09 5.624866906541035576e-12
9.310435683314336689e-04 1.896286037823567467e-09 5.458868976610568673e-12
9.418245447449009487e-04 1.880032055713948607e-09 5.838460285791361821e-12
9.527303589816238805e-04 1.832861479059568221e-09 6.175848667636713065e-12
9.637624565954680924e-04 1.859224085798840387e-09 6.033914340845480051e-12
9.749222998790225752e-04 1.899166354596258690e-09 5.620249887080827783e-12
9.862113680574266256e-04 1.912295184662009927e-09 5.588721928193585150e-12
9.976311574844392432e-04 1.908079080019599970e-09 6.027381428066150651e-12
1.009183181840779715e-03 1.909085083389149298e-09 6.225921721060603605e-12
1.020868972334764650e-03 1.896367233319611046e-09 5.871309372290854644e-12
1.032690077905264441e-03 1.915105649470515358e-09 5.591527022276206935e-12
1.044648065427020373e-03 1.914620323846731402e-09 5.849099865916883291e-12
1.056744519918323758e-03 1.889015823585133277e-09 6.231742771756516823e-12
1.068981044751116105e-03 1.915882127154266650e-09 6.102454104967660691e-12
1.081359261863509879e-03 1.922229630271557290e-09 5.705014484805676762e-12
1.093880811974775810e-03 1.937388072133070448e-09 5.796423724253847326e-12
1.106547354802818028e-03 1.932046868062396497e-09 6.244490058715000259e-12
1.119360569284169951e-03 1.906064856556528247e-09 6.113760846772610324e-12
1.132322153796529608e-03 1.924573085037236874e-09 5.773703254975582850e-12
1.145433826383887273e-03 1.939016919554486851e-09 5.827271749560411937e-12
1.158697324984239805e-03 1.937960753342252244e-09 6.270410351469837684e-12
1.172114407659961268e-03 1.915540179753101642e-09 6.185985510759073004e-12
1.185686852830827474e-03 1.921998583751489136e-09 5.788206802095715196e-12
1.199416459509744732e-03 1.938727408209049982e-09 5.917245885676612115e-12
1.213305047541207108e-03 1.939419845249340713e-09 6.326785292272521185e-12
1.227354457842515364e-03 1.940317564772532347e-09 6.147189238992615251e-12
1.241566552647785111e-03 1.950211704899407057e-09 5.812186479509598950e-12
1.255943215754791020e-03 1.954300128733324393e-09 6.104476965855628719e-12
1.270486352774653164e-03 1.946989114133788872e-09 6.382032918403349010e-12
1.285197891384432054e-03 1.959356604631287362e-09 6.008786709240465723e-12
1.300079781582635843e-03 1.970384641532512107e-09 5.896425921080153665e-12
1.315133995947690652e-03 1.936101619346563447e-09 6.388748201158340822e-12
1.330362529899404168e-03 1.963212400469073266e-09 6.223571506494382360e-12
1.345767401963456761e-03 1.963935255724600497e-09 5.907125714035978313e-12
1.361350654038956127e-03 1.987137445901039898e-09 6.256388665197734252e-12
1.377114351669082772e-03 1.980189395872068248e-09 6.371574635893895891e-12
1.393060584314885974e-03 1.974502442437926122e-09 5.966252922753353243e-12
1.409191465632227396e-03 1.963311831182466266e-09 6.108045706551529704e-12
1.425509133751954758e-03 1.977096367497223906e-09 6.435671211010293836e-12
1.442015751563302745e-03 1.983132705962860887e-09 6.100943489557657865e-12
1.458713507000582730e-03 1.987368681600191490e-09 6.057881570012498071e-12
1.475604613333191895e-03 2.009420087256763510e-09 6.468326983934166190e-12
1.492691309458979909e-03 1.977996350450820949e-09 6.183356670639540542e-12
1.509975860201007852e-03 1.985843669614140770e-09 6.061362654332747258e-12
1.527460556607757513e-03 1.983979705907396284e-09 6.500413678310657789e-12
1.545147716256795815e-03 1.987769399219037140e-09 6.206032501006030340e-12
1.563039683561977646e-03 1.999242792159176768e-09 6.130356214154087360e-12
1.581138830084189480e-03 1.983434739755786159e-09 6.481858040724369503e-12
1.599447554845698401e-03 1.988113375311354416e-09 6.167710112478418830e-12
1.617968284648140355e-03 1.981021361959083509e-09 6.247624584199840376e-12
1.636703474394191234e-03 2.035186864301347407e-09 6.533588190799089911e-12
1.655655607412955237e-03 1.986026076450219674e-09 6.107097798015296888e-12
1.674827195789139501e-03 2.014934269061021364e-09 6.305478786794420606e-12
1.694220780696013449e-03 1.999988681057759018e-09 6.418388610071834419e-12
1.713838932732252192e-03 2.020550359806516631e-09 6.091161808121659412e-12
1.733684252262658121e-03 2.000882683484725979e-09 6.439120586862070140e-12
1.753759369762839405e-03 1.997929556658674692e-09 6.305812872811491146e-12
1.774066946167876394e-03 2.012135830310981319e-09 6.257932441492179994e-12
1.794609673225024734e-03 2.018419498683715754e-09 6.503174872430134855e-12
1.815390273850506784e-03 2.017816999395459022e-09 6.173045090699799795e-12
1.836411502490422785e-03 1.998162475525253917e-09 6.556857639349084955e-12
1.857676145485863753e-03 2.016487610365958595e-09 6.228498658102732503e-12
1.879187021442221307e-03 2.009539053205273772e-09 6.324316194002921256e-12
1.900946981602806129e-03 2.017201425134634876e-09 6.517653868816539787e-12
1.922958910226767442e-03 1.990153815185082835e-09 6.254519642712144691e-12
1.945225724971401783e-03 2.015453245153216581e-09 6.548908065123692001e-12
1.967750377278885965e-03 2.028290190339312849e-09 6.206273214181116767e-12
1.990535852767486274e-03 2.047302241382661969e-09 6.540082093059378439e-12
2.013585171627295303e-03 2.010818260584421708e-09 6.429747826118453705e-12
2.036901389020564709e-03 2.020544390450903232e-09 6.395608126111544725e-12
2.060487595486651911e-03 2.004728386056697699e-09 6.518509775374459706e-12
2.084346917351677202e-03 2.021018676489760253e-09 6.338377788246833661e-12
2.108482517142911024e-03 2.019541569179570837e-09 6.553034317556711052e-12
2.132897594007962527e-03 2.036089157680914085e-09 6.332329614753816872e-12
2.157595384138824915e-03 2.021892522679309960e-09 6.648557419931755560e-12
2.182579161200830058e-03 2.035255710412370192e-09 6.290277052513727610e-12
2.207852236766562250e-03 2.029059525395591140e-09 6.688220914896291416e-12
2.233417960754816977e-03 2.025238778793690948e-09 6.301453644565992123e-12
2.259279721874612925e-03 2.039524340010230469e-09 6.621763344930735661e-12
2.285440948074375644e-03 2.041421673618588819e-09 6.306006179389355079e-12
2.311905106996301525e-03 2.034062122630815511e-09 6.683084050228872706e-12
2.338675706435990129e-03 2.037942553350679204e-09 6.356475712313415378e-12
2.365756294807401256e-03 2.038152727335964335e-09 6.639175163734693912e-12
2.393150461613189652e-03 2.049795690888909095e-09 6.347086650620737913e-12
2.420861837920496723e-03 2.051244184060307492e-09 6.627543825078715078e-12
2.448894096842230486e-03 2.032146614932118844e-09 6.468386249773759159e-12
2.477250954023952571e-03 2.041245912054745528e-09 6.566616996837784674e-12
2.505936168136362312e-03 2.033218094596588594e-09 6.565100124199010516e-12
2.534953541373521912e-03 2.053297623922622895e-09 6.480815244364212025e-12
2.564306919956823531e-03 2.038127138160815142e-09 6.627232681441078679e-12
2.594000194644804566e-03 2.038522714093437247e-09 6.403391517810942512e-12
2.624037301248860997e-03 2.041577732729927131e-09 6.699370494939769701e-12
2.654422221154942047e-03 2.046356052632006338e-09 6.454141225642525165e-12
2.685158981851263043e-03 2.039760445086770226e-09 6.623256717709190418e-12
2.716251657462167863e-03 2.047554461326167020e-09 6.559596007917676446e-12
2.747704369288123637e-03 2.045197669989336495e-09 6.560369884093958802e-12
2.779521286352018127e-03 2.042034399412293123e-09 6.740875744945940008e-12
2.811706625951745052e-03 2.049645389857936888e-09 6.437737205590943639e-12
2.844264654219206146e-03 2.047526802414331008e-09 6.605465096152092028e-12
2.877199686685782878e-03 2.038297189068022197e-09 6.704587225582607604e-12
2.910516088854357610e-03 2.049248159572322191e-09 6.460739764939995862e-12
2.944218276777944496e-03 2.048369975089220137e-09 6.667023188757676243e-12
2.978310717645054131e-03 2.052663000246188748e-09 6.648935349126436165e-12
3.012797930371790243e-03 2.046945173270452567e-09 6.461710323279793628e-12
3.047684486200846234e-03 2.049365837282935444e-09 6.694298277741491094e-12
3.082975009307410696e-03 2.053347445867558441e-09 6.677780355906460996e-12
3.118674177412095096e-03 2.049058930693708346e-09 6.496566514514974874e-12
3.154786722400964704e-03 2.049565168531246293e-09 6.665370471880303843e-12
3.191317430952740879e-03 2.063798845995119754e-09 6.745190437254091188e-12
3.228271145173277484e-03 2.056821346060612668e-09 6.522434659318274788e-12
3.265652763237360864e-03 2.052801738585436036e-09 6.580096382311917682e-12
3.303467240037981714e-03 2.063485497156196986e-09 6.754281722826246050e-12
3.341719587843074071e-03 2.039580390964231601e-09 6.675938706344356939e-12
3.380414876959908759e-03 2.053176715176182526e-09 6.534183705721135382e-12
3.419558236407146089e-03 2.056567482897852333e-09 6.618999649377246664e-12
3.459154854594680920e-03 2.052779069017794379e-09 6.787777201889949757e-12
3.499209980011365115e-03 2.063947691799310089e-09 6.687370540312428942e-12
3.539728921920689761e-03 2.058723010091844002e-09 6.561996011143778648e-12
3.580717051064509580e-03 2.056100917765306566e-09 6.591509577227144832e-12
3.622179800374952623e-03 2.056259478773643789e-09 6.721013004493570194e-12
3.664122665694521767e-03 2.054419981154923983e-09 6.777352671447556461e-12
3.706551206504587938e-03 2.061890583913567150e-09 6.714576241870038090e-12
3.749471046662278522e-03 2.054250100770222243e-09 6.599303262464555459e-12
3.792887875145917534e-03 2.053468023983049818e-09 6.595747387878794344e-12
3.836807446809091700e-03 2.056650754370354335e-09 6.681835886422238774e-12
3.881235583143459109e-03 2.057508261041584137e-09 6.752288989739267906e-12
3.926178173050358551e-03 2.058401536186460885e-09 6.812690723054860696e-12
3.971641173621410364e-03 2.053360825276337349e-09 6.763098221649703965e-12
4.017630610928087966e-03 2.064939954625458835e-09 6.697902224489973720e-12
4.064152580820497296e-03 2.055780718203831491e-09 6.654386905707770096e-12
4.111213249735355506e-03 2.055801728657152023e-09 6.617387656369090984e-12
4.158818855513353625e-03 2.066883880003863055e-09 6.639614764606993145e-12
4.206975708225973477e-03 2.063364952961655377e-09 6.651119935943086145e-12
4.255690191011879397e-03 2.057617206025677110e-09 6.675001080493824594e-12
4.304968760923003589e-03 2.066236270840832217e-09 6.718111571335108479e-12
4.354817949780402306e-03 2.071752026276598417e-09 6.747387842336608197e-12
4.405244365040072822e-03 2.056075793840992763e-09 6.739109669710872830e-12
4.456254690668728577e-03 2.063455216658184569e-09 6.769413607783212579e-12
4.507855688029784903e-03 2.063136679180922106e-09 6.771155244301837995e-12
4.560054196779547535e-03 2.060835940337012611e-09 6.778658977538165269e-12
4.612857135773813788e-03 2.062755635737023833e-09 6.763699102080649878e-12
4.666271503984952343e-03 2.066645386202811301e-09 6.750040896788017593e-12
4.720304381429616877e-03 2.065265382709239368e-09 6.750758071669696440e-12
4.774962930107178559e-03 2.057825745358792160e-09 6.710977127930833088e-12
4.830254394949069947e-03 2.061140468323733381e-09 6.695607972290355459e-12
4.886186104779055052e-03 2.061771411903816026e-09 6.684444061185233638e-12
4.942765473284694427e-03 2.061111966537012105e-09 6.684111943874851354e-12
4.999999999999999237e-03 2.062613075337691028e-09 6.695342676535989532e-12
5.057897271299491120e-03 2.064964536485427276e-09 6.750787798055156307e-12
5.116464961403772820e-03 2.060851463145624625e-09 6.826587235389499877e-12
5.175710833396719723e-03 2.060144190197196687e-09 6.844922156446125929e-12
5.235642740254497010e-03 2.062856431870882025e-09 6.808206456928846592e-12
5.296268625886442309e-03 2.060592235598814186e-09 6.769239912236404733e-12
5.357596526188034176e-03 2.060225284306628688e-09 6.706358567248097182e-12
5.419634570106018380e-03 2.059820505302303600e-09 6.743584515865827002e-12
5.482390980715924449e-03 2.054772914566928957e-09 6.824745087391598916e-12
5.545874076312003707e-03 2.063803543810664640e-09 6.840788442332640243e-12
5.610092271509814314e-03 2.064090935329373582e-09 6.749461071382249673e-12
5.675054078361576465e-03 2.063421978655464676e-09 6.725001383616474381e-12
5.740768107484413990e-03 2.052159805255146273e-09 6.824809174993064492e-12
5.807243069201712196e-03 2.058530574465287396e-09 6.852974521502379686e-12
5.874487774697644861e-03 2.060862665252562681e-09 6.738270697789094982e-12
5.942511137185094161e-03 2.057889531077415558e-09 6.777134049696354172e-12
6.011322173087065013e-03 2.060432978671531523e-09 6.870116511942085477e-12
6.080930003231838424e-03 2.057495414593916280e-09 6.748673021286782888e-12
6.151343854061904620e-03 2.057208737542411601e-09 6.790161301170678834e-12
6.222573058856927485e-03 2.055609193280427505e-09 6.866647285525991708e-12
6.294627058970836582e-03 2.056970798476896237e-09 6.747049594916638876e-12
6.367515405083306983e-03 2.057844530781452534e-09 6.853584741349281217e-12
6.441247758465666780e-03 2.053158819510264500e-09 6.790544796437044120e-12
6.515833892261499449e-03 2.055765412759161281e-09 6.810198123634225379e-12
6.591283692782036463e-03 2.062619428992126127e-09 6.847270036554235883e-12
6.667607160816619444e-03 2.058236282697702837e-09 6.776840684693169814e-12
6.744814412958265691e-03 2.058337462571033686e-09 6.862889351544108794e-12
6.822915682944625040e-03 2.053816249881147681e-09 6.772263231122155067e-12
6.901921323014425201e-03 2.064825642049912179e-09 6.861449286036779296e-12
6.981841805279687466e-03 2.056393281422173592e-09 6.796183481674361847e-12
7.062687723113769168e-03 2.056019632145809395e-09 6.839593267777105958e-12
7.144469792555517389e-03 2.056097306672587170e-09 6.842171068133700084e-12
7.227198853729638849e-03 2.055468613692016385e-09 6.789706324196921579e-12
7.310885872283590450e-03 2.052813099969277915e-09 6.889240227967476484e-12
7.395541940841034688e-03 2.056062645795496417e-09 6.803664193216556462e-12
7.481178280472171316e-03 2.056490861140172836e-09 6.835672194251283919e-12
7.567806242181042420e-03 2.057633815362525338e-09 6.889393084149500643e-12
7.655437308410150028e-03 2.057013769086807240e-09 6.799423188756230819e-12
7.744083094562404478e-03 2.050513920065138274e-09 6.826147625324039716e-12
7.833755350540741805e-03 2.054743243797539703e-09 6.890463196846150897e-12
7.924465962305568892e-03 2.054651499368396933e-09 6.856909668255754053e-12
8.016226953450207235e-03 2.055787345749630417e-09 6.795605733132254855e-12
8.109050486794647586e-03 2.053437972268745642e-09 6.833265474848894374e-12
8.202948865997691796e-03 2.050073535955867028e-09 6.886021460661259299e-12
8.297934537187806256e-03 2.047117762650800577e-09 6.896324200747921769e-12
8.394020090612802285e-03 2.055747190228883515e-09 6.872480178710465570e-12
8.491218262308719913e-03 2.054010258794964052e-09 6.826899270394716274e-12
8.589541935787937607e-03 2.052629273657837366e-09 6.816989206222311827e-12
8.689004143746880890e-03 2.051027466548187504e-09 6.818152752326762486e-12
8.789618069793463453e-03 2.048764913769919089e-09 6.830441644431792779e-12
8.891397050194612892e-03 2.053085945411229967e-09 6.842855448525563871e-12
8.994354575643936575e-03 2.051815869410409296e-09 6.845892789504358404e-12
9.098504293049921449e-03 2.056162239547387150e-09 6.848879618406775558e-12
9.203860007344780506e-03 2.053806048354399389e-09 6.845699848837883250e-12
9.310435683314336255e-03 2.049893003125812929e-09 6.838059138452219335e-12
9.418245447449000163e-03 2.049743809523352693e-09 6.827075997985938134e-12
9.527303589816240106e-03 2.051991592482902461e-09 6.833760329040887092e-12
9.637624565954681574e-03 2.051903751484811816e-09 6.853721614897863435e-12
9.749222998790225969e-03 2.048068823651700956e-09 6.882320407189301283e-12
9.862113680574265823e-03 2.051778372717873231e-09 6.914037001233782875e-12
9.976311574844402841e-03 2.051690361844764477e-09 6.899793784704700025e-12
1.009183181840780756e-02 2.044302452627404817e-09 6.855107132898339547e-12
1.020868972334764736e-02 2.051134736347280585e-09 6.854243703492782050e-12
1.032690077905264354e-02 2.049214518798516099e-09 6.910643483482609664e-12
1.044648065427019289e-02 2.043396503835555350e-09 6.888972986916528673e-12
1.056744519918323758e-02 2.045887487930914859e-09 6.847099022354594025e-12
1.068981044751116105e-02 2.041819216244304846e-09 6.907941292473511970e-12
1.081359261863509835e-02 2.045232496275017052e-09 6.886372044420843111e-12
1.093880811974775810e-02 2.044109673241167297e-09 6.863423450591425882e-12
1.106547354802819155e-02 2.043382978108214021e-09 6.920097994968993431e-12
1.119360569284169951e-02 2.038908118602846703e-09 6.855440433316901163e-12
1.132322153796529694e-02 2.039680622961989434e-09 6.925021989348088547e-12
1.145433826383886015e-02 2.040567540215394438e-09 6.856799630348758464e-12
1.158697324984239718e-02 2.042035140937560394e-09 6.921208071288799100e-12
1.172114407659961138e-02 2.041993616932941151e-09 6.877643116982393132e-12
1.185686852830827517e-02 2.041119099258214000e-09 6.891207946605304994e-12
1.199416459509744862e-02 2.039801119440678619e-09 6.923636897974863546e-12
1.213305047541208236e-02 2.039333291008270924e-09 6.867418822776638642e-12
1.227354457842515408e-02 2.038690789334149925e-09 6.893201869767765186e-12
1.241566552647785024e-02 2.039171441825616465e-09 6.932026844909091977e-12
1.255943215754789545e-02 2.036894713702775243e-09 6.901112710557408958e-12
1.270486352774653077e-02 2.038175534836356120e-09 6.868673678171955482e-12
1.285197891384432141e-02 2.036351953003284877e-09 6.879101187350899806e-12
1.300079781582635929e-02 2.036781468845764379e-09 6.906866665457746369e-12
1.315133995947690565e-02 2.036267797823296720e-09 6.927682195223857810e-12
1.330362529899405469e-02 2.035372375270593221e-09 6.935106764596673915e-12
1.345767401963458149e-02 2.036420006737185792e-09 6.940902271794779070e-12
1.361350654038956214e-02 2.032674889646753181e-09 6.936043147181947719e-12
1.377114351669082859e-02 2.034756499798873757e-09 6.937862185818356088e-12
1.393060584314884456e-02 2.031937089291961498e-09 6.933143631613070045e-12
1.409191465632227309e-02 2.033515102607526733e-09 6.921689366375152348e-12
1.425509133751954628e-02 2.032201136256227888e-09 6.900027711265259589e-12
1.442015751563302701e-02 2.031262194146900335e-09 6.886323846276249255e-12
1.458713507000582686e-02 2.031853471000767896e-09 6.905894634644924746e-12
1.475604613333193239e-02 2.032735523495344790e-09 6.939268508397565971e-12
1.492691309458979952e-02 2.031070064886152111e-09 6.914389326712662109e-12
1.509975860201007679e-02 2.030377668533555531e-09 6.890910409923216073e-12
1.527460556607755995e-02 2.030639519168158496e-09 6.938788784911797775e-12
1.545147716256795901e-02 2.028812858829529578e-09 6.912797751920460242e-12
1.563039683561977602e-02 2.029141992286485058e-09 6.916716220306645743e-12
1.581138830084189567e-02 2.028374541829162745e-09 6.925312889770712315e-12
1.599447554845698227e-02 2.033856014168978764e-09 6.915235407653527085e-12
1.617968284648142047e-02 2.025683844257944590e-09 6.918758445800886494e-12
1.636703474394191060e-02 2.026447393028586902e-09 6.945221759632890996e-12
1.655655607412955324e-02 2.025347570727380002e-09 6.900748922427655137e-12
1.674827195789137593e-02 2.024282603194640559e-09 6.930162860870785049e-12
1.694220780696013492e-02 2.025109690792860800e-09 6.941819158044215856e-12
1.713838932732252018e-02 2.019816492945696080e-09 6.924401246863778407e-12
1.733684252262658251e-02 2.023871274978112341e-09 6.903230089506139885e-12
1.753759369762839665e-02 2.021573397835517657e-09 6.920100604585114148e-12
1.774066946167878259e-02 2.021624021142144121e-09 6.927420614999392390e-12
1.794609673225026555e-02 2.021817640873562476e-09 6.940166792971668552e-12
1.815390273850506567e-02 2.020232142724743052e-09 6.940620987745140437e-12
1.836411502490422828e-02 2.021689262809618922e-09 6.938886953802615907e-12
1.857676145485861671e-02 2.020672212097561220e-09 6.919371176158183823e-12
1.879187021442221481e-02 2.019742261832857323e-09 6.913427598407728802e-12
1.900946981602805869e-02 2.019291954172525000e-09 6.911557948521030664e-12
1.922958910226767529e-02 2.016769527675010810e-09 6.942396001845860905e-12
1.945225724971402087e-02 2.018263372940552566e-09 6.951706462180801229e-12
1.967750377278888047e-02 2.017600241159342407e-09 6.914021273972981746e-12
1.990535852767486361e-02 2.015704561169034118e-09 6.940428004280104513e-12
2.013585171627295042e-02 2.017064605267208084e-09 6.940773165248612050e-12
2.036901389020562628e-02 2.015225256061608495e-09 6.926995062437619602e-12
2.060487595486651738e-02 2.015086051747616636e-09 6.938547397844738776e-12
2.084346917351677375e-02 2.013165307299834721e-09 6.952440245748422466e-12
2.108482517142910850e-02 2.013239350405642929e-09 6.919613560062044152e-12
2.132897594007962527e-02 2.014320811717219733e-09 6.951652150333153251e-12
2.157595384138826997e-02 2.012174199744650778e-09 6.960772094716634289e-12
2.182579161200830231e-02 2.011449300856246810e-09 6.936463376441588036e-12
2.207852236766562337e-02 2.010486880769079354e-09 6.923163649474826183e-12
2.233417960754814982e-02 2.009526605476869066e-09 6.925065162884432725e-12
2.259279721874612665e-02 2.008968738080788481e-09 6.927243940041554969e-12
2.285440948074375644e-02 2.008750747262496166e-09 6.928090420478108998e-12
2.311905106996301265e-02 2.008982151657926050e-09 6.925324763540792072e-12
2.338675706435990390e-02 2.008014732827703436e-09 6.929040413831781348e-12
2.365756294807403598e-02 2.007426058374553483e-09 6.952837071454811751e-12
2.393150461613192254e-02 2.005384422222046800e-09 6.958364116155680894e-12
2.420861837920496723e-02 2.006057881320661744e-09 6.927542419986385980e-12
2.448894096842230486e-02 2.004482791689412497e-09 6.954867254901883072e-12
2.477250954023949708e-02 2.002943844739398173e-09 6.928503418265500329e-12
2.505936168136362052e-02 2.003337134693713205e-09 6.950985730234510802e-12
2.534953541373521912e-02 2.003767028780169782e-09 6.935814625561576424e-12
2.564306919956823791e-02 2.002456257034094714e-09 6.962950056323256541e-12
2.594000194644804566e-02 2.001702021523378134e-09 6.943908589286853544e-12
2.624037301248863946e-02 2.001263933703985439e-09 6.934928593206748337e-12
2.654422221154941960e-02 2.001118139197193711e-09 6.947761769407981671e-12
2.685158981851263130e-02 2.000547073746607941e-09 6.943030028454837934e-12
2.716251657462165001e-02 2.000485227265693310e-09 6.959890024056698009e-12
2.747704369288123810e-02 1.999062886209664638e-09 6.952286542010458033e-12
2.779521286352018214e-02 1.998977466631509364e-09 6.951694717717442250e-12
2.811706625951744878e-02 1.997543405855585044e-09 6.938864757475593588e-12
2.844264654219206059e-02 1.995670211150129605e-09 6.951533793735471363e-12
2.877199686685785740e-02 1.995478588656750445e-09 6.966277495351165238e-12
2.910516088854357350e-02 1.995689582132657686e-09 6.938793339255494627e-12
2.944218276777944496e-02 1.994727413375189347e-09 6.968442337230792977e-12
2.978310717645051356e-02 1.992531727435786834e-09 6.942032205319040449e-12
3.012797930371790070e-02 1.993770051640747743e-09 6.967772533942550798e-12
3.047684486200846060e-02 1.992487492666526925e-09 6.964421493376967574e-12
3.082975009307410696e-02 1.991311388463166676e-09 6.936315754114532928e-12
3.118674177412095183e-02 1.992096575361594478e-09 6.947336731872791566e-12
3.154786722400967913e-02 1.987096937285721705e-09 6.951981542100279864e-12
3.191317430952744089e-02 1.989748057410189445e-09 6.951454885821149124e-12
3.228271145173277484e-02 1.990079123583154121e-09 6.952364444535194748e-12
3.265652763237360950e-02 1.988684852250275888e-09 6.951970518805440093e-12
3.303467240037978592e-02 1.988111285659228940e-09 6.968201113146601966e-12
3.341719587843074157e-02 1.987943993962995693e-09 6.956165841421894167e-12
3.380414876959909193e-02 1.988299859867000159e-09 6.987737807991646567e-12
3.419558236407145568e-02 1.985222284327711067e-09 6.969131905537506588e-12
3.459154854594680834e-02 1.985604942236949836e-09 6.963810226130841644e-12
3.499209980011368931e-02 1.984255840003176382e-09 6.947504814413429895e-12
3.539728921920690108e-02 1.984182341968862065e-09 6.959541896224876058e-12
3.580717051064509493e-02 1.982511516748068214e-09 6.962692482768750567e-12
3.622179800374948633e-02 1.981993454212001158e-09 6.971554853663512340e-12
3.664122665694521941e-02 1.982589973522445186e-09 6.968244120334096066e-12
3.706551206504588025e-02 1.981730561850730132e-09 6.959827726506912384e-12
3.749471046662278956e-02 1.980356461109226788e-09 6.953163683894747374e-12
3.792887875145917187e-02 1.979858803015127778e-09 6.969544980964011244e-12
3.836807446809096384e-02 1.978690266635093873e-09 6.964605718675295957e-12
3.881235583143459456e-02 1.978162596604113933e-09 6.967713418157755401e-12
3.926178173050358378e-02 1.977842078015804670e-09 6.952407617139733698e-12
3.971641173621406201e-02 1.978187814679282283e-09 6.967101007204571723e-12
4.017630610928087792e-02 1.976628793222384455e-09 6.973295907989709102e-12
4.064152580820497296e-02 1.975658481250003527e-09 6.973423353167637974e-12
4.111213249735355679e-02 1.975343730310271513e-09 6.972919690627613881e-12
4.158818855513353452e-02 1.974747918729150590e-09 6.973456134775181281e-12
4.206975708225977467e-02 1.974108586878721686e-09 6.956009955018083042e-12
4.255690191011883561e-02 1.976294019192363314e-09 6.960222457255929180e-12
4.304968760923003068e-02 1.971697173936081593e-09 6.966436886032208969e-12
4.354817949780401959e-02 1.966322531102763887e-09 6.964908655193703977e-12
4.405244365040068139e-02 1.970887179498883082e-09 6.958714168462833956e-12
4.456254690668728924e-02 1.969786846635119335e-09 6.971583529641017270e-12
4.507855688029784730e-02 1.969050876623151916e-09 6.973346146082742995e-12
4.560054196779547708e-02 1.968483190241915746e-09 6.970328929227758513e-12
4.612857135773813788e-02 1.966583946392317585e-09 6.960321767551897124e-12
4.666271503984956853e-02 1.968089991514937173e-09 6.960317218705521454e-12
4.720304381429617224e-02 1.966738373359945766e-09 6.974871046568138655e-12
4.774962930107178732e-02 1.965999509935732329e-09 6.961296276186645220e-12
4.830254394949064917e-02 1.965674909210196422e-09 6.977138351615053739e-12
4.886186104779054878e-02 1.963749653048434621e-09 6.973230836732259911e-12
4.942765473284694427e-02 1.962879954831520323e-09 6.963325835813411443e-12
4.999999999999999584e-02 1.963096137538452921e-09 6.966429896894817473e-12
5.057897271299490599e-02 1.958145514106014919e-09 6.973002722618342879e-12
5.116464961403772993e-02 1.961565206920966832e-09 6.977369659680073025e-12
5.175710833396719723e-02 1.959516103712651152e-09 6.961255058083905401e-12
5.235642740254497357e-02 1.960834896071622544e-09 6.973036356075163644e-12
5.296268625886442483e-02 1.959344117912827406e-09 6.961411172684002319e-12
5.357596526188034697e-02 1.959421657245945364e-09 6.972770273661626759e-12
5.419634570106018900e-02 1.958312946072049463e-09 6.968814024645496532e-12
5.482390980715924622e-02 1.958640314012178873e-09 6.972820417612404725e-12
5.545874076312003881e-02 1.956401574225885166e-09 6.964416307446313205e-12
5.610092271509820039e-02 1.955125037873403307e-09 6.973915563695944937e-12
5.675054078361576465e-02 1.951940272613704564e-09 6.971501388835151827e-12
5.740768107484413990e-02 1.955262456341997978e-09 6.978353412139561297e-12
5.807243069201712543e-02 1.954301552264701239e-09 6.965468787808617443e-12
5.874487774697650933e-02 1.952707801632710282e-09 6.965993269336759796e-12
5.942511137185093467e-02 1.952191728387200579e-09 6.968630528344208684e-12
6.011322173087064319e-02 1.951088089773631377e-09 6.972080440915158708e-12
6.080930003231838771e-02 1.951509637573454986e-09 6.980257164017247924e-12
6.151343854061904620e-02 1.951152556174316610e-09 6.965981779484320569e-12
6.222573058856927658e-02 1.950319434121547433e-09 6.966398765143450704e-12
6.294627058970836408e-02 1.948264970013648959e-09 7.000934146058420273e-12
6.367515405083307156e-02 1.948213595145506265e-09 6.971252290523786108e-12
6.441247758465666606e-02 1.946044240185974500e-09 6.963813887008118556e-12
6.515833892261499449e-02 1.946974140622291888e-09 6.983604482340095014e-12
6.591283692782036463e-02 1.944847565538277619e-09 6.972149800076293496e-12
6.667607160816618750e-02 1.944804538824480505e-09 6.979222649123397908e-12
6.744814412958265171e-02 1.947413654513954717e-09 6.974088776858944965e-12
6.822915682944624693e-02 1.943731289999111220e-09 6.971370723854320142e-12
6.901921323014424681e-02 1.942133353754424761e-09 6.891703709695601582e-12
6.981841805279687119e-02 1.945928069831476017e-09 6.974085443819304869e-12
7.062687723113769689e-02 1.942494979942807735e-09 6.976226257267480330e-12
7.144469792555517562e-02 1.940281291939657474e-09 6.970334383765446702e-12
7.227198853729638328e-02 1.941025846696342570e-09 6.969765996618781521e-12
7.310885872283590103e-02 1.938478980783496497e-09 6.963514305605238101e-12
7.395541940841035555e-02 1.942480683980190682e-09 6.964656593778175218e-12
7.481178280472171316e-02 1.938595018406567296e-09 6.979055796616851439e-12
7.567806242181042420e-02 1.945731196226853718e-09 6.977816039526987091e-12
7.655437308410151243e-02 1.935985436708752987e-09 6.970314928891301988e-12
7.744083094562405345e-02 1.935236431682337764e-09 6.971761355297237323e-12
7.833755350540749784e-02 1.933450690742012184e-09 6.949484030729580705e-12
7.924465962305569933e-02 1.933177183067680767e-09 6.986472706641875163e-12
8.016226953450207582e-02 1.931982297160008637e-09 6.976673746984260785e-12
8.109050486794648627e-02 1.932606994257450678e-09 6.974162806644702523e-12
8.202948865997693184e-02 1.927625044348660660e-09 6.973730435459713644e-12
8.297934537187805215e-02 1.930691120918562258e-09 6.975691191982705820e-12
8.394020090612802631e-02 1.939006453921711274e-09 6.973601429892031069e-12
8.491218262308720954e-02 1.929254566369979528e-09 6.981336122090420066e-12
8.589541935787936566e-02 1.913151830327204774e-09 6.974227425574958772e-12
8.689004143746879849e-02 1.928232687397371182e-09 6.986029667105288557e-12
8.789618069793464494e-02 1.928472854588306068e-09 6.982076779753034556e-12
8.891397050194613239e-02 1.925478243030586972e-09 6.985273928421622532e-12
8.994354575643935534e-02 1.925551262427462902e-09 6.972566842815421658e-12
9.098504293049920755e-02 1.925018931013251611e-09 6.975949789337705177e-12
9.203860007344780159e-02 1.924361580922187029e-09 6.982111592269404798e-12
9.310435683314335908e-02 1.923438244294442717e-09 6.982462259227833248e-12
9.418245447449000163e-02 1.922985270585793610e-09 6.982841314927947674e-12
9.527303589816239759e-02 1.922128111791662781e-09 7.009103864708437637e-12
9.637624565954681921e-02 1.920513316389045526e-09 6.982705535502193717e-12
9.749222998790225969e-02 1.920741378303621384e-09 6.975364400385491199e-12
9.862113680574266517e-02 1.914489998401597205e-09 6.978614403958695372e-12
9.976311574844402841e-02 1.918485772314015880e-09 6.975640247454531898e-12
1.009183181840780791e-01 1.916643592018210863e-09 6.975915838701642657e-12
1.020868972334764702e-01 1.918128015743001152e-09 6.973824240548826066e-12
1.032690077905264459e-01 1.917052159367137160e-09 6.977207575192945661e-12
1.044648065427020295e-01 1.916388652338948536e-09 6.975453440188308813e-12
1.056744519918323688e-01 1.916104132531348061e-09 6.976772856282070415e-12
1.068981044751116105e-01 1.914119373125211489e-09 6.984977263335597847e-12
1.081359261863509835e-01 1.914032991020095818e-09 6.985696003249200307e-12
1.093880811974775741e-01 1.913570291999390138e-09 6.978021507008219729e-12
1.106547354802819155e-01 1.913669371621888550e-09 6.979553860186422972e-12
1.119360569284169882e-01 1.909763731903516401e-09 6.980038845287991849e-12
1.132322153796529590e-01 1.910427915558645842e-09 6.976272778887556731e-12
1.145433826383886050e-01 1.910267317741137163e-09 6.982319967623012320e-12
1.158697324984239718e-01 1.914869363354535092e-09 6.977421737739773894e-12
1.172114407659961138e-01 1.915061643111001952e-09 6.976700827042830788e-12
1.185686852830827448e-01 1.907941924159355496e-09 6.979845104177236233e-12
1.199416459509744654e-01 1.906284169055985009e-09 6.976171046707180128e-12
1.213305047541208270e-01 1.905424900713948410e-09 6.976586562286911223e-12
1.227354457842515373e-01 1.909171962263326194e-09 6.977459053769251111e-12
1.241566552647785093e-01 1.904723297710075618e-09 6.977697697125636562e-12
1.255943215754789510e-01 1.904671297505801266e-09 6.986042846009109632e-12
1.270486352774652938e-01 1.904588161879513593e-09 6.982245189183349411e-12
1.285197891384432245e-01 1.904341550838441167e-09 6.986737096375171081e-12
1.300079781582635929e-01 1.903136875527120786e-09 6.959652752416235876e-12
1.315133995947690704e-01 1.917517918470361120e-09 6.983426066284746728e-12
1.330362529899405399e-01 1.900244092426800955e-09 6.984523131642277279e-12
1.345767401963458287e-01 1.900096777938965985e-09 6.980781848220556308e-12
1.361350654038956109e-01 1.898550305049706770e-09 6.978660646030343725e-12
1.377114351669082859e-01 1.898358013238579266e-09 6.991117070562827226e-12
1.393060584314885775e-01 1.900767811093334461e-09 6.971375697799611995e-12
1.409191465632227414e-01 1.895882051801629260e-09 6.975237481872604502e-12
1.425509133751954594e-01 1.895937577825914107e-09 6.977169852090778324e-12
1.442015751563302528e-01 1.894974071641972393e-09 6.981054121703827414e-12
1.458713507000582721e-01 1.895709579085139537e-09 6.980380693402137419e-12
1.475604613333193205e-01 1.893228451781665157e-09 6.986692290783121551e-12
1.492691309458979987e-01 1.891962762401527458e-09 6.982431024192796881e-12
1.509975860201007714e-01 1.876588093124209476e-09 6.983642082130498328e-12
1.527460556607755926e-01 1.891215718220125253e-09 6.973457934220670810e-12
1.545147716256795867e-01 1.890791272504828123e-09 6.980454306668946856e-12
1.563039683561977533e-01 1.891515792953542015e-09 6.980320455497339504e-12
1.581138830084189428e-01 1.889257372013811958e-09 6.979047627458447904e-12
1.599447554845698505e-01 1.888529675497145672e-09 6.983071349740737466e-12
1.617968284648141908e-01 1.859940250594060609e-09 6.987439654110226699e-12
1.636703474394191060e-01 1.886408017020398005e-09 6.986505656243547750e-12
1.655655607412955255e-01 1.884374288088811251e-09 6.988438651420404100e-12
1.674827195789137801e-01 1.885920564100278927e-09 6.970391570116421234e-12
1.694220780696013562e-01 1.885287176672279756e-09 6.979185500496258788e-12
1.713838932732252018e-01 1.883863450023327744e-09 6.976131931208315617e-12
1.733684252262658043e-01 1.883167111927905274e-09 6.979830804891213286e-12
1.753759369762839526e-01 1.882242452224228139e-09 6.979257584226493018e-12
1.774066946167878189e-01 1.885133374909608105e-09 6.981656219683906701e-12
1.794609673225026625e-01 1.882226581334964548e-09 7.040125888320355021e-12
1.815390273850506775e-01 1.881678438956266955e-09 6.982107388487378325e-12
1.836411502490422898e-01 1.880923170540017844e-09 7.073951117125831880e-12
1.857676145485863684e-01 1.878094308879569429e-09 6.980073391923705068e-12
1.879187021442221273e-01 1.877181234412007911e-09 6.992009430711043854e-12
1.900946981602806007e-01 1.875555596782888555e-09 7.022480374053889552e-12
1.922958910226767459e-01 1.873100750884641443e-09 6.974138912479203946e-12
1.945225724971402226e-01 1.875822899538121718e-09 6.979004873580918785e-12
1.967750377278887908e-01 1.875508989788248916e-09 7.005873706414609986e-12
1.990535852767486291e-01 1.874099230254944978e-09 6.984105336816652635e-12
2.013585171627295112e-01 1.874335832359858810e-09 6.983543628658902598e-12
2.036901389020562836e-01 1.870880399981723629e-09 7.004387997085996851e-12
2.060487595486651669e-01 1.873171150545645565e-09 6.995720290521496268e-12
2.084346917351677375e-01 1.873479193568478604e-09 6.981269845751135199e-12
2.108482517142910850e-01 1.869755922697239094e-09 6.987022423184666556e-12
2.132897594007962527e-01 1.870601020350482761e-09 6.976766455022216525e-12
2.157595384138827066e-01 1.869042978366110697e-09 6.986046345578683697e-12
2.182579161200830231e-01 1.868677002740834503e-09 6.848121168839445945e-12
2.207852236766562337e-01 1.868555274607862365e-09 6.984740857040767169e-12
2.233417960754814913e-01 1.870946830669169035e-09 6.987233842809827953e-12
2.259279721874612734e-01 1.863790361783004130e-09 6.982475273905380394e-12
2.285440948074375644e-01 1.863260912393681356e-09 6.984193177899068689e-12
2.311905106996301473e-01 1.862916960086843746e-09 6.976165440822930672e-12
2.338675706435990320e-01 1.863534249471031425e-09 6.984506592693651125e-12
2.365756294807403459e-01 1.862705443482393183e-09 6.985701162619403476e-12
2.393150461613192115e-01 1.861872787966769088e-09 6.976800195322385758e-12
2.420861837920496584e-01 1.862743710782119023e-09 6.981684441803027404e-12
2.448894096842230139e-01 1.859848911292564675e-09 6.990937175583125660e-12
2.477250954023952345e-01 1.859879228084103161e-09 6.986069920527207736e-12
2.505936168136362330e-01 1.859250565023991443e-09 6.976424736083303136e-12
2.534953541373521912e-01 1.860146984247758377e-09 6.932435846142273901e-12
2.564306919956823583e-01 1.856323706235627839e-09 6.978424111621348414e-12
2.594000194644804358e-01 1.856528677398193661e-09 7.043966499082283826e-12
2.624037301248863807e-01 1.856943300937006435e-09 6.931046754000568336e-12
2.654422221154941752e-01 1.853733763179961001e-09 6.982887756239327495e-12
2.685158981851263338e-01 1.828152378961392016e-09 6.975605285181591777e-12
2.716251657462164792e-01 1.853683535222913680e-09 6.985035487067815611e-12
2.747704369288123671e-01 1.854474562859034554e-09 6.980675884491292229e-12
2.779521286352018006e-01 1.852054918017241482e-09 6.984162849762935639e-12
2.811706625951744809e-01 1.851535633803339824e-09 6.991646889855485875e-12
2.844264654219206268e-01 1.850344429847159282e-09 6.996481716089222577e-12
2.877199686685785740e-01 1.849608322284700095e-09 6.984568021428103319e-12
2.910516088854357419e-01 1.849029792043314442e-09 6.986729265012767134e-12
2.944218276777944565e-01 1.849926556689005719e-09 6.989062924063347386e-12
2.978310717645051287e-01 1.848639012370766506e-09 6.932745642510962635e-12
3.012797930371790001e-01 1.846836067299433012e-09 6.985601775021274714e-12
3.047684486200846199e-01 1.849509466084313791e-09 6.965276636993269945e-12
3.082975009307410419e-01 1.844320470643979051e-09 6.782670396624770336e-12
3.118674177412095183e-01 1.845577216356050171e-09 6.985295316422427712e-12
3.154786722400967913e-01 1.845128614846490116e-09 6.985018760401856932e-12
3.191317430952744227e-01 1.836648569566597994e-09 6.912316872721010772e-12
3.228271145173277623e-01 1.842957752445535409e-09 6.987970654004469124e-12
3.265652763237361089e-01 1.840935321351384086e-09 6.977891888426042980e-12
3.303467240037981645e-01 1.839437689435707578e-09 6.982891229113520563e-12
3.341719587843073880e-01 1.839041480266227735e-09 6.979028859069850980e-12
3.380414876959909054e-01 1.809563571366368043e-09 6.980923231377315690e-12
3.419558236407145846e-01 1.835768208540299652e-09 6.981042755125904850e-12
3.459154854594680972e-01 1.837679137057184514e-09 6.982049540426404112e-12
3.499209980011368515e-01 1.835862980351865205e-09 6.756779999093849703e-12
3.539728921920689553e-01 1.862272134991759337e-09 6.992093315839297680e-12
3.580717051064509215e-01 1.835615484375024891e-09 6.977368729533142270e-12
3.622179800374948910e-01 1.834336076202406784e-09 6.966938391947378646e-12
3.664122665694521941e-01 1.833575079587070604e-09 7.002636313008459632e-12
3.706551206504588025e-01 1.833707271515010768e-09 6.982585989070707883e-12
3.749471046662278817e-01 1.836533293849208921e-09 6.984815734147665262e-12
3.792887875145917187e-01 1.832378994224767989e-09 6.977603335957011276e-12
3.836807446809096245e-01 1.831253782126421769e-09 6.982398939673822983e-12
3.881235583143459178e-01 1.826342457524350502e-09 6.966818884190985693e-12
3.926178173050358655e-01 1.830515207901976489e-09 6.981181180441252854e-12
3.971641173621406340e-01 1.828058192149567783e-09 6.981628673470339132e-12
4.017630610928087931e-01 1.826126359285620248e-09 6.991786855499035964e-12
4.064152580820497018e-01 1.827065887494873456e-09 6.984577165528394747e-12
4.111213249735355402e-01 1.825490886784544754e-09 6.984854481349957619e-12
4.158818855513353729e-01 1.824224210161746557e-09 6.990814649932888546e-12
4.206975708225977328e-01 1.819814577918290260e-09 6.951515824804862381e-12
4.255690191011883283e-01 1.824142054526249079e-09 6.960924083967448581e-12
4.304968760923003068e-01 1.823526399371458022e-09 6.984529089437451476e-12
4.354817949780401820e-01 1.823371854987526502e-09 6.816344527723161982e-12
4.405244365040072996e-01 1.822642569221439924e-09 6.984183577661427244e-12
4.456254690668728924e-01 1.823273055880685874e-09 6.974575960937093170e-12
4.507855688029784313e-01 1.820925022208817683e-09 6.983638485128877336e-12
4.560054196779547708e-01 1.834770673800091670e-09 6.986521141380155874e-12
4.612857135773818507e-01 1.818266194144428559e-09 6.968960856660676305e-12
4.666271503984956714e-01 1.816013840065090803e-09 6.994695120861893363e-12
4.720304381429617502e-01 1.817408496453143388e-09 6.982878953867849721e-12
4.774962930107179426e-01 1.816486004667222229e-09 6.987425007667686989e-12
4.830254394949064500e-01 1.815410253535508405e-09 6.983547346680448825e-12
4.886186104779054462e-01 1.814529656325767400e-09 6.983910059688562854e-12
4.942765473284694844e-01 1.814297591467070213e-09 7.003897196943281752e-12
5.000000000000000000e-01 1.812790229102976489e-09 6.990938140717809961e-12
5.235642740254498051e-01 1.808710215688587203e-09 6.990471852564042660e-12
5.482390980715924345e-01 1.804316084906571463e-09 6.977735889501160091e-12
5.740768107484414129e-01 1.804063365534085365e-09 6.979713780201176903e-12
6.011322173087064735e-01 1.790100124608572230e-09 6.965915529239150097e-12
6.294627058970836408e-01 1.796839225469612904e-09 6.979530175267110623e-12
6.591283692782035075e-01 1.805758353543139096e-09 6.815647824531505076e-12
6.901921323014423848e-01 1.789221053104560703e-09 6.973093360549984360e-12
7.227198853729637218e-01 1.788750129569593330e-09 6.959358191086285275e-12
7.567806242181041032e-01 1.786018447902832784e-09 7.109006349821718476e-12
7.924465962305567990e-01 1.782503082038683055e-09 6.992020213980710700e-12
8.297934537187803272e-01 1.780315921068399024e-09 6.981746393154784531e-12
8.689004143746876796e-01 1.777972513738302599e-09 6.982218036471918893e-12
9.098504293049917147e-01 1.773866272102389259e-09 6.909046569209103181e-12
9.527303589816236151e-01 1.774723963682707462e-09 6.559815616711785680e-12
9.976311574844397567e-01 1.769802089175770182e-09 6.970338279995904507e-12
1.044648065427019823e+00 1.764980572083323127e-09 6.983347057494896566e-12
1.093880811974776268e+00 1.802002724629391469e-09 6.977942266239381177e-12
1.145433826383886577e+00 1.787162639231272967e-09 6.822862887656795075e-12
1.199416459509745181e+00 1.756323597204316162e-09 6.978775568677359914e-12
1.255943215754790065e+00 1.753542891853636455e-09 6.976702585741713536e-12
1.315133995947690870e+00 1.749824724417519801e-09 6.980657706765106888e-12
1.377114351669083137e+00 1.747448362579392479e-09 6.995466508905098791e-12
1.442015751563302972e+00 1.805948073638407524e-09 6.975076757811696143e-12
1.509975860201008047e+00 1.756017289921525402e-09 6.960966108035580372e-12
1.581138830084189761e+00 1.738322575477713393e-09 6.981413591036741054e-12
1.655655607412955588e+00 1.735368124400668352e-09 6.967582324902556481e-12
1.733684252262658321e+00 1.738896566585719052e-09 6.981809727959748316e-12
1.815390273850506997e+00 1.725308992660819959e-09 6.970455511544446047e-12
1.900946981602805730e+00 1.726918640480990646e-09 6.979445254357942287e-12
1.990535852767486125e+00 1.722924501007012851e-09 6.985888609351379246e-12
2.084346917351676876e+00 1.721104945799375336e-09 6.978561751986013701e-12
2.182579161200830065e+00 1.716194682276042265e-09 7.118477111492459002e-12
2.285440948074375367e+00 2.120429763084112777e-09 6.980590398642359602e-12
2.393150461613192004e+00 1.711473940890668854e-09 6.979464692979280434e-12
2.505936168136361886e+00 1.715659634866127203e-09 7.178066363191755888e-12
2.624037301248862697e+00 1.704750413173539939e-09 6.933888578449663483e-12
2.747704369288122894e+00 1.701089480851599321e-09 7.000328752393160341e-12
2.877199686685784741e+00 1.697370102282175731e-09 6.979630738942221951e-12
3.012797930371788890e+00 1.696322243431410335e-09 6.991991171578575655e-12
3.154786722400966692e+00 1.692599997299049463e-09 6.982069248419408429e-12
3.303467240037980091e+00 1.688683653929342549e-09 6.982479394561758020e-12
3.459154854594682416e+00 1.688338676114000294e-09 6.979517163019097142e-12
3.622179800374950798e+00 1.691330939645275216e-09 6.964572491188644225e-12
3.792887875145919185e+00 1.681709280186237724e-09 6.977450927865995888e-12
3.971641173621408338e+00 1.678243670990654454e-09 6.984687658450192446e-12
4.158818855513356283e+00 1.676010786363381179e-09 6.970569762399299765e-12
4.354817949780404263e+00 1.665719021469594606e-09 6.985023492250189733e-12
4.560054196779547375e+00 1.668736176846445167e-09 6.980190981795545736e-12
4.774962930107179204e+00 1.667119947715206910e-09 6.977801321816435845e-12
5.000000000000000888e+00 1.664313997639476803e-09 6.984408369810112119e-12
6.294627058970836408e+00 1.649477813847604501e-09 6.976155747410688407e-12
7.924465962305567324e+00 1.635098256474666630e-09 6.978599980489888024e-12
9.976311574844396901e+00 1.620593228209677786e-09 6.959992651675750819e-12
1.255943215754790288e+01 1.607421802436594262e-09 6.960570739807256859e-12
1.581138830084189273e+01 1.591750088759327305e-09 6.971417752292591358e-12
1.990535852767486347e+01 1.579768725684679956e-09 6.969098291889549114e-12
2.505936168136362241e+01 1.564522005314639476e-09 6.974003225288448759e-12
3.154786722400965715e+01 1.554513201482029754e-09 6.966503567025514308e-12
3.971641173621406296e+01 1.533164006399538789e-09 6.973856445221710719e-12
4.999999999999999289e+01 1.519195976764893695e-09 6.914841479943668449e-12
