4.774962930107184414e-05 3.578567946684053003e-11 1.298443728720053760e-12
4.886186104779054808e-05 1.165934331799590287e-10 1.320364492418065951e-12
4.999999999999999562e-05 2.287012320446664441e-10 1.331408209485729469e-12
5.057897271299489764e-05 2.914118210618960798e-10 1.332916183871863412e-12
5.116464961403766531e-05 3.564899461983115720e-10 1.331173218967354138e-12
5.175710833396715576e-05 4.230531519474602398e-10 1.326654041403244697e-12
5.235642740254491996e-05 4.907418308527492691e-10 1.318936716537283335e-12
5.296268625886447188e-05 5.580875182862165997e-10 1.307868537960925923e-12
5.357596526188034176e-05 6.249859083409420524e-10 1.293861254467952482e-12
5.419634570106018624e-05 6.902376921714863523e-10 1.276512086915674217e-12
5.482390980715925750e-05 7.532201955528537627e-10 1.256333973245460692e-12
5.545874076312003680e-05 8.139132022011648551e-10 1.233040326281664005e-12
5.610092271509814368e-05 8.703354267551990962e-10 1.206848657477153220e-12
5.675054078361571342e-05 9.235754408378414028e-10 1.177867053709113836e-12
5.740768107484407919e-05 9.722383701616010262e-10 1.146488824177849339e-12
5.807243069201718186e-05 1.016785363356619900e-09 1.112668945439428695e-12
5.874487774697651393e-05 1.055770753377316605e-09 1.077043322628207141e-12
5.942511137185094486e-05 1.089573118765113886e-09 1.039683962461690121e-12
6.011322173087064877e-05 1.117874580357296447e-09 1.001233448850404679e-12
6.080930003231839372e-05 1.140542638043106613e-09 9.618214298089631754e-13
6.151343854061905325e-05 1.157978536861753349e-09 9.220914271314325710e-13
6.222573058856921034e-05 1.169290909154488778e-09 8.824608960243434633e-13
6.294627058970830402e-05 1.175124566923581361e-09 8.435931139528182675e-13
6.367515405083314138e-05 1.175233023343143395e-09 8.059726415306946712e-13
6.441247758465673719e-05 1.170112323843489754e-09 7.703791737937908555e-13
6.515833892261499124e-05 1.160241354307699101e-09 7.371013763491007270e-13
6.591283692782035650e-05 1.145210692976625555e-09 7.071865386611116277e-13
6.667607160816619769e-05 1.125891977170981153e-09 6.812753167660574090e-13
6.744814412958265366e-05 1.102717587052215856e-09 6.599182699834488653e-13
6.822915682944618535e-05 1.076296973465269112e-09 6.439372195613372469e-13
6.901921323014417829e-05 1.046503048280353954e-09 6.339804269304914545e-13
6.981841805279680852e-05 1.015199578319186738e-09 6.305894328937248222e-13
7.062687723113775782e-05 9.815968298948836914e-10 6.345528239471100229e-13
7.144469792555517389e-05 9.465502558815766325e-10 6.461945431356755104e-13
7.227198853729638578e-05 9.115127080073508187e-10 6.662864266639133209e-13
7.310885872283590017e-05 8.766056836559588336e-10 6.950865999431026320e-13
7.395541940841035122e-05 8.423280102763352473e-10 7.328513813342147433e-13
7.481178280472162371e-05 8.091367136501475402e-10 7.799311496948184654e-13
7.567806242181034505e-05 7.782178591683595472e-10 8.363291493371323193e-13
7.655437308410142656e-05 7.497105672502405524e-10 9.020722529172225703e-13
7.744083094562412067e-05 7.240800263839315363e-10 9.769742962424081565e-13
7.833755350540750207e-05 7.020699747631583678e-10 1.060621431555665851e-12
7.924465962305569597e-05 6.836689334951847468e-10 1.152373697749899078e-12
8.016226953450208102e-05 6.690953742972231841e-10 1.251802920647802384e-12
8.109050486794647857e-05 6.588199790539715448e-10 1.357537302358896505e-12
8.202948865997692718e-05 6.527171032260606393e-10 1.469072601714904753e-12
8.297934537187796715e-05 6.510391840393618052e-10 1.585105078752521896e-12
8.394020090612794207e-05 6.536568469931207430e-10 1.703953934127390848e-12
8.491218262308729617e-05 6.602338941904735774e-10 1.824082624168361113e-12
8.589541935787945305e-05 6.707524788741803747e-10 1.943919579799324348e-12
8.689004143746880239e-05 6.846460168671215291e-10 2.061295847380394669e-12
8.789618069793464267e-05 7.015597800587058943e-10 2.175145459361416123e-12
8.891397050194613488e-05 7.210189361959869155e-10 2.282363737211140409e-12
8.994354575643935166e-05 7.427604503526625254e-10 2.382250572441993030e-12
9.098504293049911853e-05 7.660300020148489045e-10 2.471584566100245116e-12
9.203860007344770748e-05 7.894594406343200083e-10 2.549887283773654538e-12
9.310435683314326931e-05 8.134579916503020860e-10 2.614378904102661332e-12
9.418245447449009216e-05 8.371919021824605907e-10 2.663852893160122135e-12
9.527303589816240703e-05 8.599186024100907337e-10 2.697146586842972340e-12
9.637624565954682279e-05 8.810708710240575462e-10 2.713789427289031668e-12
9.749222998790227921e-05 9.001128453579255633e-10 2.711906607570545141e-12
9.862113680574264088e-05 9.171970886887962646e-10 2.692028792959597119e-12
9.976311574844392432e-05 9.310105259220270395e-10 2.654430494188277802e-12
1.009183181840780691e-04 9.418975780000960663e-10 2.600105084141725378e-12
1.020868972334764650e-04 9.499443947897796619e-10 2.529687817969440033e-12
1.032690077905264468e-04 9.547434265463219342e-10 2.445157653314262208e-12
1.044648065427019234e-04 9.564756072590641204e-10 2.348909503654718660e-12
1.056744519918323541e-04 9.557499580230004518e-10 2.243128780748526457e-12
1.068981044751116051e-04 9.523967646018687707e-10 2.132160677888461849e-12
1.081359261863509960e-04 9.472320785395036545e-10 2.018534213246151538e-12
1.093880811974775648e-04 9.407109899267668223e-10 1.907043680389206113e-12
1.106547354802819166e-04 9.332158387861373562e-10 1.801225047892343557e-12
1.119360569284169843e-04 9.255690091169762946e-10 1.705400424871613558e-12
1.132322153796529580e-04 9.182268898913414963e-10 1.624205477933233965e-12
1.145433826383886162e-04 9.121232733944678249e-10 1.561190936867679058e-12
1.158697324984239751e-04 9.074831208185152702e-10 1.520196634055632251e-12
1.172114407659961160e-04 9.050294187537701313e-10 1.504265616024200074e-12
1.185686852830827555e-04 9.050755613812501879e-10 1.515833149581787918e-12
1.199416459509744813e-04 9.078696284481730798e-10 1.556754778810396117e-12
1.213305047541206945e-04 9.139599376302616073e-10 1.626948671533330170e-12
1.227354457842515364e-04 9.231267656272855505e-10 1.726825730302914129e-12
1.241566552647784948e-04 9.351917767844532652e-10 1.853055502116976129e-12
1.255943215754789502e-04 9.497128741123399814e-10 2.005396066393719752e-12
1.270486352774653110e-04 9.668141213120187191e-10 2.177323114595897589e-12
1.285197891384432108e-04 9.853341194989242788e-10 2.365703129286543329e-12
1.300079781582635788e-04 1.005274508798209155e-09 2.562883861218539195e-12
1.315133995947690435e-04 1.025444614654956404e-09 2.762863386958043359e-12
1.330362529899404168e-04 1.045410690441652599e-09 2.959162624160981966e-12
1.345767401963458062e-04 1.064379208815147934e-09 3.140827024586499718e-12
1.361350654038956073e-04 1.081542601835215965e-09 3.302042470568850962e-12
1.377114351669082826e-04 1.096376358975977502e-09 3.435139247229631384e-12
1.393060584314884456e-04 1.108683540463078860e-09 3.534673347867811349e-12
1.409191465632227234e-04 1.117872468375676628e-09 3.595339031848970400e-12
1.425509133751954596e-04 1.124037359010614030e-09 3.613610063553714629e-12
1.442015751563302745e-04 1.127298518662925456e-09 3.589169648315984615e-12
1.458713507000582675e-04 1.127881767519035393e-09 3.523084004384297823e-12
1.475604613333193413e-04 1.126019536748283967e-09 3.419755227603083297e-12
1.492691309458980017e-04 1.122582231476090023e-09 3.282675763494854607e-12
1.509975860201007907e-04 1.118500998650767011e-09 3.121352305374015874e-12
1.527460556607755941e-04 1.114346928655311784e-09 2.949130894442637633e-12
1.545147716256795760e-04 1.111211976190928056e-09 2.769665820208138536e-12
1.563039683561977700e-04 1.109694643973455866e-09 2.599368530887645839e-12
1.581138830084189426e-04 1.110435639916443135e-09 2.453280780113770160e-12
1.599447554845698401e-04 1.114087817453602068e-09 2.341309059877232937e-12
1.617968284648140247e-04 1.120931671264465890e-09 2.273451579325982010e-12
1.636703474394191234e-04 1.130685124975028914e-09 2.257561411698098008e-12
1.655655607412955237e-04 1.143736886324406429e-09 2.298447753205436833e-12
1.674827195789137821e-04 1.159161850304714444e-09 2.391562636905939995e-12
1.694220780696013395e-04 1.176363961096282442e-09 2.549807112835561856e-12
1.713838932732252138e-04 1.194533406797470894e-09 2.746672386389618487e-12
1.733684252262658175e-04 1.212530730144215936e-09 2.983244644433929908e-12
1.753759369762839622e-04 1.229672775429088993e-09 3.237904835551470783e-12
1.774066946167876340e-04 1.248604393739954165e-09 3.495226463938537584e-12
1.794609673225026631e-04 1.260325675169452081e-09 3.733582748943408340e-12
1.815390273850506729e-04 1.267016886155965999e-09 3.942301517130077985e-12
1.836411502490422785e-04 1.273397908264780384e-09 4.097983842830838630e-12
1.857676145485863753e-04 1.276446626558563610e-09 4.192009693771910645e-12
1.879187021442221307e-04 1.276397063252099860e-09 4.213329115150222537e-12
1.900946981602805912e-04 1.274453361674820250e-09 4.162820230340796997e-12
1.922958910226767713e-04 1.271634541789034130e-09 4.041423826960372155e-12
1.945225724971402217e-04 1.268804902070772334e-09 3.865440024652351246e-12
1.967750377278886019e-04 1.267211249138326159e-09 3.670947136631445602e-12
1.990535852767486491e-04 1.267962473309617744e-09 3.422639737438500146e-12
2.013585171627295032e-04 1.271434047365737120e-09 3.206541684409892289e-12
2.036901389020562758e-04 1.278416721512938451e-09 3.022546250908688333e-12
2.060487595486651640e-04 1.289052889230686938e-09 2.900488194277546816e-12
2.084346917351677527e-04 1.302463562262812335e-09 2.856652702138773917e-12
2.108482517142911186e-04 1.318814831882399129e-09 2.900927361522863348e-12
2.132897594007962582e-04 1.335320410593219052e-09 3.034324552049493186e-12
2.157595384138824807e-04 1.351566318721021467e-09 3.245461621548709574e-12
2.182579161200830003e-04 1.367395011834234498e-09 3.513887738984346520e-12
2.207852236766562250e-04 1.380013606703801506e-09 3.809794000530910157e-12
2.233417960754814700e-04 1.388528745214730560e-09 4.107587647602731353e-12
2.259279721874612925e-04 1.392886228740400685e-09 4.362409916645120531e-12
2.285440948074375753e-04 1.395360980110532268e-09 4.544353407305262202e-12
2.311905106996301417e-04 1.394200431999572497e-09 4.623901057931451109e-12
2.338675706435990400e-04 1.391199813626913081e-09 4.618854066256355375e-12
2.365756294807400931e-04 1.389389828682863110e-09 4.497711250659142730e-12
2.393150461613192145e-04 1.388418445628999976e-09 4.295666631902387702e-12
2.420861837920496669e-04 1.389946381674510669e-09 4.039519753900450216e-12
2.448894096842230486e-04 1.395409105682289678e-09 3.770401500333247387e-12
2.477250954023952571e-04 1.404519582167394374e-09 3.539423675887411295e-12
2.505936168136362096e-04 1.416778496656006237e-09 3.382537325673727214e-12
2.534953541373522129e-04 1.432028938812057694e-09 3.334336694926679787e-12
2.564306919956823639e-04 1.447620729381548857e-09 3.409296359164029808e-12
2.594000194644804458e-04 1.461953149307536786e-09 3.601412965626680306e-12
2.624037301248860888e-04 1.475045700127043427e-09 3.884492576573598037e-12
2.654422221154941939e-04 1.483362941759057476e-09 4.211387983306734245e-12
2.685158981851263043e-04 1.487470880971528618e-09 4.535442435386709542e-12
2.716251657462165044e-04 1.488937564507059952e-09 4.783850315309079749e-12
2.747704369288123854e-04 1.487105182798131238e-09 4.932848327497981821e-12
2.779521286352018127e-04 1.483782745305929177e-09 4.940985696546854434e-12
2.811706625951744943e-04 1.484188686528253048e-09 4.812129325310542937e-12
2.844264654219206255e-04 1.484948048008231518e-09 4.574417204641005687e-12
2.877199686685782661e-04 1.490708691668041211e-09 4.278987553465187950e-12
2.910516088854357393e-04 1.500325048009216150e-09 3.995410613564692709e-12
2.944218276777944713e-04 1.512810173134687375e-09 3.790067934375607001e-12
2.978310717645051204e-04 1.527044887847549074e-09 3.718254429751193732e-12
3.012797930371790027e-04 1.541184620732140818e-09 3.805522988215227122e-12
3.047684486200846234e-04 1.552446419698105884e-09 4.035909505774604028e-12
3.082975009307410805e-04 1.547422906743907283e-09 4.367100509507778879e-12
3.118674177412095313e-04 1.562799847630639957e-09 4.721498489117148156e-12
3.154786722400964379e-04 1.564783843333151360e-09 5.017533684451143161e-12
3.191317430952743915e-04 1.562513613333546314e-09 5.177264671953577377e-12
3.228271145173277810e-04 1.563345326490457809e-09 5.170475506796009914e-12
3.265652763237360972e-04 1.561320490979472683e-09 4.994660173710100435e-12
3.303467240037981823e-04 1.565942589245686793e-09 4.702273279984466969e-12
3.341719587843073962e-04 1.575209876037954653e-09 4.381523918779464810e-12
3.380414876959908759e-04 1.587620388906070208e-09 4.130784905277049100e-12
3.419558236407145655e-04 1.601132052036019530e-09 4.032495509555018378e-12
3.459154854594680595e-04 1.612620254531929261e-09 4.126202933790772295e-12
3.499209980011365223e-04 1.619688671366536790e-09 4.394184099178536654e-12
3.539728921920689544e-04 1.626649606370240154e-09 4.760119263430096436e-12
3.580717051064509363e-04 1.626045001989555326e-09 5.115225715607815864e-12
3.622179800374948611e-04 1.625288449698939139e-09 5.343040053166548207e-12
3.664122665694521551e-04 1.623752447558195565e-09 5.374685617756150256e-12
3.706551206504588155e-04 1.623601086798912931e-09 5.202364392443795753e-12
3.749471046662278739e-04 1.631128983792219793e-09 4.890401391902280096e-12
3.792887875145917642e-04 1.641029740286468516e-09 4.553611835553294518e-12
3.836807446809092350e-04 1.653053978584197810e-09 4.331543598155983787e-12
3.881235583143459109e-04 1.664035211523266889e-09 4.314393957366618519e-12
3.926178173050359310e-04 1.674375956658621448e-09 4.520514030932724734e-12
3.971641173621406028e-04 1.677969567116352943e-09 4.878449580234501744e-12
4.017630610928087857e-04 1.680836736549498083e-09 5.259532348320591974e-12
4.064152580820496862e-04 1.674420340893674931e-09 5.509748811649776011e-12
4.111213249735355723e-04 1.675838301466627778e-09 5.508142887272316158e-12
4.158818855513353842e-04 1.679803944913189490e-09 5.302541559315786241e-12
4.206975708225973477e-04 1.687085564081116703e-09 4.948729474312944669e-12
4.255690191011882867e-04 1.698491662133153367e-09 4.628040051128796762e-12
4.304968760923003155e-04 1.708770607887677583e-09 4.511350088564644666e-12
4.354817949780401981e-04 1.717626352374144292e-09 4.652606580737833987e-12
4.405244365040072280e-04 1.719328897710423991e-09 5.001881701644318191e-12
4.456254690668729119e-04 1.716182070747675197e-09 5.387673326841151072e-12
4.507855688029784470e-04 1.720958965089429455e-09 5.641330521164096983e-12
4.560054196779547643e-04 1.719894452627200811e-09 5.622481917428999616e-12
4.612857135773813463e-04 1.725655773757163727e-09 5.352671176628139764e-12
4.666271503984952018e-04 1.735173274813869189e-09 4.979390637005122452e-12
4.720304381429617636e-04 1.744816513758775025e-09 4.737018580266648388e-12
4.774962930107179535e-04 1.754613143113494106e-09 4.747642779657254788e-12
4.830254394949064418e-04 1.760551044443394185e-09 5.052539067488646768e-12
4.886186104779055486e-04 1.758599836832512247e-09 5.460917113755926407e-12
4.942765473284694211e-04 1.755623664578296988e-09 5.739742631142636198e-12
4.999999999999999020e-04 1.758943499698196129e-09 5.731117718519189967e-12
5.057897271299491120e-04 1.762439379692945278e-09 5.449387660568527949e-12
5.116464961403767615e-04 1.771888866192526829e-09 5.067045577506296442e-12
5.175710833396719507e-04 1.782201880249054784e-09 4.865004905550869385e-12
5.235642740254497010e-04 1.790126178310370112e-09 4.988140871855315269e-12
5.296268625886442309e-04 1.790330329933081276e-09 5.365808489629100766e-12
5.357596526188034176e-04 1.791364051691126874e-09 5.743647458495111579e-12
5.419634570106019031e-04 1.789419824369055121e-09 5.864145062014181020e-12
5.482390980715924666e-04 1.793219106104649437e-09 5.648785351140081417e-12
5.545874076312003274e-04 1.802495467915247410e-09 5.254716708091594008e-12
5.610092271509814097e-04 1.812411076090076893e-09 5.010190353762847717e-12
5.675054078361570394e-04 1.814064346340668755e-09 5.113268827887504765e-12
5.740768107484413340e-04 1.816697153768608674e-09 5.510299031391868849e-12
5.807243069201712630e-04 1.818504276091996276e-09 5.882605852378637157e-12
5.874487774697650716e-04 1.821340524635489422e-09 5.912648501099303038e-12
5.942511137185093944e-04 1.822901736096110427e-09 5.621286075991417896e-12
6.011322173087065013e-04 1.832087479601607247e-09 5.238262592404192511e-12
6.080930003231838424e-04 1.849972867622086871e-09 5.137666067078981073e-12
6.151343854061905054e-04 1.842720652737854733e-09 5.420808609158427219e-12
6.222573058856920762e-04 1.843602840934490297e-09 5.841569982107453391e-12
6.294627058970836365e-04 1.843016869934102063e-09 6.027932243621437661e-12
6.367515405083307633e-04 1.845890639504500284e-09 5.776183167157057483e-12
6.441247758465673719e-04 1.854698037202505745e-09 5.383370373455201963e-12
6.515833892261499666e-04 1.850369049574060919e-09 5.242315550518900009e-12
6.591283692782036463e-04 1.854901866919694099e-09 5.521228737873434454e-12
6.667607160816619227e-04 1.861010238790313290e-09 5.960732967486224417e-12
6.744814412958265908e-04 1.857857190332063516e-09 6.071251636695553668e-12
6.822915682944618535e-04 1.865755003540956339e-09 5.762454976954668977e-12
6.901921323014425418e-04 1.867311075161188724e-09 5.388951946110913707e-12
6.981841805279687899e-04 1.876181905451680459e-09 5.394167648388141321e-12
7.062687723113776324e-04 1.862425270676029042e-09 5.781429627554611329e-12
7.144469792555517389e-04 1.866957046116890181e-09 6.116759515953936674e-12
7.227198853729638849e-04 1.882743134862473841e-09 5.990242526365261170e-12
7.310885872283591101e-04 1.892694303417306585e-09 5.586758581710828161e-12
7.395541940841035122e-04 1.899527401704085485e-09 5.429382566793944138e-12
7.481178280472162642e-04 1.893450073186591728e-09 5.750592952446352050e-12
7.567806242181033963e-04 1.895892458063015513e-09 6.140709350847270461e-12
7.655437308410150245e-04 1.896222182654971508e-09 6.094555108715973268e-12
7.744083094562404478e-04 1.902559797590764948e-09 5.724617104964764127e-12
7.833755350540748310e-04 1.912021646648448918e-09 5.511023778323308209e-12
7.924465962305569326e-04 1.913354811978997291e-09 5.831358880524324167e-12
8.016226953450208102e-04 1.912673829293898440e-09 6.231805300434058980e-12
8.109050486794647586e-04 1.914791332594058349e-09 6.085805467114533778e-12
8.202948865997692447e-04 1.905264020285683176e-09 5.659057455196803460e-12
8.297934537187797799e-04 1.927951729569152017e-09 5.619381697013558915e-12
8.394020090612802068e-04 1.911431915294452967e-09 6.027555185038611264e-12
8.491218262308720130e-04 1.918536600916608790e-09 6.219516280451150942e-12
8.589541935787945847e-04 1.932032155454054101e-09 5.936158653423108493e-12
8.689004143746880239e-04 1.931389911009821780e-09 5.636240182839740292e-12
8.789618069793464538e-04 1.894731380305495664e-09 5.885969587879807950e-12
8.891397050194613759e-04 1.909065473225728306e-09 6.265488765223485993e-12
8.994354575643935708e-04 1.926244436222390310e-09 6.123554818467623085e-12
9.098504293049911040e-04 1.938775845673742536e-09 5.795975852329555210e-12
9.203860007344779421e-04 1.950657999890568293e-09 5.848580947704561934e-12
9.310435683314336689e-04 1.941590886845042719e-09 6.187281496658606666e-12
9.418245447449009487e-04 1.989309637659552922e-09 6.175201289373524624e-12
9.527303589816240974e-04 1.948831281326002053e-09 5.812081491627248019e-12
9.637624565954680924e-04 1.962417046479175436e-09 5.829961082678359920e-12
9.749222998790225752e-04 1.947076979234029564e-09 6.293835191511985326e-12
9.862113680574266256e-04 1.957906682660978830e-09 6.186489947824856482e-12
9.976311574844392432e-04 1.950616271375456355e-09 5.832001969011599822e-12
1.009183181840779715e-03 1.971536532142690244e-09 5.977838254240906635e-12
1.020868972334764650e-03 1.965717368842689723e-09 6.502499112726373346e-12
1.032690077905264441e-03 1.965325316602504643e-09 6.243855168669186970e-12
1.044648065427020373e-03 1.964793145790433160e-09 5.840048206731629461e-12
1.056744519918323758e-03 1.972675450778429537e-09 6.156850610662628612e-12
1.068981044751116105e-03 1.985722566712644159e-09 6.322995660092840539e-12
1.081359261863509879e-03 1.985011968523949386e-09 6.013066598842201598e-12
1.093880811974775810e-03 1.977682007911634684e-09 5.960881622845668346e-12
1.106547354802818028e-03 1.976063637422526284e-09 6.469363611931169014e-12
1.119360569284169951e-03 2.007350485587173838e-09 6.269546758960240741e-12
1.132322153796529608e-03 1.985778189316557471e-09 5.917003154661186311e-12
1.145433826383887273e-03 1.990269528680094128e-09 6.298787536766206236e-12
1.158697324984239805e-03 1.979433558633830357e-09 6.408468972069563511e-12
1.172114407659961268e-03 1.990295616574718674e-09 6.003731478438622874e-12
1.185686852830827474e-03 1.989476748355300490e-09 6.106758664484276798e-12
1.199416459509744732e-03 1.996876081567203837e-09 6.474523533635243132e-12
1.213305047541207108e-03 2.009344057731812757e-09 6.114505837089232917e-12
1.227354457842515364e-03 1.996473652388825395e-09 6.105834537665813603e-12
1.241566552647785111e-03 2.005453101907459977e-09 6.484877776758244748e-12
1.255943215754791020e-03 2.007295999352673116e-09 6.175388950462586826e-12
1.270486352774653164e-03 1.996584437637547019e-09 6.108164930170245679e-12
1.285197891384432054e-03 2.009272419255491185e-09 6.501769854955840177e-12
1.300079781582635843e-03 1.998362270059565786e-09 6.202014627553346597e-12
1.315133995947690652e-03 2.016234858102692017e-09 6.176368889868563455e-12
1.330362529899404168e-03 1.992332287721772075e-09 6.482970335731638892e-12
1.345767401963456761e-03 2.020059820322693265e-09 6.135562773228983031e-12
1.361350654038956127e-03 1.997129455708821263e-09 6.224436129234051461e-12
1.377114351669082772e-03 2.031552538219733845e-09 6.581351256503480109e-12
1.393060584314885974e-03 2.018888908932891668e-09 6.080362819136622486e-12
1.409191465632227396e-03 2.029975654214550892e-09 6.488906875624555166e-12
1.425509133751954758e-03 2.020829236113235741e-09 6.501966431212949913e-12
1.442015751563302745e-03 2.026638735024625781e-09 6.159118978522332884e-12
1.458713507000582730e-03 2.015092955313342580e-09 6.551160860692805262e-12
1.475604613333191895e-03 2.025366254772890503e-09 6.250319975487698857e-12
1.492691309458979909e-03 2.026289866839566300e-09 6.357862070493619097e-12
1.509975860201007852e-03 2.035707963879116221e-09 6.529497038212145056e-12
1.527460556607757730e-03 2.028723472052259450e-09 6.211990097202179239e-12
1.545147716256796032e-03 2.003341770428893620e-09 6.559686702177639805e-12
1.563039683561977646e-03 2.007319832552053525e-09 6.293818546822964770e-12
1.581138830084189697e-03 2.045319804924452338e-09 6.403897093933666756e-12
1.599447554845698618e-03 2.032102014772609729e-09 6.576339741265378328e-12
1.617968284648140355e-03 2.027829145676213361e-09 6.272394420434542029e-12
1.636703474394191234e-03 2.034271434241951141e-09 6.591020389721778592e-12
1.655655607412955237e-03 2.032344466433620190e-09 6.232519407230570962e-12
1.674827195789139501e-03 2.047165148808539570e-09 6.566884014538627290e-12
1.694220780696013232e-03 2.041151452299655342e-09 6.326329763416950337e-12
1.713838932732252192e-03 2.044928370330699227e-09 6.426852187203248021e-12
1.733684252262658121e-03 2.025544507393786790e-09 6.506677928803674847e-12
1.753759369762839622e-03 2.039127699700235805e-09 6.430307369509440445e-12
1.774066946167876394e-03 2.057350898547515937e-09 6.565346587695862211e-12
1.794609673225024734e-03 2.048171448768774764e-09 6.355246123213681850e-12
1.815390273850506784e-03 2.040001197231532324e-09 6.614222117484875593e-12
1.836411502490423002e-03 2.048487019229979415e-09 6.334657896272674470e-12
1.857676145485863753e-03 2.036109351133534927e-09 6.651734551354168750e-12
1.879187021442221307e-03 2.045186104623780438e-09 6.346992731761890666e-12
1.900946981602806129e-03 2.035794668876265189e-09 6.635251242161972900e-12
1.922958910226767659e-03 2.046518657881176766e-09 6.337114597870253952e-12
1.945225724971402217e-03 2.046342783716839473e-09 6.655677202785375787e-12
1.967750377278885965e-03 2.065301673552740408e-09 6.371532369596906091e-12
1.990535852767486274e-03 2.048701566131545038e-09 6.657698326207423219e-12
2.013585171627295303e-03 2.057597649092107326e-09 6.456404411937344676e-12
2.036901389020564709e-03 2.051900137265525481e-09 6.622623729156927139e-12
2.060487595486651911e-03 2.052353525319687251e-09 6.488082369085648639e-12
2.084346917351677202e-03 2.054620818162141181e-09 6.574235813634181822e-12
2.108482517142911024e-03 2.052367865222962314e-09 6.617713948000101784e-12
2.132897594007962527e-03 2.040436485453404571e-09 6.484592394999432795e-12
2.157595384138824915e-03 2.059920841357102783e-09 6.659394492582305248e-12
2.182579161200830058e-03 2.059330720647689516e-09 6.433127556169099148e-12
2.207852236766562250e-03 2.066986454509278142e-09 6.665974709537790711e-12
2.233417960754816977e-03 2.064375386394308748e-09 6.485505844150420568e-12
2.259279721874612925e-03 2.056965804195667365e-09 6.585612225478291661e-12
2.285440948074375644e-03 2.073970202536866248e-09 6.711932733891719445e-12
2.311905106996301525e-03 2.072338607570877541e-09 6.467182371823054603e-12
2.338675706435990129e-03 2.050790399547789697e-09 6.697490036410146721e-12
2.365756294807401256e-03 2.060134986948672269e-09 6.534053340169392535e-12
2.393150461613189652e-03 2.060728169133572658e-09 6.533685900556370906e-12
2.420861837920496723e-03 2.058051517497377558e-09 6.720966902689369770e-12
2.448894096842230486e-03 2.066701531073624910e-09 6.489331980979489634e-12
2.477250954023952571e-03 2.041994113419929237e-09 6.634019315010021858e-12
2.505936168136362312e-03 2.062891763938908428e-09 6.693393547388164339e-12
2.534953541373521912e-03 2.081163012872621504e-09 6.536781957624529477e-12
2.564306919956823531e-03 2.075054481311873178e-09 6.664738336320550289e-12
2.594000194644804566e-03 2.067333591791427742e-09 6.734599692853585850e-12
2.624037301248860997e-03 2.067994403836169791e-09 6.535481377860240231e-12
2.654422221154942047e-03 2.062700511338721840e-09 6.625904513417879320e-12
2.685158981851263043e-03 2.071328056400271443e-09 6.759109181340434505e-12
2.716251657462167863e-03 2.067316343102374888e-09 6.607731669289850572e-12
2.747704369288123637e-03 2.067109311141254408e-09 6.574416158643616106e-12
2.779521286352018127e-03 2.069313974741812309e-09 6.729608465630301409e-12
2.811706625951745052e-03 2.069239169830071465e-09 6.731662967138623401e-12
2.844264654219206146e-03 2.054970015787768923e-09 6.592962673275814048e-12
2.877199686685782878e-03 2.070453432553730508e-09 6.604632275354526461e-12
2.910516088854357610e-03 2.062219333638305588e-09 6.732159330050549823e-12
2.944218276777944496e-03 2.069363849490597739e-09 6.764344044554804675e-12
2.978310717645054131e-03 2.068550252146858703e-09 6.618915040716311468e-12
3.012797930371790243e-03 2.067843158477177222e-09 6.573835393680540814e-12
3.047684486200845800e-03 2.073972084161351053e-09 6.658571951853582390e-12
3.082975009307410696e-03 2.071028092433185276e-09 6.799239479527529175e-12
3.118674177412095096e-03 2.074986551084624679e-09 6.722307752298637758e-12
3.154786722400964704e-03 2.075619160112072938e-09 6.648838582516227684e-12
3.191317430952740879e-03 2.075878386466962437e-09 6.603971816187782022e-12
3.228271145173277051e-03 2.079994041845200246e-09 6.627767830067738680e-12
3.265652763237360864e-03 2.074867088075427773e-09 6.713182475429776563e-12
3.303467240037982148e-03 2.076420530702060275e-09 6.749760375966746260e-12
3.341719587843074504e-03 2.073630070159464814e-09 6.815691785916711920e-12
3.380414876959908759e-03 2.066085203481593651e-09 6.785744739414176344e-12
3.419558236407146089e-03 2.066347743621062817e-09 6.724630265863355088e-12
3.459154854594680487e-03 2.072862957014625106e-09 6.660780859054416227e-12
3.499209980011365115e-03 2.087354434153050020e-09 6.654798651477731008e-12
3.539728921920689327e-03 2.075242970700175463e-09 6.618824379654698348e-12
3.580717051064509580e-03 2.075607621465128127e-09 6.649323121028261159e-12
3.622179800374953056e-03 2.078086151471054920e-09 6.670693058719805880e-12
3.664122665694521767e-03 2.078447021504361900e-09 6.668392268500261652e-12
3.706551206504588372e-03 2.076742505614827528e-09 6.724096849120428516e-12
3.749471046662278956e-03 2.074519590187985915e-09 6.722149523435685661e-12
3.792887875145917100e-03 2.083639465956194368e-09 6.725407553046049708e-12
3.836807446809092133e-03 2.072182647768486521e-09 6.719148873212387024e-12
3.881235583143458675e-03 2.071360587089392663e-09 6.711535664428833542e-12
3.926178173050358551e-03 2.075570473711472890e-09 6.715302131526828523e-12
3.971641173621410364e-03 2.079955030070943465e-09 6.695067254482844840e-12
4.017630610928087966e-03 2.070524766851758810e-09 6.686674999183567768e-12
4.064152580820497296e-03 2.073649968857569524e-09 6.681893998572016664e-12
4.111213249735355506e-03 2.082067694817597366e-09 6.699916985298821770e-12
4.158818855513353625e-03 2.077247826386448764e-09 6.723543966346747409e-12
4.206975708225973477e-03 2.066507853840256995e-09 6.753444017859189939e-12
4.255690191011879397e-03 2.073248085648087842e-09 6.830869339701121526e-12
4.304968760923003589e-03 2.079085580272104227e-09 6.866849200174978497e-12
4.354817949780402306e-03 2.076833402563507993e-09 6.821967568685703541e-12
4.405244365040072822e-03 2.078341423774507645e-09 6.761369546129406273e-12
4.456254690668728577e-03 2.077702358959435470e-09 6.716689870335711145e-12
4.507855688029784903e-03 2.069097791563229184e-09 6.738608618579507808e-12
4.560054196779547535e-03 2.072007168346557949e-09 6.818374575201013746e-12
4.612857135773813788e-03 2.077506079059289785e-09 6.852222945343047211e-12
4.666271503984952343e-03 2.074224837803384609e-09 6.802880244095645707e-12
4.720304381429616877e-03 2.076514005325264635e-09 6.721941655693568243e-12
4.774962930107178559e-03 2.078195789187609978e-09 6.789190033011774233e-12
4.830254394949069947e-03 2.068834028031675489e-09 6.861829915608710748e-12
4.886186104779055052e-03 2.080986262523782388e-09 6.793742698358840174e-12
4.942765473284694427e-03 2.074685074260797159e-09 6.741208944510409311e-12
4.999999999999999237e-03 2.072215162849247250e-09 6.855271052319430523e-12
5.057897271299491120e-03 2.076121512783627337e-09 6.827091128691787032e-12
5.116464961403772820e-03 2.070794692132879054e-09 6.749480291622312944e-12
5.175710833396719723e-03 2.075693889246539020e-09 6.851806982277467511e-12
5.235642740254497010e-03 2.070128322362205036e-09 6.814342262604242443e-12
5.296268625886442309e-03 2.071285876353918181e-09 6.786051663510317813e-12
5.357596526188034176e-03 2.070218764008494263e-09 6.870780635710746030e-12
5.419634570106018380e-03 2.074020232988754338e-09 6.757890070146339676e-12
5.482390980715924449e-03 2.073863721056993450e-09 6.882274080614437361e-12
5.545874076312003707e-03 2.068555909396258157e-09 6.784983064198612343e-12
5.610092271509814314e-03 2.071183522659333807e-09 6.857981020073211713e-12
5.675054078361576465e-03 2.073229495397027058e-09 6.805464506600793989e-12
5.740768107484413990e-03 2.072019841158167998e-09 6.854241717923779517e-12
5.807243069201712196e-03 2.073331965205979016e-09 6.800760349748992279e-12
5.874487774697644861e-03 2.076230477049113859e-09 6.872302613778261025e-12
5.942511137185094161e-03 2.069661994308524530e-09 6.787762203028970417e-12
6.011322173087065013e-03 2.071027405241374148e-09 6.885986071149634576e-12
6.080930003231838424e-03 2.071219413326093519e-09 6.789069444213169597e-12
6.151343854061904620e-03 2.069177291110795003e-09 6.857640808196032167e-12
6.222573058856927485e-03 2.072180677887191605e-09 6.862527861520520634e-12
6.294627058970835715e-03 2.072342518804243793e-09 6.789997527344853606e-12
6.367515405083306983e-03 2.063794532301122249e-09 6.875305425693418781e-12
6.441247758465666780e-03 2.065717395325915628e-09 6.870914741980081042e-12
6.515833892261499449e-03 2.061433682989657628e-09 6.805980696961919945e-12
6.591283692782035596e-03 2.069481608463709821e-09 6.846857995950551675e-12
6.667607160816618576e-03 2.062179358547950660e-09 6.900183774905784154e-12
6.744814412958264824e-03 2.067091358994471392e-09 6.866046946935564490e-12
6.822915682944624173e-03 2.065412840533942646e-09 6.811790167665231684e-12
6.901921323014425201e-03 2.065763542741781709e-09 6.823233765424583438e-12
6.981841805279686598e-03 2.063115095420705273e-09 6.881721061872963260e-12
7.062687723113769168e-03 2.074937673884189142e-09 6.902299021815853076e-12
7.144469792555517389e-03 2.065494884085038789e-09 6.900633932500806036e-12
7.227198853729638849e-03 2.062313270945969511e-09 6.879460794403318905e-12
7.310885872283589583e-03 2.063236394897778436e-09 6.841037548545261023e-12
7.395541940841033821e-03 2.066494881526569048e-09 6.836131274787756483e-12
7.481178280472170448e-03 2.064176735054470498e-09 6.827610231581197541e-12
7.567806242181042420e-03 2.062581083031022593e-09 6.831988679812253970e-12
7.655437308410150896e-03 2.061428249599586520e-09 6.835286819883569473e-12
7.744083094562405345e-03 2.057493458890264212e-09 6.844734829160667202e-12
7.833755350540741805e-03 2.062907568925421654e-09 6.848504131043584421e-12
7.924465962305568892e-03 2.063990237131308951e-09 6.875243496387369147e-12
8.016226953450207235e-03 2.062615775486062448e-09 6.896960118131399760e-12
8.109050486794647586e-03 2.062161803158239681e-09 6.915916487195607098e-12
8.202948865997691796e-03 2.060787057277217976e-09 6.911313972473042629e-12
8.297934537187806256e-03 2.052390674898339907e-09 6.879656566042811156e-12
8.394020090612802285e-03 2.058751034576984703e-09 6.843535292392092196e-12
8.491218262308719913e-03 2.059448034900560060e-09 6.866656569567439817e-12
8.589541935787937607e-03 2.059132824303813956e-09 6.919179476527794622e-12
8.689004143746880890e-03 2.058935785420888589e-09 6.895927406060096212e-12
8.789618069793463453e-03 2.060402183222370823e-09 6.851059885367754590e-12
8.891397050194612892e-03 2.052173603198380969e-09 6.907625948305727922e-12
8.994354575643936575e-03 2.058113775786661174e-09 6.900285990724030122e-12
9.098504293049921449e-03 2.054682345402631181e-09 6.858421120239434226e-12
9.203860007344780506e-03 2.056653455150111890e-09 6.921216809151694498e-12
9.310435683314336255e-03 2.058248709449919354e-09 6.863280430465920284e-12
9.418245447449000163e-03 2.059793234784174532e-09 6.914534634071940867e-12
9.527303589816240106e-03 2.057875191061862307e-09 6.875209998512304101e-12
9.637624565954681574e-03 2.052011650527590207e-09 6.921133809439248560e-12
9.749222998790225969e-03 2.054224448324830361e-09 6.867964079858509628e-12
9.862113680574265823e-03 2.059746788368224131e-09 6.932020142180022975e-12
9.976311574844402841e-03 2.053250313826275352e-09 6.880023056392062563e-12
1.009183181840780756e-02 2.054181024266653463e-09 6.895860730004148746e-12
1.020868972334764736e-02 2.053489405537253648e-09 6.930755205841136199e-12
1.032690077905264354e-02 2.052088789782103959e-09 6.884519711028660632e-12
1.044648065427019289e-02 2.049978914450446237e-09 6.877648583879623395e-12
1.056744519918323758e-02 2.050857766171277779e-09 6.917948629889957795e-12
1.068981044751116105e-02 2.050225148302638997e-09 6.933076359005211692e-12
1.081359261863509835e-02 2.050049267009772922e-09 6.913528281563511493e-12
1.093880811974775810e-02 2.049049837320079760e-09 6.891464982044573670e-12
1.106547354802819155e-02 2.050252598438658160e-09 6.881100230800955396e-12
1.119360569284169951e-02 2.049186231977554330e-09 6.880624419232416887e-12
1.132322153796529694e-02 2.048980797866251977e-09 6.885554600668569647e-12
1.145433826383886015e-02 2.049499556001546758e-09 6.885772596272237806e-12
1.158697324984239718e-02 2.048468326052796961e-09 6.887467256551164592e-12
1.172114407659961138e-02 2.046169651176712883e-09 6.886460525502536882e-12
1.185686852830827517e-02 2.043092248811257209e-09 6.897441103281996974e-12
1.199416459509744862e-02 2.047140455617914346e-09 6.919595288243606114e-12
1.213305047541208236e-02 2.045005387453502245e-09 6.941529109633282904e-12
1.227354457842515581e-02 2.046299278303737066e-09 6.942073867548206066e-12
1.241566552647785024e-02 2.044058611623827800e-09 6.899554477903840742e-12
1.255943215754789719e-02 2.042933357051367233e-09 6.911246228798080463e-12
1.270486352774653077e-02 2.041972150705591674e-09 6.946150574035126300e-12
1.285197891384432141e-02 2.042063340925414377e-09 6.899508399472518714e-12
1.300079781582635929e-02 2.038744345337191649e-09 6.923162051147072650e-12
1.315133995947690565e-02 2.039947421114436303e-09 6.928665868479200574e-12
1.330362529899405295e-02 2.040487269081723528e-09 6.917724144349659396e-12
1.345767401963457975e-02 2.041174427431513601e-09 6.928746547784134160e-12
1.361350654038956214e-02 2.033115593162166421e-09 6.932163269354089726e-12
1.377114351669082859e-02 2.038473015890355066e-09 6.905049321941759351e-12
1.393060584314884283e-02 2.038602252287516973e-09 6.948343232584606546e-12
1.409191465632227136e-02 2.037244056178668533e-09 6.921607645716620777e-12
1.425509133751954628e-02 2.036876313820789853e-09 6.907496078622193163e-12
1.442015751563302701e-02 2.038401027922476076e-09 6.936968662653920329e-12
1.458713507000582686e-02 2.035604819072660479e-09 6.954604473929949416e-12
1.475604613333193239e-02 2.036195218482885684e-09 6.950100142022621429e-12
1.492691309458979952e-02 2.036029300114498582e-09 6.939846378218437067e-12
1.509975860201007852e-02 2.032864471200882002e-09 6.934858476177698120e-12
1.527460556607755995e-02 2.035224868168396624e-09 6.934891805987109421e-12
1.545147716256795728e-02 2.032958414367861183e-09 6.939849440818719540e-12
1.563039683561977602e-02 2.032963802624849173e-09 6.953543605324523165e-12
1.581138830084189567e-02 2.032702112269315739e-09 6.954769538247947369e-12
1.599447554845698227e-02 2.029354804284511961e-09 6.934031200219815550e-12
1.617968284648142047e-02 2.031204373668711870e-09 6.917781090738241104e-12
1.636703474394191060e-02 2.029992623450114940e-09 6.935468568271076071e-12
1.655655607412955324e-02 2.029319578297850451e-09 6.955723241968939005e-12
1.674827195789137593e-02 2.028852494697668100e-09 6.919272728691755358e-12
1.694220780696013492e-02 2.028692405360314305e-09 6.951292130636540742e-12
1.713838932732252018e-02 2.028094825153133942e-09 6.928876474806668182e-12
1.733684252262658251e-02 2.026883032410479153e-09 6.955636075417503856e-12
1.753759369762839665e-02 2.027114590850821453e-09 6.920859148592962921e-12
1.774066946167878259e-02 2.022761650012242129e-09 6.951546517021600062e-12
1.794609673225026555e-02 2.025307669477435338e-09 6.949695764216377294e-12
1.815390273850506567e-02 2.024342922988382532e-09 6.925850588845805847e-12
1.836411502490422828e-02 2.024081696341810727e-09 6.931317678918132686e-12
1.857676145485861671e-02 2.025234590668991027e-09 6.947467874575193143e-12
1.879187021442221481e-02 2.023248232222194445e-09 6.956179789790040468e-12
1.900946981602805869e-02 2.022664206447231208e-09 6.940928129466710804e-12
1.922958910226767529e-02 2.022071000809124228e-09 6.952503253249948975e-12
1.945225724971402087e-02 2.021270276985646311e-09 6.945539974429668554e-12
1.967750377278888047e-02 2.021539056310520917e-09 6.931942447472643995e-12
1.990535852767486361e-02 2.019797880037727771e-09 6.932818942889774506e-12
2.013585171627295042e-02 2.019209066763506850e-09 6.960628881313329762e-12
2.036901389020562628e-02 2.017029015258288665e-09 6.945837590776401052e-12
2.060487595486651738e-02 2.016962734933678225e-09 6.935357671294318417e-12
2.084346917351677375e-02 2.016032993410863124e-09 6.963668890172016044e-12
2.108482517142910850e-02 2.015843844715333242e-09 6.935790610393485438e-12
2.132897594007962527e-02 2.015440041549404820e-09 6.957761730217920550e-12
2.157595384138826997e-02 2.015289152379364884e-09 6.960941024319213200e-12
2.182579161200830231e-02 2.014489604061955200e-09 6.934956364899528261e-12
2.207852236766562337e-02 2.010888626294295550e-09 6.946831509094454868e-12
2.233417960754814982e-02 2.013511966927226576e-09 6.962876186450411335e-12
2.259279721874612665e-02 2.015425176931843563e-09 6.965911250355893314e-12
2.285440948074375644e-02 2.011420793572481057e-09 6.965976179277274190e-12
2.311905106996301265e-02 2.011042746424837467e-09 6.965608799667230608e-12
2.338675706435990390e-02 2.011298406464987427e-09 6.955473391704576001e-12
2.365756294807403598e-02 2.010502201711656215e-09 6.940293623638705249e-12
2.393150461613192254e-02 2.009043618384750271e-09 6.983471695772748916e-12
2.420861837920496723e-02 2.008522930643806284e-09 6.968757460150693196e-12
2.448894096842230833e-02 2.007210534919224308e-09 6.931036243365060892e-12
2.477250954023949708e-02 2.007326275218029493e-09 6.965050889922961658e-12
2.505936168136362399e-02 2.006355612894818409e-09 6.943167144069237146e-12
2.534953541373521912e-02 2.005845128809896866e-09 6.969062598317553892e-12
2.564306919956823791e-02 2.005393892758938096e-09 6.963911906466232252e-12
2.594000194644804219e-02 2.004200577954884718e-09 6.946342381028576540e-12
2.624037301248863946e-02 2.003842820583829586e-09 6.950464143451785254e-12
2.654422221154941960e-02 2.003356496612604110e-09 6.952562570076826461e-12
2.685158981851263130e-02 2.002366487494533474e-09 6.944959828880873167e-12
2.716251657462165001e-02 2.001245053458759329e-09 6.950919361166621675e-12
2.747704369288124157e-02 2.000874224356728977e-09 6.960779813283373205e-12
2.779521286352018214e-02 2.000230070865545177e-09 6.971552531719428797e-12
2.811706625951744531e-02 2.000237086113439546e-09 6.954456048123071025e-12
2.844264654219205712e-02 2.000257357157591215e-09 6.966660648073541686e-12
2.877199686685785740e-02 1.998682689801980570e-09 6.954082957454373841e-12
2.910516088854357350e-02 1.996321449032270271e-09 6.970823680022691650e-12
2.944218276777944496e-02 1.997019630247796844e-09 6.956056694101062700e-12
2.978310717645051356e-02 1.996325787276514796e-09 6.953456115102392114e-12
3.012797930371789723e-02 1.995660395820988250e-09 6.953190184926773884e-12
3.047684486200846060e-02 1.995178283005633879e-09 6.961491360549334071e-12
3.082975009307410696e-02 1.994043417854684134e-09 6.955856853389899653e-12
3.118674177412094836e-02 1.992896994603052534e-09 6.953241680367065806e-12
3.154786722400967913e-02 1.993392419469741975e-09 6.964344193204917043e-12
3.191317430952744089e-02 1.987917851317001438e-09 6.971551930827918390e-12
3.228271145173277484e-02 1.991853567961161797e-09 6.980860162630603151e-12
3.265652763237360950e-02 1.990625341424779835e-09 6.973010813623928887e-12
3.303467240037978592e-02 1.986059209646006466e-09 6.974341811688776323e-12
3.341719587843074157e-02 1.989328609031132454e-09 6.953576534720272035e-12
3.380414876959909193e-02 1.988969091019135202e-09 6.943095117014496699e-12
3.419558236407145568e-02 1.991053731370426036e-09 6.994339915194272469e-12
3.459154854594680834e-02 1.987338150481993298e-09 6.955048888974537995e-12
3.499209980011368931e-02 1.986767044511460642e-09 6.959726321274378289e-12
3.539728921920690108e-02 1.985960193193144075e-09 6.971757197719565006e-12
3.580717051064509493e-02 1.984526036483376157e-09 6.970296892571702947e-12
3.622179800374948633e-02 1.985384777018895063e-09 6.960336377013093193e-12
3.664122665694521941e-02 1.983037116174157940e-09 6.969732563398006230e-12
3.706551206504588025e-02 1.983354454554896464e-09 6.976984563328307719e-12
3.749471046662278956e-02 1.982125751787735361e-09 6.969685910122536330e-12
3.792887875145917187e-02 1.981622221026888888e-09 6.961951555924561505e-12
3.836807446809096384e-02 1.981230209703376028e-09 6.967507607165483048e-12
3.881235583143459456e-02 1.980310821100939854e-09 6.979600570633644131e-12
3.926178173050358378e-02 1.973478304855442216e-09 6.974344226955881445e-12
3.971641173621406201e-02 1.978755058257402402e-09 6.961867775153092258e-12
4.017630610928087792e-02 1.977968873087976975e-09 6.977911023837831320e-12
4.064152580820497296e-02 1.977449146489630116e-09 6.962473089004793483e-12
4.111213249735355679e-02 1.979420967110068086e-09 6.963925088724193970e-12
4.158818855513353452e-02 1.976782877560179788e-09 6.966828650170345225e-12
4.206975708225977467e-02 1.974381556148655630e-09 6.968748177637738341e-12
4.255690191011883561e-02 1.974800993615211386e-09 6.964792338505739734e-12
4.304968760923003068e-02 1.974746692592704954e-09 6.969674541275263950e-12
4.354817949780401959e-02 1.972670580469410182e-09 6.979411512499412440e-12
4.405244365040068139e-02 1.972948221614419803e-09 6.966089124759470334e-12
4.456254690668728924e-02 1.971343710916335506e-09 6.973021085923464768e-12
4.507855688029784730e-02 1.968793737603235381e-09 6.979687399739675833e-12
4.560054196779547708e-02 1.970255722491749389e-09 6.980773027243893898e-12
4.612857135773813788e-02 1.969193863502083911e-09 6.978384556019735215e-12
4.666271503984956853e-02 1.967592518867999488e-09 6.971545367087375115e-12
4.720304381429617224e-02 1.966491655434467859e-09 6.964271799126607940e-12
4.774962930107178732e-02 1.966792060526369831e-09 6.981153090708863979e-12
4.830254394949064917e-02 1.967441683445172943e-09 6.974345358947979228e-12
4.886186104779054878e-02 1.965925187285941342e-09 6.967187648061957606e-12
4.942765473284694427e-02 1.965078771494127347e-09 6.967786422008253823e-12
4.999999999999999584e-02 1.967575210523708215e-09 6.968878726473388969e-12
5.057897271299491293e-02 1.964744533679922332e-09 6.977382178744412318e-12
5.116464961403772993e-02 1.961453119390158122e-09 6.988610419331407082e-12
5.175710833396719723e-02 1.966774105098870632e-09 6.968735567176498221e-12
5.235642740254497357e-02 1.961676883085128448e-09 6.969682848038174644e-12
5.296268625886442483e-02 1.958069722851362332e-09 6.970146714666511093e-12
5.357596526188034003e-02 1.964365701270299803e-09 6.972386262245061363e-12
5.419634570106018207e-02 1.960436864055032072e-09 6.969308160481346158e-12
5.482390980715925316e-02 1.958221629316399649e-09 6.977574915296980513e-12
5.545874076312003881e-02 1.957222629071865220e-09 6.926438363159370367e-12
5.610092271509819345e-02 1.957173735426744924e-09 6.992871971575297174e-12
5.675054078361576465e-02 1.956479610500764772e-09 6.980666734318747896e-12
5.740768107484413990e-02 1.955671274533785417e-09 6.981229815318622808e-12
5.807243069201711849e-02 1.955127354747930309e-09 6.982078375481530535e-12
5.874487774697650933e-02 1.954234162945582411e-09 6.971093914661759561e-12
5.942511137185094161e-02 1.953596360453495436e-09 6.967074941937994977e-12
6.011322173087065013e-02 1.952932283447985358e-09 6.975189508056279534e-12
6.080930003231839465e-02 1.968804811206654462e-09 6.986975616372409761e-12
6.151343854061905314e-02 1.950708253115615935e-09 6.980335111744343578e-12
6.222573058856927658e-02 1.951216172650215451e-09 6.980009423707125925e-12
6.294627058970836408e-02 1.949886042138090155e-09 6.971992151821295089e-12
6.367515405083307156e-02 1.947313076391465977e-09 6.978130896531818280e-12
6.441247758465666606e-02 1.947422141158938253e-09 6.968250170300919438e-12
6.515833892261499449e-02 1.952326377531928822e-09 6.981884147000348361e-12
6.591283692782036463e-02 1.947085230573415036e-09 6.971246585356174697e-12
6.667607160816618750e-02 1.945318365139429269e-09 6.979313584839716595e-12
6.744814412958265171e-02 1.945025710438260524e-09 6.979018915742560180e-12
6.822915682944624693e-02 1.944904933624559048e-09 6.974853184123456953e-12
6.901921323014424681e-02 1.944301851260436483e-09 6.977287815259071433e-12
6.981841805279687119e-02 1.943182219057738576e-09 6.977733653540926025e-12
7.062687723113769689e-02 1.942682785359927020e-09 6.988010011040047459e-12
7.144469792555517562e-02 1.941686899401586925e-09 6.983314157869566157e-12
7.227198853729638328e-02 1.937583215974896246e-09 6.972096156103761244e-12
7.310885872283590103e-02 1.939724912957187804e-09 6.981805986683597596e-12
7.395541940841035555e-02 1.931185915962273608e-09 7.006812585217268264e-12
7.481178280472171316e-02 1.939419810614126691e-09 6.982137203833034570e-12
7.567806242181042420e-02 1.936058167239146926e-09 6.978809954031696277e-12
7.655437308410151243e-02 1.938036577260702195e-09 6.959741620428285560e-12
7.744083094562405345e-02 1.936233834689453924e-09 6.982397271115284241e-12
7.833755350540749784e-02 1.930749143416944632e-09 6.976621557785021139e-12
7.924465962305569933e-02 1.935823257878651981e-09 6.981495477831501742e-12
8.016226953450207582e-02 1.934337720318759362e-09 6.981130710675421492e-12
8.109050486794648627e-02 1.932087367194550947e-09 6.978418629209211621e-12
8.202948865997693184e-02 1.931396954583175367e-09 7.064371666128071387e-12
8.297934537187805215e-02 1.931673435896487500e-09 6.976791854705475943e-12
8.394020090612802631e-02 1.931077738596655601e-09 6.975557359009784418e-12
8.491218262308720954e-02 1.932147018321000532e-09 6.983140054728626942e-12
8.589541935787936566e-02 1.918677046725807508e-09 6.985631842438541940e-12
8.689004143746879849e-02 1.928723823998496774e-09 6.997994024501086148e-12
8.789618069793464494e-02 1.927672666068524210e-09 6.977827812054684323e-12
8.891397050194613239e-02 1.928118647091896982e-09 6.953901335351286530e-12
8.994354575643935534e-02 1.925383143164169073e-09 7.155372779484757217e-12
9.098504293049920755e-02 1.925555580595055405e-09 6.960993665088557423e-12
9.203860007344780159e-02 1.925323338971700881e-09 6.945002408126212407e-12
9.310435683314335908e-02 1.924460605124534417e-09 6.984153392118685148e-12
9.418245447449000163e-02 1.924125483576299847e-09 6.979338786208361242e-12
9.527303589816239759e-02 1.922393074254075577e-09 6.967721237588165446e-12
9.637624565954681921e-02 1.907124496937160413e-09 6.982089610853337419e-12
9.749222998790225969e-02 1.919909419248202985e-09 6.987417728892344848e-12
9.862113680574266517e-02 1.920593990378742090e-09 6.982476904319481197e-12
9.976311574844401453e-02 1.918810289312510510e-09 7.001125230714839135e-12
1.009183181840780652e-01 1.919022111514902242e-09 6.978722960548114336e-12
1.020868972334764563e-01 1.917627674381483356e-09 6.972751377821914277e-12
1.032690077905264459e-01 1.917955156759063150e-09 6.983575890527038840e-12
1.044648065427020295e-01 1.916309968306351877e-09 7.003074828844401389e-12
1.056744519918323688e-01 1.916622599661422926e-09 6.978171797966719949e-12
1.068981044751116105e-01 1.915618905459315642e-09 6.978289359606737677e-12
1.081359261863509835e-01 1.911359319267783211e-09 6.973000293550492601e-12
1.093880811974775602e-01 1.912233118013281704e-09 6.976516905511829630e-12
1.106547354802819155e-01 1.911987019015397500e-09 6.982458113193056828e-12
1.119360569284170021e-01 1.912358579586333679e-09 6.978994798814206175e-12
1.132322153796529590e-01 1.912835383929858038e-09 6.984284960842528204e-12
1.145433826383886050e-01 1.911566502923221923e-09 6.981175570734684183e-12
1.158697324984239579e-01 1.909619196013677271e-09 6.978829199998269710e-12
1.172114407659961138e-01 1.909221325539051435e-09 6.991040948473269966e-12
1.185686852830827587e-01 1.908740699071231251e-09 6.980136618976339364e-12
1.199416459509744792e-01 1.907033368599302911e-09 6.979779134730272434e-12
1.213305047541208270e-01 1.908062122982332758e-09 6.987566560934102992e-12
1.227354457842515234e-01 1.919311186922362644e-09 6.979589999022130899e-12
1.241566552647785093e-01 1.922285922862173969e-09 6.981917494056106272e-12
1.255943215754789510e-01 1.904038362330851148e-09 6.982195653515396221e-12
1.270486352774652938e-01 1.903910841882562069e-09 6.986920272667016283e-12
1.285197891384432245e-01 1.903968123987309054e-09 7.013458695886367748e-12
1.300079781582635929e-01 1.902106816425596712e-09 6.984697960881644103e-12
1.315133995947690704e-01 1.901722238423655530e-09 6.986314793880008403e-12
1.330362529899405399e-01 1.919758344590501308e-09 6.986368233628110572e-12
1.345767401963458287e-01 1.901506514747780914e-09 6.984366496330050901e-12
1.361350654038956109e-01 1.900750036269689906e-09 6.968337939154862252e-12
1.377114351669082859e-01 1.896809121089303806e-09 6.993460590549295008e-12
1.393060584314885775e-01 1.895273494229153870e-09 6.983329757669183389e-12
1.409191465632227414e-01 1.896916824291389444e-09 6.981587158405890075e-12
1.425509133751954594e-01 1.896630376836785167e-09 6.974939072225097463e-12
1.442015751563302528e-01 1.898013425527967051e-09 6.966621619871535318e-12
1.458713507000582721e-01 1.894738609376563304e-09 6.981936111772483960e-12
1.475604613333193205e-01 1.894497899590476709e-09 6.982699956550920773e-12
1.492691309458979987e-01 1.893621260911435317e-09 6.985401206642093498e-12
1.509975860201007714e-01 1.893525063111548744e-09 6.981183798492084194e-12
1.527460556607755926e-01 1.892169057100293177e-09 6.982455928822125130e-12
1.545147716256795867e-01 1.892536896491740499e-09 6.981752926449354007e-12
1.563039683561977533e-01 1.893318519951314896e-09 6.988708279309524385e-12
1.581138830084189428e-01 1.892609552060605757e-09 6.985999865181822783e-12
1.599447554845698505e-01 1.888883394904241563e-09 6.985325102733761729e-12
1.617968284648141908e-01 1.887357961727752407e-09 6.983273322135611561e-12
1.636703474394191060e-01 1.887917873083647489e-09 6.987877047636164006e-12
1.655655607412955255e-01 1.886398341606496489e-09 6.981528198637595373e-12
1.674827195789137801e-01 1.884667748233318373e-09 6.975067647341760530e-12
1.694220780696013562e-01 1.884804544418458349e-09 6.981766451184622013e-12
1.713838932732252018e-01 1.884031075635070488e-09 6.981675471355270168e-12
1.733684252262658043e-01 1.883566853877779046e-09 6.983185126933182350e-12
1.753759369762839526e-01 1.881665904393239481e-09 7.054744243942590622e-12
1.774066946167878189e-01 1.880315530117273653e-09 6.916121892987827687e-12
1.794609673225026625e-01 1.881484246509807059e-09 6.985513417325298468e-12
1.815390273850506775e-01 1.904347768628002396e-09 6.985247696273394460e-12
1.836411502490422898e-01 1.881360222260905836e-09 6.982681985890732059e-12
1.857676145485863684e-01 1.872389136413857590e-09 7.004071855060900125e-12
1.879187021442221273e-01 1.878205394930862725e-09 6.982190712952182408e-12
1.900946981602806007e-01 1.890230998567656434e-09 6.967484539528500820e-12
1.922958910226767459e-01 1.877083757408337359e-09 6.985353624127748131e-12
1.945225724971402226e-01 1.875806001189331788e-09 6.980851693468582952e-12
1.967750377278887630e-01 1.873843314290825176e-09 6.987500827605903207e-12
1.990535852767486569e-01 1.873543583071193348e-09 6.985259283792384702e-12
2.013585171627294834e-01 1.874492256614712827e-09 6.989592586710949856e-12
2.036901389020563113e-01 1.872387194920673792e-09 6.981793711045860107e-12
2.060487595486651946e-01 1.872346536864487459e-09 6.985356838597857117e-12
2.084346917351677098e-01 1.871215558070693605e-09 6.984773346337884675e-12
2.108482517142910850e-01 1.868424010703335051e-09 6.981676870024060297e-12
2.132897594007962527e-01 1.869678731322509214e-09 6.982865621092830563e-12
2.157595384138827066e-01 1.869636456560126116e-09 6.941726859231792793e-12
2.182579161200830231e-01 1.868307686014952741e-09 6.992053251333190719e-12
2.207852236766562060e-01 1.859387539759557961e-09 7.056634989105697362e-12
2.233417960754814913e-01 1.865904003396997068e-09 6.946927692182112114e-12
2.259279721874612734e-01 1.865341245212306405e-09 6.972337032328924084e-12
2.285440948074375367e-01 1.865961169416798043e-09 6.981105560580934709e-12
2.311905106996301473e-01 1.864749460616633648e-09 6.991183937687117660e-12
2.338675706435990320e-01 1.863672262673635689e-09 6.985731212887681797e-12
2.365756294807403182e-01 1.864699332400553510e-09 6.984812203138081370e-12
2.393150461613192392e-01 1.862188084022050839e-09 6.981144511765483062e-12
2.420861837920496862e-01 1.862277713945043377e-09 6.979620428020342109e-12
2.448894096842230417e-01 1.861041918800434968e-09 6.987081288039672834e-12
2.477250954023952345e-01 1.862003621594775246e-09 6.986445191003508168e-12
2.505936168136362330e-01 1.862057079038185092e-09 7.064090482540656330e-12
2.534953541373521912e-01 1.857905491515694547e-09 6.985123200120427336e-12
2.564306919956823583e-01 1.876762017104282980e-09 6.994032342675619790e-12
2.594000194644804358e-01 1.858639284769130297e-09 6.986381992982041666e-12
2.624037301248863807e-01 1.857073085989817835e-09 6.986125431099602397e-12
2.654422221154941752e-01 1.854314252738793447e-09 6.978845424830547204e-12
2.685158981851263338e-01 1.854559891007389126e-09 6.985332138856527440e-12
2.716251657462164792e-01 1.851121140540752601e-09 6.888185369512259362e-12
2.747704369288123671e-01 1.851828922831431328e-09 6.986302860738748566e-12
2.779521286352018006e-01 1.852451295665979476e-09 6.985412130728910987e-12
2.811706625951744809e-01 1.850321003026284096e-09 6.988080990952865146e-12
2.844264654219206268e-01 1.852280359897397849e-09 6.978204111779666892e-12
2.877199686685785740e-01 1.849940739538139271e-09 6.984971775205840834e-12
2.910516088854357419e-01 1.849015675831780727e-09 6.981158391404196354e-12
2.944218276777944565e-01 1.846897659241030376e-09 7.097936941599746419e-12
2.978310717645051287e-01 1.845684407753823699e-09 6.981221942225801910e-12
3.012797930371790001e-01 1.847173556586622948e-09 6.985565891469292953e-12
3.047684486200846199e-01 1.847776081151501085e-09 6.997125975317249809e-12
3.082975009307410419e-01 1.845208193882961450e-09 6.973779358891010011e-12
3.118674177412095183e-01 1.845077102452004777e-09 6.983507829432221487e-12
3.154786722400967913e-01 1.844457258008396881e-09 6.979840450647867133e-12
3.191317430952744227e-01 1.843296201866758523e-09 7.028426681430331103e-12
3.228271145173277623e-01 1.842775044595166716e-09 6.985729101945626390e-12
3.265652763237361089e-01 1.842420662972028483e-09 6.985679007693079394e-12
3.303467240037981645e-01 1.840571838384515965e-09 6.983736181658207477e-12
3.341719587843073880e-01 1.841849005056159584e-09 6.985528368766221797e-12
3.380414876959909054e-01 1.841669881688458844e-09 6.959402901672106501e-12
3.419558236407145846e-01 1.839685648008078094e-09 6.962507042510090286e-12
3.459154854594680972e-01 1.862198166519947927e-09 6.983130520163201776e-12
3.499209980011368515e-01 1.836858400101821498e-09 6.988556746331565866e-12
3.539728921920689553e-01 1.834670625985609922e-09 7.018181132561092112e-12
3.580717051064509215e-01 1.835475927423998912e-09 6.973849935692091940e-12
3.622179800374948910e-01 1.835252705646780999e-09 6.980901748698508119e-12
3.664122665694521941e-01 1.834720602543344051e-09 6.984968990944740442e-12
3.706551206504588025e-01 1.833059542163204371e-09 7.041886511119196858e-12
3.749471046662278817e-01 1.831944025151578391e-09 6.982716674342648349e-12
3.792887875145917187e-01 1.829049533373251825e-09 6.990547832867756964e-12
3.836807446809096245e-01 1.829018337737222418e-09 6.979192231075178272e-12
3.881235583143459178e-01 1.827743704796476346e-09 6.977065701731399506e-12
3.926178173050358100e-01 1.828899092474064168e-09 6.985147899184391412e-12
3.971641173621406340e-01 1.814997527702658253e-09 6.945118567543651566e-12
4.017630610928087931e-01 1.827019423544708875e-09 6.982276022169282263e-12
4.064152580820497018e-01 1.827192682353191035e-09 6.983516524895090766e-12
4.111213249735355402e-01 1.826914807324371579e-09 6.988141648550988676e-12
4.158818855513353729e-01 1.823288762436183673e-09 6.984512584352349943e-12
4.206975708225977328e-01 1.803840630484548508e-09 6.983499305695516040e-12
4.255690191011883283e-01 1.820134455591406524e-09 6.987015788447853502e-12
4.304968760923003068e-01 1.822424278970699706e-09 6.985299485744765795e-12
4.354817949780401820e-01 1.834025524667838743e-09 6.983086657152770071e-12
4.405244365040072441e-01 1.822094331064892796e-09 6.987577340284880517e-12
4.456254690668728924e-01 1.821725556473001281e-09 6.990767939249622836e-12
4.507855688029784313e-01 1.820928482616104363e-09 6.992209881146635424e-12
4.560054196779547708e-01 1.807520776105421028e-09 6.993188214574608347e-12
4.612857135773818507e-01 1.818383690700019976e-09 6.988527048293053255e-12
4.666271503984956714e-01 1.818019226376980119e-09 6.967869680822727178e-12
4.720304381429618057e-01 1.815371513994909521e-09 6.985073611444494019e-12
4.774962930107178871e-01 1.816277441356195731e-09 6.984500336802819392e-12
4.830254394949065055e-01 1.780869895942725668e-09 6.987709853599546950e-12
4.886186104779055572e-01 1.814761563336912526e-09 6.944906924856748698e-12
4.942765473284694844e-01 1.812963701344997179e-09 6.984085323093957873e-12
5.000000000000000000e-01 1.807638670269602196e-09 6.982080960502724168e-12
5.235642740254498051e-01 1.810726300454694018e-09 6.977378991513608088e-12
5.482390980715924345e-01 1.807500446800350570e-09 6.979225952014794296e-12
5.740768107484414129e-01 1.803677356148986156e-09 6.981258579581742171e-12
6.011322173087064735e-01 1.804154953196233896e-09 6.988778189205911579e-12
6.294627058970836408e-01 1.797964765425742098e-09 6.977813030934974710e-12
6.591283692782035075e-01 1.795235220335135433e-09 6.969127583123776365e-12
6.901921323014423848e-01 1.787873787611306165e-09 6.980906740663682432e-12
7.227198853729637218e-01 1.790090003313794896e-09 6.983193293115150934e-12
7.567806242181041032e-01 1.786220555103977587e-09 6.983192238928408777e-12
7.924465962305566880e-01 1.782230244052200854e-09 6.978866161152279571e-12
8.297934537187804382e-01 1.781310599343930288e-09 7.002103122680367466e-12
8.689004143746876796e-01 1.777907467918595632e-09 6.982523492180310299e-12
9.098504293049917147e-01 1.774323711711556333e-09 6.995202192003876430e-12
9.527303589816237261e-01 1.771554873523752734e-09 6.984567218184491799e-12
9.976311574844397567e-01 1.768479612245012641e-09 6.983485257074031885e-12
1.044648065427019823e+00 1.761083259136342302e-09 6.980030637780511224e-12
1.093880811974776268e+00 1.762011292158204335e-09 6.981312859842934620e-12
1.145433826383886577e+00 1.762522088660555361e-09 6.975439694196482890e-12
1.199416459509745181e+00 1.767081822382838825e-09 6.971165963643498198e-12
1.255943215754790065e+00 1.728269689752462824e-09 6.990429276224376463e-12
1.315133995947690870e+00 1.743496286385395303e-09 6.960787197076014952e-12
1.377114351669083137e+00 1.746283970401114144e-09 6.968239626746349917e-12
1.442015751563302972e+00 1.742244028527063819e-09 7.145916060209775241e-12
1.509975860201008047e+00 1.741354595786605631e-09 6.982045456220161846e-12
1.581138830084189761e+00 1.738925933526440913e-09 6.990117860202272077e-12
1.655655607412955810e+00 1.741832631794829627e-09 6.970613599982222866e-12
1.733684252262658321e+00 1.732022315764930159e-09 7.061722876500065755e-12
1.815390273850506997e+00 1.729948906766668147e-09 6.984267985180793302e-12
1.900946981602805952e+00 1.724766054657691088e-09 6.992583301505984859e-12
1.990535852767486347e+00 1.721379511308040755e-09 6.990927217903414358e-12
2.084346917351676876e+00 1.726940211685302680e-09 6.974121196550900456e-12
2.182579161200830065e+00 1.719020512982387624e-09 6.968784017549934421e-12
2.285440948074375367e+00 1.714740363450091925e-09 6.981891958818606200e-12
2.393150461613192004e+00 1.682353880834014988e-09 7.026037262182135911e-12
2.505936168136361886e+00 1.700393042159843910e-09 6.980693933534604455e-12
2.624037301248862697e+00 1.705602177837347637e-09 6.983889227406268400e-12
2.747704369288122894e+00 1.697310610401050695e-09 6.983722917905263935e-12
2.877199686685784741e+00 1.698705701750798588e-09 6.976564182310379409e-12
3.012797930371788890e+00 1.764972196386324011e-09 6.960048257867199911e-12
3.154786722400966692e+00 1.697654507839722555e-09 6.979442308039151188e-12
3.303467240037979646e+00 1.689607226160193254e-09 7.023530161764223406e-12
3.459154854594682416e+00 1.682993622427975888e-09 6.818710472428039409e-12
3.622179800374950798e+00 1.685938053190166655e-09 6.976756519481033044e-12
3.792887875145918741e+00 1.685033340743298409e-09 6.981174625161543439e-12
3.971641173621408338e+00 1.678817828758652381e-09 6.972357713230812336e-12
4.158818855513356283e+00 1.676299806163246674e-09 6.979346719873073040e-12
4.354817949780404263e+00 1.672019083579021932e-09 6.986620551641670673e-12
4.560054196779547375e+00 1.670333024283550016e-09 6.977790272910110870e-12
4.774962930107179204e+00 1.666053601564289281e-09 6.970681706611093737e-12
5.000000000000000888e+00 1.669201581372923767e-09 6.987437201727081590e-12
6.294627058970835520e+00 1.650814212101298023e-09 6.954143269554690186e-12
7.924465962305567324e+00 1.649531991241467988e-09 6.999065103545351017e-12
9.976311574844396901e+00 1.624251514558406401e-09 6.929065023001629822e-12
1.255943215754790288e+01 1.579883062123527430e-09 6.975324251045516953e-12
1.581138830084189451e+01 1.587527210002267071e-09 7.066849377078767045e-12
1.990535852767486347e+01 1.582231420088695623e-09 6.972083887927097561e-12
2.505936168136362241e+01 1.563558434976530905e-09 6.979460506369862751e-12
3.154786722400966070e+01 1.549245186000001759e-09 6.967161182911279620e-12
3.971641173621406296e+01 1.534055735535377038e-09 6.960909611013700076e-12
4.999999999999999289e+01 1.521123190028226876e-09 6.958299815800153214e-12
