2.393150461613189841e-05 6.974166776273258271e-13 1.110222277870135694e-14
2.448894096842227708e-05 5.249359616847985365e-13 1.162515568634460290e-14
2.505936168136362570e-05 4.607086903303643791e-13 1.217267968961582837e-14
2.564306919956823707e-05 4.673514864562729272e-13 1.274597795029861942e-14
2.624037301248861295e-05 4.760905272400375560e-13 1.334626367679309443e-14
2.685158981851265889e-05 6.071173308735410522e-13 1.397279124273019886e-14
2.747704369288124057e-05 5.263871548524229363e-13 1.463078306447906792e-14
2.811706625951745350e-05 4.285499079555929804e-13 1.531974180017021764e-14
2.877199686685782864e-05 6.217047158325666590e-13 1.604112228198690101e-14
2.944218276777941324e-05 6.308671471859678941e-13 1.679645090805940695e-14
3.012797930371789620e-05 5.063141096652211846e-13 1.758736216910998572e-14
3.082975009307410534e-05 6.411847990287911520e-13 1.841545074864519663e-14
3.154786722400964650e-05 6.332562490729085769e-13 1.928249978316485522e-14
3.228271145173280656e-05 9.532384067845898806e-13 2.018748251893358229e-14
3.303467240037981687e-05 1.200794524297016601e-12 2.113782954037061460e-14
3.380414876959908759e-05 1.081979918235271065e-12 2.213292685798696214e-14
3.459154854594680595e-05 1.407933419964322540e-12 2.317477699275455754e-14
3.539728921920685885e-05 8.571358104540823780e-13 2.426562959147859661e-14
3.622179800374952406e-05 1.294261939570513134e-12 2.540478019916302980e-14
3.706551206504588155e-05 1.121334736097690096e-12 2.660041690375063189e-14
3.792887875145917236e-05 1.821222015356720893e-12 2.785230901007291456e-14
3.881235583143463039e-05 1.971290417371078018e-12 2.916301003214481315e-14
3.971641173621410364e-05 1.978327720091410495e-12 3.053531412249748277e-14
4.064152580820497269e-05 2.420630787708470120e-12 3.196896473784049825e-14
4.158818855513353842e-05 2.572236866975439055e-12 3.347305407172809992e-14
4.255690191011879072e-05 2.678076740787157159e-12 3.504781215686847055e-14
4.354817949780397373e-05 2.909073502881461696e-12 3.669654314618331733e-14
4.456254690668728712e-05 3.167058633892256664e-12 3.842272664637301485e-14
4.560054196779547508e-05 3.285050836630157084e-12 4.022998267663240891e-14
4.666271503984951611e-05 3.631393307661307883e-12 4.211845728991329448e-14
4.774962930107184414e-05 3.959354502826023647e-12 4.409914660615387723e-14
4.886186104779054808e-05 3.662355569211737856e-12 4.617281558601334937e-14
4.999999999999999562e-05 4.502162813212155535e-12 4.834387230676078957e-14
5.057897271299489764e-05 4.499859072917509037e-12 4.946727982661268991e-14
5.116464961403766531e-05 4.492506913657808544e-12 5.061675267533353499e-14
5.175710833396715576e-05 4.883241224109424154e-12 5.179288510941440554e-14
5.235642740254491996e-05 4.694222639807138876e-12 5.299628474611815720e-14
5.296268625886447188e-05 4.956887481739280821e-12 5.422758829694513455e-14
5.357596526188034176e-05 5.566420146756035644e-12 5.548307848026329827e-14
5.419634570106018624e-05 5.615901247063454548e-12 5.677197065218745222e-14
5.482390980715925750e-05 5.725504824313931783e-12 5.809073833996685329e-14
5.545874076312003680e-05 5.787335810379965839e-12 5.944007042042904591e-14
5.610092271509814368e-05 5.999969663614836848e-12 6.082067287469118559e-14
5.675054078361571342e-05 6.205934868529502826e-12 6.223326998641034528e-14
5.740768107484407919e-05 6.271167513071780120e-12 6.367858780803350230e-14
5.807243069201718186e-05 6.731424760855771263e-12 6.515746298871346349e-14
5.874487774697651393e-05 6.952915940826272069e-12 6.667053398625428169e-14
5.942511137185094486e-05 7.089964339451301993e-12 6.821864111786981394e-14
6.011322173087064877e-05 7.256375635825471129e-12 6.980261237212570684e-14
6.080930003231839372e-05 7.339376991312107142e-12 7.142325198680995059e-14
6.151343854061905325e-05 7.309600796456266906e-12 7.308142805246420852e-14
6.222573058856921034e-05 7.652021571151765599e-12 7.477799001900273158e-14
6.294627058970830402e-05 8.134614626312862510e-12 7.650826794429565670e-14
6.367515405083314138e-05 8.319936610101304109e-12 7.828405945960544961e-14
6.441247758465673719e-05 8.544286629797905044e-12 8.010094298501124657e-14
6.515833892261499124e-05 8.429903013026951591e-12 8.195987346307162804e-14
6.591283692782035650e-05 8.800176355518570680e-12 8.386180588920462329e-14
6.667607160816619769e-05 9.123265542904248831e-12 8.580772424219137549e-14
6.744814412958265366e-05 9.338887916967558070e-12 8.779865627132871252e-14
6.822915682944618535e-05 9.544119763534670259e-12 8.983562836120782517e-14
6.901921323014417829e-05 1.010005127884606420e-11 9.191976310727703003e-14
6.981841805279680852e-05 1.032503387723951224e-11 9.405201300378294568e-14
7.062687723113775782e-05 1.059327869043595997e-11 9.623354978150891936e-14
7.144469792555517389e-05 1.083691027353527061e-11 9.846551801372222421e-14
7.227198853729638578e-05 1.106494001534143155e-11 1.007490378027226961e-13
7.310885872283590017e-05 1.131986188468365123e-11 1.030853281839167743e-13
7.395541940841035122e-05 1.158753400377127342e-11 1.054755820486869008e-13
7.481178280472162371e-05 1.222426915237630238e-11 1.079134135053993918e-13
7.567806242181034505e-05 1.248592701788628449e-11 1.104150374748563256e-13
7.655437308410142656e-05 1.277336857117949359e-11 1.129744101860803458e-13
7.744083094562412067e-05 1.308744001320073207e-11 1.155928535082455625e-13
7.833755350540750207e-05 1.310827689994386096e-11 1.182717305037633065e-13
7.924465962305569597e-05 1.366184985183319653e-11 1.210124118825868277e-13
8.016226953450208102e-05 1.402818971231157131e-11 1.238163223827276592e-13
8.109050486794647857e-05 1.418407003984522080e-11 1.266848965333636744e-13
8.202948865997692718e-05 1.469460552282311747e-11 1.296196082794255155e-13
8.297934537187796715e-05 1.535408095123202987e-11 1.326138083173331689e-13
8.394020090612794207e-05 1.572127590409658764e-11 1.356850579251580463e-13
8.491218262308729617e-05 1.609347366402683423e-11 1.388270616280679478e-13
8.589541935787945305e-05 1.644445286407455597e-11 1.420414461407133210e-13
8.689004143746880239e-05 1.684548087036045535e-11 1.453298826807648794e-13
8.789618069793464267e-05 1.723977683246683303e-11 1.486940218183517543e-13
8.891397050194613488e-05 1.764541348301022765e-11 1.521356048302522020e-13
8.994354575643935166e-05 1.808304481939936325e-11 1.556564019508158420e-13
9.098504293049911853e-05 1.884605217000901968e-11 1.592496573123763551e-13
9.203860007344770748e-05 1.926139413810917061e-11 1.629339564930158899e-13
9.310435683314326931e-05 1.971200558995554584e-11 1.667029896647219892e-13
9.418245447449009216e-05 2.021227571342919235e-11 1.705586524448879122e-13
9.527303589816240703e-05 2.059698680220682825e-11 1.745029378152633438e-13
9.637624565954682279e-05 2.117910214085910344e-11 1.785378567074120359e-13
9.749222998790227921e-05 2.146060025282848776e-11 1.826654353814174418e-13
9.862113680574264088e-05 2.212716766128922243e-11 1.868878212954941499e-13
9.976311574844392432e-05 2.271026569670142007e-11 1.912071177773485422e-13
1.009183181840780691e-04 2.326059074277392059e-11 1.956255274802484462e-13
1.020868972334764650e-04 2.411202745011990599e-11 2.001454261260055359e-13
1.032690077905264468e-04 2.469812458602061454e-11 2.047688793384343550e-13
1.044648065427019234e-04 2.530508120813983703e-11 2.094983370362625158e-13
1.056744519918323541e-04 2.589564850258902460e-11 2.143361841936308987e-13
1.068981044751116051e-04 2.652057356217992027e-11 2.192848694034942006e-13
1.081359261863509960e-04 2.715846420114187293e-11 2.243468889755745911e-13
1.093880811974775648e-04 2.778631148442920893e-11 2.295248253260205095e-13
1.106547354802819166e-04 2.832615160386200181e-11 2.348212343888555365e-13
1.119360569284169843e-04 2.913084103643481280e-11 2.402388502829579562e-13
1.132322153796529580e-04 3.008408908771910752e-11 2.457662639931249578e-13
1.145433826383886162e-04 3.084570856310618709e-11 2.514338538184188561e-13
1.158697324984239751e-04 3.155964245340453082e-11 2.572309181398340690e-13
1.172114407659961160e-04 3.232696349834016660e-11 2.631603994164616303e-13
1.185686852830827555e-04 3.311313274764168531e-11 2.692252466774636632e-13
1.199416459509744813e-04 3.388907483631524621e-11 2.754284737840903387e-13
1.213305047541206945e-04 3.469832598603921090e-11 2.817732021607581764e-13
1.227354457842515364e-04 3.552253009414661852e-11 2.882625849589188336e-13
1.241566552647784948e-04 3.636740140256127946e-11 2.948998545213858383e-13
1.255943215754789502e-04 3.723352316545412174e-11 3.016883256917532055e-13
1.270486352774653110e-04 3.811384854531463412e-11 3.086313145400820666e-13
1.285197891384432108e-04 3.934324820873870856e-11 3.157153388301043814e-13
1.300079781582635788e-04 4.027159083515630787e-11 3.229771055689810493e-13
1.315133995947690435e-04 4.122940659458646738e-11 3.304039417009495662e-13
1.330362529899404168e-04 4.222208575397663954e-11 3.379995127606952748e-13
1.345767401963458062e-04 4.321971760413319430e-11 3.457675360103152605e-13
1.361350654038956073e-04 4.424083290856321268e-11 3.537118209625877310e-13
1.377114351669082826e-04 4.529005771775460191e-11 3.618363032897011693e-13
1.393060584314884456e-04 4.636578140241474535e-11 3.701449469795315715e-13
1.409191465632227234e-04 4.747429947200779679e-11 3.786417799561642721e-13
1.425509133751954596e-04 4.881152585016452266e-11 3.873309854242859673e-13
1.442015751563302745e-04 4.976552254095651356e-11 3.962167944594218992e-13
1.458713507000582675e-04 5.145683151100487451e-11 4.052831245094646830e-13
1.475604613333193413e-04 5.267865286956495602e-11 4.145742862477583829e-13
1.492691309458980017e-04 5.393496122452420811e-11 4.240752346806584046e-13
1.509975860201007907e-04 5.521432044903830601e-11 4.337905360102013391e-13
1.527460556607755941e-04 5.652702058591405438e-11 4.437248923414938260e-13
1.545147716256795760e-04 5.776452090275025764e-11 4.538830797766517748e-13
1.563039683561977700e-04 5.922914896454235227e-11 4.642699866638173285e-13
1.581138830084189426e-04 6.064011793221442325e-11 4.748905354912980227e-13
1.599447554845698401e-04 6.206319408910867662e-11 4.857498724835214477e-13
1.617968284648140247e-04 6.353910421774152582e-11 4.968530880349058685e-13
1.636703474394191234e-04 6.503142307030547431e-11 5.082055163817583293e-13
1.655655607412955237e-04 6.677756207190954018e-11 5.197878332722080090e-13
1.674827195789137821e-04 6.835180963616759291e-11 5.316538727567749116e-13
1.694220780696013395e-04 6.997416621097245988e-11 5.437854601054724274e-13
1.713838932732252138e-04 7.161718210246853231e-11 5.561884217526765004e-13
1.733684252262658175e-04 7.330290927796600624e-11 5.688684975714589330e-13
1.753759369762839622e-04 7.504179163560193797e-11 5.818316404809253661e-13
1.774066946167876340e-04 7.680978319461585082e-11 5.950838438908167175e-13
1.794609673225026631e-04 7.855075448696794602e-11 6.086313636600264806e-13
1.815390273850506729e-04 8.046692039406569040e-11 6.224803596756355167e-13
1.836411502490422785e-04 8.235656854096361918e-11 6.366373051788337834e-13
1.857676145485863753e-04 8.431881685709761656e-11 6.511086755944625378e-13
1.879187021442221307e-04 8.628330935900799429e-11 6.659011255466338695e-13
1.900946981602805912e-04 8.830358817753980226e-11 6.810214570550516053e-13
1.922958910226767713e-04 9.056382404818217775e-11 6.964437721588849788e-13
1.945225724971402217e-04 9.269220772037032747e-11 7.122390827905578307e-13
1.967750377278886019e-04 9.488826995966926265e-11 7.283832052564305787e-13
1.990535852767486491e-04 9.710073589542423815e-11 7.448833883326021083e-13
2.013585171627295032e-04 9.937141017165021484e-11 7.617470938904868113e-13
2.036901389020562758e-04 1.016978831379852495e-10 7.789817916524956482e-13
2.060487595486651640e-04 1.040750540700904048e-10 7.965951238453188439e-13
2.084346917351677527e-04 1.065077875050426302e-10 8.145949610948661150e-13
2.108482517142911186e-04 1.089933025542542528e-10 8.329891076085686849e-13
2.132897594007962582e-04 1.116573966553114043e-10 8.517858090179628697e-13
2.157595384138824807e-04 1.141471219497726440e-10 8.709931457019552073e-13
2.182579161200830003e-04 1.168091392156331731e-10 8.906196097545950939e-13
2.207852236766562250e-04 1.195273471728529857e-10 9.106735156750497847e-13
2.233417960754814700e-04 1.223094382186237979e-10 9.311636008485543262e-13
2.259279721874612925e-04 1.254874879380343446e-10 9.520531827195279456e-13
2.285440948074375753e-04 1.283897705693707674e-10 9.734400448798063009e-13
2.311905106996301417e-04 1.313676078736811161e-10 9.952897055833444533e-13
2.338675706435990400e-04 1.344110863997815578e-10 1.017611389076613655e-12
2.365756294807400931e-04 1.375215506261642306e-10 1.040414383079514813e-12
2.393150461613192145e-04 1.406883866557913420e-10 1.063708241749429069e-12
2.420861837920496669e-04 1.439452145534916680e-10 1.087502284611238993e-12
2.448894096842230486e-04 1.472543453907923067e-10 1.111806702258060091e-12
2.477250954023952571e-04 1.506759353907844741e-10 1.136631399550646224e-12
2.505936168136362096e-04 1.541292873591815424e-10 1.161986288358344740e-12
2.534953541373522129e-04 1.576764382500690720e-10 1.187881594242797792e-12
2.564306919956823639e-04 1.613233264016257453e-10 1.214327758028616086e-12
2.594000194644804458e-04 1.650092919800024037e-10 1.241335107172964575e-12
2.624037301248860888e-04 1.687966564452861709e-10 1.268914310964895316e-12
2.654422221154941939e-04 1.726660253664466815e-10 1.297013960298144375e-12
2.685158981851263043e-04 1.768441694341326675e-10 1.325716575962055048e-12
2.716251657462165044e-04 1.809088185083804755e-10 1.355071355505576401e-12
2.747704369288123854e-04 1.849789443185440244e-10 1.385041390956230520e-12
2.779521286352018127e-04 1.892021111079046645e-10 1.415638917464520127e-12
2.811706625951744943e-04 1.935417732713282630e-10 1.446874585016943242e-12
2.844264654219206255e-04 1.979315282421789526e-10 1.478760205266026020e-12
2.877199686685782661e-04 2.024569675501337387e-10 1.511307444082749242e-12
2.910516088854357393e-04 2.070663523696354307e-10 1.544527477632887657e-12
2.944218276777944713e-04 2.116739389797949601e-10 1.578433947950068554e-12
2.978310717645051204e-04 2.164843978199974636e-10 1.613037403328191562e-12
3.012797930371790027e-04 2.214003025489348510e-10 1.648348341368406453e-12
3.047684486200846234e-04 2.263432588613427815e-10 1.684382778221786419e-12
3.082975009307410805e-04 2.314379738852741957e-10 1.721151275367757635e-12
3.118674177412095313e-04 2.366479181969229126e-10 1.758665992737333149e-12
3.154786722400964379e-04 2.419397396450345933e-10 1.796940708484395799e-12
3.191317430952743915e-04 2.473971783197992494e-10 1.835986518334796071e-12
3.228271145173277810e-04 2.529957395416522967e-10 1.875738703793394450e-12
3.265652763237360972e-04 2.586281173639246067e-10 1.916362595221281082e-12
3.303467240037981823e-04 2.643592175659311378e-10 1.957796416661825509e-12
3.341719587843073962e-04 2.703181328681134232e-10 2.000052636585151624e-12
3.380414876959908759e-04 2.763218944779751532e-10 2.043144744465359191e-12
3.419558236407145655e-04 2.825253371875014195e-10 2.087085340836482559e-12
3.459154854594680595e-04 2.886908651465533360e-10 2.131887393904943315e-12
3.499209980011365223e-04 2.950625984015824619e-10 2.177563911660957443e-12
3.539728921920689544e-04 3.015734875675901676e-10 2.224125228298808607e-12
3.580717051064509363e-04 3.081616896959628174e-10 2.271589319042837111e-12
3.622179800374948611e-04 3.149398126090252920e-10 2.319966883098260233e-12
3.664122665694521551e-04 3.218070685971022239e-10 2.369270879156629593e-12
3.706551206504588155e-04 3.288522568738453515e-10 2.419513637053422369e-12
3.749471046662278739e-04 3.360278869407457991e-10 2.470708372158745619e-12
3.792887875145917642e-04 3.433319187707687825e-10 2.522867972564369690e-12
3.836807446809092350e-04 3.507896468615036969e-10 2.576004301728357931e-12
3.881235583143459109e-04 3.584870779162051573e-10 2.630125864574844289e-12
3.926178173050359310e-04 3.662613814231865573e-10 2.685046905851583879e-12
3.971641173621406028e-04 3.741581843854484478e-10 2.741178924334157193e-12
4.017630610928087857e-04 3.822398532913242251e-10 2.798337505651556176e-12
4.064152580820496862e-04 3.903492391597060694e-10 2.856529419248462364e-12
4.111213249735355723e-04 3.987352875127251992e-10 2.915773752574600816e-12
4.158818855513353842e-04 4.071704236426146392e-10 2.976079070459507318e-12
4.206975708225973477e-04 4.157710956280668344e-10 3.037455332197048893e-12
4.255690191011882867e-04 4.246166808762368941e-10 3.099913851462530111e-12
4.304968760923003155e-04 4.335891984340878560e-10 3.163464383052874716e-12
4.354817949780401981e-04 4.427415932516441068e-10 3.228117691799975690e-12
4.405244365040072280e-04 4.520108330622917482e-10 3.293883117523923330e-12
4.456254690668729119e-04 4.613990967678998085e-10 3.360763141560763018e-12
4.507855688029784470e-04 4.710233214956860597e-10 3.428779231115725340e-12
4.560054196779547643e-04 4.807952615693410302e-10 3.497933715769845307e-12
4.612857135773813463e-04 4.907534476244243928e-10 3.568233594209004347e-12
4.666271503984952018e-04 5.009152154856654977e-10 3.639687372237509491e-12
4.720304381429617636e-04 5.111621431686298395e-10 3.712300400022190971e-12
4.774962930107179535e-04 5.217094726679412679e-10 3.786079112490345505e-12
4.830254394949064418e-04 5.322236848018111696e-10 3.861026962116182967e-12
4.886186104779055486e-04 5.431630679563797180e-10 3.936874810063965937e-12
4.942765473284694211e-04 5.541846148607978341e-10 4.014166565462503828e-12
4.999999999999999020e-04 5.653577260801193108e-10 4.092639159909895694e-12
5.057897271299491120e-04 5.767508301773161677e-10 4.172295267932490896e-12
5.116464961403767615e-04 5.881229026535416651e-10 4.253126455949991777e-12
5.175710833396719507e-04 5.999817700389886990e-10 4.335150374909153087e-12
5.235642740254497010e-04 6.117325160292808450e-10 4.418357135318378717e-12
5.296268625886442309e-04 6.238081864739459164e-10 4.502749287769042076e-12
5.357596526188034176e-04 6.359093763707660088e-10 4.588313087272570194e-12
5.419634570106019031e-04 6.483183507555023954e-10 4.675053584962230891e-12
5.482390980715924666e-04 6.609469641916672167e-10 4.762962024552381077e-12
5.545874076312003274e-04 6.738066449102433744e-10 4.852031252365771479e-12
5.610092271509814097e-04 6.866355918557146870e-10 4.942254225862471785e-12
5.675054078361570394e-04 6.997927842488975856e-10 5.033600494400637693e-12
5.740768107484413340e-04 7.130448525374151437e-10 5.126097210128682145e-12
5.807243069201712630e-04 7.264828644919771017e-10 5.219705243156930546e-12
5.874487774697650716e-04 7.401331190050755851e-10 5.314418769543858102e-12
5.942511137185093944e-04 7.539148840861902934e-10 5.410218254056970870e-12
6.011322173087065013e-04 7.679789564517364757e-10 5.507086175850259605e-12
6.080930003231838424e-04 7.820081658166571852e-10 5.605001724674684399e-12
6.151343854061905054e-04 7.964572527902086365e-10 5.703942377714293605e-12
6.222573058856920762e-04 8.109808469091418142e-10 5.803644088674352550e-12
6.294627058970836365e-04 8.255177904817585063e-10 5.904556636250138286e-12
6.367515405083307633e-04 8.402481617586946960e-10 6.006404703042507033e-12
6.441247758465673719e-04 8.552163747976947338e-10 6.109146082846735690e-12
6.515833892261499666e-04 8.702492261935386263e-10 6.212785539233139348e-12
6.591283692782036463e-04 8.854924434690864273e-10 6.317267677482066168e-12
6.667607160816619227e-04 9.009743348487583159e-10 6.422553138369549109e-12
6.744814412958265908e-04 9.166661249498721362e-10 6.528603638388356788e-12
6.822915682944618535e-04 9.322557118070725820e-10 6.635369728960273465e-12
6.901921323014425418e-04 9.477610739985483289e-10 6.742805279588610491e-12
6.981841805279687899e-04 9.640456192557458206e-10 6.850867986454166550e-12
7.062687723113776324e-04 9.796816919295879479e-10 6.959489660545349667e-12
7.144469792555517389e-04 9.959066936107344324e-10 7.068624799191818459e-12
7.227198853729638849e-04 1.012118651244984576e-09 7.178175356623545919e-12
7.310885872283591101e-04 1.028300721857918129e-09 7.288149279952853965e-12
7.395541940841035122e-04 1.044558529503381467e-09 7.398445939874321703e-12
7.481178280472162642e-04 1.060964433736931013e-09 7.508994078194221171e-12
7.567806242181033963e-04 1.077712840527541290e-09 7.619717997936920096e-12
7.655437308410150245e-04 1.094093268091932949e-09 7.730546245358580398e-12
7.744083094562404478e-04 1.110666242826348408e-09 7.841114435716226646e-12
7.833755350540748310e-04 1.127656395812389569e-09 7.951888252132890214e-12
7.924465962305569326e-04 1.144068517620749575e-09 8.062486814162409765e-12
8.016226953450208102e-04 1.160701323976253090e-09 8.172533623509371045e-12
8.109050486794647586e-04 1.177394531578738017e-09 8.282360984582987178e-12
8.202948865997692447e-04 1.194215157078056436e-09 8.391920148106298968e-12
8.297934537187797799e-04 1.211047891866336990e-09 8.500881159530646862e-12
8.394020090612802068e-04 1.227508729494206106e-09 8.609231537559701740e-12
8.491218262308720130e-04 1.244422129467507140e-09 8.716808907091666237e-12
8.589541935787945847e-04 1.260847011331915844e-09 8.823497305317392609e-12
8.689004143746880239e-04 1.277294415734150258e-09 8.929171567914580202e-12
8.789618069793464538e-04 1.293583641035783647e-09 9.033708801194118012e-12
8.891397050194613759e-04 1.309957713244352110e-09 9.136986733639193824e-12
8.994354575643935708e-04 1.326212455835565526e-09 9.238868484545264128e-12
9.098504293049911040e-04 1.342360201844923131e-09 9.339201078596352136e-12
9.203860007344779421e-04 1.358160233786236016e-09 9.437857168791309873e-12
9.310435683314336689e-04 1.374181912935729893e-09 9.534689477636828980e-12
9.418245447449009487e-04 1.389616607224608040e-09 9.629457939639248267e-12
9.527303589816240974e-04 1.405707245633764826e-09 9.722180772618489787e-12
9.637624565954680924e-04 1.420122717046604120e-09 9.812683909690433374e-12
9.749222998790225752e-04 1.435099422690562767e-09 9.900599285206507691e-12
9.862113680574266256e-04 1.449837991913854163e-09 9.985977957881663496e-12
9.976311574844392432e-04 1.464283507506717322e-09 1.006858582024654928e-11
1.009183181840779715e-03 1.478357470118271681e-09 1.014825159768060880e-11
1.020868972334764650e-03 1.492559046415209092e-09 1.022473979403081489e-11
1.032690077905264441e-03 1.505851894199188861e-09 1.029794433660901392e-11
1.044648065427020373e-03 1.519522910981435195e-09 1.036700705745365481e-11
1.056744519918323758e-03 1.532040780149165868e-09 1.043308047353291610e-11
1.068981044751116105e-03 1.544905446119779075e-09 1.049532884724762357e-11
1.081359261863509879e-03 1.556399661208780388e-09 1.055347285076217413e-11
1.093880811974775810e-03 1.568664096037893067e-09 1.060757886813806192e-11
1.106547354802818028e-03 1.579708470089803407e-09 1.065722230927509807e-11
1.119360569284169951e-03 1.590553099694898990e-09 1.070230560292317444e-11
1.132322153796529608e-03 1.600927645666575769e-09 1.074269818325693870e-11
1.145433826383887273e-03 1.610921429294953449e-09 1.077819071094336175e-11
1.158697324984239805e-03 1.619968199483868441e-09 1.080857769881753144e-11
1.172114407659961268e-03 1.628479546238514251e-09 1.083374236707862038e-11
1.185686852830827474e-03 1.637471015042182494e-09 1.085341771213856398e-11
1.199416459509744732e-03 1.645380454215976935e-09 1.086763614082183912e-11
1.213305047541207108e-03 1.652690097231199675e-09 1.087604123336335869e-11
1.227354457842515364e-03 1.659522162513359319e-09 1.087851287448824733e-11
1.241566552647785111e-03 1.665558756822036858e-09 1.087498953314881554e-11
1.255943215754791020e-03 1.670835954145371740e-09 1.086512932165953993e-11
1.270486352774653164e-03 1.676005774083800467e-09 1.084912903181530311e-11
1.285197891384432054e-03 1.680470839944440457e-09 1.082670749543090208e-11
1.300079781582635843e-03 1.684668385450917738e-09 1.079776602218572766e-11
1.315133995947690652e-03 1.687581012417328871e-09 1.076222916987496361e-11
1.330362529899404168e-03 1.691039877368402706e-09 1.072003455197332994e-11
1.345767401963456761e-03 1.693402493114148365e-09 1.067100489865722138e-11
1.361350654038956127e-03 1.694497878431222352e-09 1.061506894791926890e-11
1.377114351669082772e-03 1.695805073197488495e-09 1.055244828864369368e-11
1.393060584314885974e-03 1.695716043382319348e-09 1.048223277057250875e-11
1.409191465632227396e-03 1.695990240081135341e-09 1.040573731769854471e-11
1.425509133751954758e-03 1.695451531411582438e-09 1.032235159534374061e-11
1.442015751563302745e-03 1.694327072416367302e-09 1.023235263375053369e-11
1.458713507000582730e-03 1.693219194015851633e-09 1.013574734456270029e-11
1.475604613333191895e-03 1.691761187073677651e-09 1.003241046839079735e-11
1.492691309458979909e-03 1.688646948769150508e-09 9.922398305410203510e-12
1.509975860201007852e-03 1.686279035361688895e-09 9.806252317288376370e-12
1.527460556607757730e-03 1.683599126918116643e-09 9.683817908754339420e-12
1.545147716256796032e-03 1.680530643430815078e-09 9.555598882042493307e-12
1.563039683561977646e-03 1.676575570189735100e-09 9.421457410166963583e-12
1.581138830084189697e-03 1.673407914655966724e-09 9.281768621752307924e-12
1.599447554845698618e-03 1.669163623456867034e-09 9.137139916183304334e-12
1.617968284648140355e-03 1.665749298527246016e-09 8.987522227073045204e-12
1.636703474394191234e-03 1.661163215700677846e-09 8.833363934752951449e-12
1.655655607412955237e-03 1.657579939290337681e-09 8.675107060332927452e-12
1.674827195789139501e-03 1.653736740386366835e-09 8.513164857090722690e-12
1.694220780696013232e-03 1.650194358587623277e-09 8.348046288747953046e-12
1.713838932732252192e-03 1.646985101052208694e-09 8.180183711765903166e-12
1.733684252262658121e-03 1.644127113394912123e-09 8.010301091567311422e-12
1.753759369762839622e-03 1.641792398190679012e-09 7.838598037434193319e-12
1.774066946167876394e-03 1.639787906805080620e-09 7.665849502974573199e-12
1.794609673225024734e-03 1.638397711777453126e-09 7.492647420684563721e-12
1.815390273850506784e-03 1.637449282898107372e-09 7.319682103495890813e-12
1.836411502490423002e-03 1.637490318667532467e-09 7.147652252778980546e-12
1.857676145485863753e-03 1.638131353988675279e-09 6.977288452220290860e-12
1.879187021442221307e-03 1.640276732972889559e-09 6.808807205473123669e-12
1.900946981602806129e-03 1.642789700298660982e-09 6.643814087762863375e-12
1.922958910226767659e-03 1.646974917825246162e-09 6.482659799858308617e-12
1.945225724971402217e-03 1.651978023549661123e-09 6.326037373340082036e-12
1.967750377278885965e-03 1.658231299253612984e-09 6.174963202823323742e-12
1.990535852767486274e-03 1.666408214696186743e-09 6.029953082824982714e-12
2.013585171627295303e-03 1.675536584174942319e-09 5.891827474078138817e-12
2.036901389020564709e-03 1.686390644710941408e-09 5.761639944981062696e-12
2.060487595486651911e-03 1.698555423581998774e-09 5.639888416213862434e-12
2.084346917351677202e-03 1.712731283698942478e-09 5.527480875225679641e-12
2.108482517142911024e-03 1.727898917903741465e-09 5.425061768014348376e-12
2.132897594007962527e-03 1.744966168170424470e-09 5.333320370156562621e-12
2.157595384138824915e-03 1.763810393620236200e-09 5.253095014259669083e-12
2.182579161200830058e-03 1.784564991111268956e-09 5.184878788222011669e-12
2.207852236766562250e-03 1.807001075850846867e-09 5.129088928837725550e-12
2.233417960754816977e-03 1.830995152748871608e-09 5.086495754324134469e-12
2.259279721874612925e-03 1.856763800990201242e-09 5.057415233628581627e-12
2.285440948074375644e-03 1.884277887607862676e-09 5.042308129552963526e-12
2.311905106996301525e-03 1.913106137939566293e-09 5.041498768236495900e-12
2.338675706435990129e-03 1.944009351933841142e-09 5.054908699665914728e-12
2.365756294807401256e-03 1.975570007470395946e-09 5.082773675577389295e-12
2.393150461613189652e-03 2.008771960774982131e-09 5.125295509183516084e-12
2.420861837920496723e-03 2.042555749637343667e-09 5.182119418050632528e-12
2.448894096842230486e-03 2.077817863240371841e-09 5.253156788178065926e-12
2.477250954023952571e-03 2.113858102831411312e-09 5.337656514146179997e-12
2.505936168136362312e-03 2.150182243570055445e-09 5.435653492768524722e-12
2.534953541373521912e-03 2.187377093165856376e-09 5.546465030274668485e-12
2.564306919956823531e-03 2.224357053885709310e-09 5.669234790717178037e-12
2.594000194644804566e-03 2.261863948436426709e-09 5.802412424987927826e-12
2.624037301248860997e-03 2.297886728927589209e-09 5.946075451757270736e-12
2.654422221154942047e-03 2.333691584830223208e-09 6.098546419790471892e-12
2.685158981851263043e-03 2.368440282450635628e-09 6.258702948675685925e-12
2.716251657462167863e-03 2.402347386755129521e-09 6.424857480206542868e-12
2.747704369288123637e-03 2.434535155289149852e-09 6.595822819744123544e-12
2.779521286352018127e-03 2.464279864549414260e-09 6.769766761712988023e-12
2.811706625951745052e-03 2.492428098221178346e-09 6.944815339702065884e-12
2.844264654219206146e-03 2.517636750080561810e-09 7.119353086869982932e-12
2.877199686685782878e-03 2.539882792654048226e-09 7.291403851805356434e-12
2.910516088854357610e-03 2.559017500839985936e-09 7.459203558316842225e-12
2.944218276777944496e-03 2.575135765665173480e-09 7.600790315080105726e-12
2.978310717645054131e-03 2.587521711625500626e-09 7.773782321491049102e-12
3.012797930371790243e-03 2.595064544126693121e-09 7.916842383513891131e-12
3.047684486200845800e-03 2.598932322962013661e-09 8.048145841742412475e-12
3.082975009307410696e-03 2.598136949689175454e-09 8.165554604399977552e-12
3.118674177412095096e-03 2.593492751061410817e-09 8.267364592067610813e-12
3.154786722400964704e-03 2.583447312809122336e-09 8.351992614308042469e-12
3.191317430952740879e-03 2.569663259728267902e-09 8.418519409058257802e-12
3.228271145173277051e-03 2.550968438199657124e-09 8.465369471713849731e-12
3.265652763237360864e-03 2.527284809408683845e-09 8.491677439719784972e-12
3.303467240037982148e-03 2.499617720687719486e-09 8.496625778048854755e-12
3.341719587843074504e-03 2.467972182192281638e-09 8.480087442052094669e-12
3.380414876959908759e-03 2.432075411861789757e-09 8.441932401465358057e-12
3.419558236407146089e-03 2.392381155074395632e-09 8.382041273215413592e-12
3.459154854594680487e-03 2.350577456970739507e-09 8.301551039611564807e-12
3.499209980011365115e-03 2.305720496836631309e-09 8.200894481758217434e-12
3.539728921920689327e-03 2.258911071873005760e-09 8.081878746150779619e-12
3.580717051064509580e-03 2.210442976812732591e-09 7.945952496259352261e-12
3.622179800374953056e-03 2.161387796570415130e-09 7.794519840802486384e-12
3.664122665694521767e-03 2.112392398475726080e-09 7.631261517821627296e-12
3.706551206504588372e-03 2.064102726052809817e-09 7.458247585212825687e-12
3.749471046662278956e-03 2.017730676606323981e-09 7.278428903404029861e-12
3.792887875145917100e-03 1.973666716588267650e-09 7.095237412484206108e-12
3.836807446809092133e-03 1.932332716400108944e-09 6.911826794862020752e-12
3.881235583143458675e-03 1.895209102480977531e-09 6.731922566477088546e-12
3.926178173050358551e-03 1.862587891019661184e-09 6.558829675147602512e-12
3.971641173621410364e-03 1.835492592186005296e-09 6.396716872671816200e-12
4.017630610928087966e-03 1.814275952665422037e-09 6.248726474585441307e-12
4.064152580820497296e-03 1.799236489396582663e-09 6.118062939147276031e-12
4.111213249735355506e-03 1.791538036851817750e-09 6.008199985338824829e-12
4.158818855513353625e-03 1.790860162975201414e-09 5.921646337057707801e-12
4.206975708225973477e-03 1.797208391400768023e-09 5.860712206741039369e-12
4.255690191011879397e-03 1.811168529388290765e-09 5.827239392095396811e-12
4.304968760923003589e-03 1.832053250416166869e-09 5.822041907041189965e-12
4.354817949780402306e-03 1.859354609025655329e-09 5.845959308320658918e-12
4.405244365040072822e-03 1.893688992093779989e-09 5.898622197311676560e-12
4.456254690668728577e-03 1.932513521623477138e-09 5.978989076808999191e-12
4.507855688029784903e-03 1.976030234615386825e-09 6.085568137891256050e-12
4.560054196779547535e-03 2.023448838374430326e-09 6.215286958937472980e-12
4.612857135773813788e-03 2.072929203325634519e-09 6.364941113656228026e-12
4.666271503984952343e-03 2.123564015841152783e-09 6.530346046162911975e-12
4.720304381429616877e-03 2.173732544942862255e-09 6.707556051784611363e-12
4.774962930107178559e-03 2.221870909341837224e-09 6.891102945939409224e-12
4.830254394949069947e-03 2.267542784303018554e-09 7.075242943996203700e-12
4.886186104779055052e-03 2.308116153366879969e-09 7.254260407901314492e-12
4.942765473284694427e-03 2.343182530670351375e-09 7.422234604137424340e-12
4.999999999999999237e-03 2.371019319309210115e-09 7.573847218883517668e-12
5.057897271299491120e-03 2.390412501336983388e-09 7.703561823712138136e-12
5.116464961403772820e-03 2.400597854970720930e-09 7.806487035156380933e-12
5.175710833396719723e-03 2.401197311918547153e-09 7.878149391237970582e-12
5.235642740254497010e-03 2.392329977988748456e-09 7.916981795225790866e-12
5.296268625886442309e-03 2.374098870840749717e-09 7.920624356352734499e-12
5.357596526188034176e-03 2.346171553122809527e-09 7.888008567512464105e-12
5.419634570106018380e-03 2.311109915160944147e-09 7.819992285580568779e-12
5.482390980715924449e-03 2.268083075162220910e-09 7.719081370465632412e-12
5.545874076312003707e-03 2.219721414609046379e-09 7.588740504501377670e-12
5.610092271509814314e-03 2.167400161309885654e-09 7.434090806949819580e-12
5.675054078361576465e-03 2.113483693958034543e-09 7.261304615417195415e-12
5.740768107484413990e-03 2.059624544099280806e-09 7.077776115946271858e-12
5.807243069201712196e-03 2.008779268115262378e-09 6.891062017734064765e-12
5.874487774697644861e-03 1.963060214602128057e-09 6.710123698735388471e-12
5.942511137185094161e-03 1.923844101416756811e-09 6.543162066273946254e-12
6.011322173087065013e-03 1.893816488095964915e-09 6.398148247557791201e-12
6.080930003231838424e-03 1.873596610623450388e-09 6.282444418447978065e-12
6.151343854061904620e-03 1.865240764336595832e-09 6.202397739969142421e-12
6.222573058856927485e-03 1.868196534014239137e-09 6.162438786115588693e-12
6.294627058970835715e-03 1.884218866978181076e-09 6.164958763725265027e-12
6.367515405083306983e-03 1.910430055657170931e-09 6.210594751664461482e-12
6.441247758465666780e-03 1.946745887013554785e-09 6.297136510098211188e-12
6.515833892261499449e-03 1.991249600090477844e-09 6.420288957102542809e-12
6.591283692782035596e-03 2.041233831862776714e-09 6.573348501515590771e-12
6.667607160816618576e-03 2.094113951240553305e-09 6.748106871977229428e-12
6.744814412958264824e-03 2.147304817810661972e-09 6.933752817427304098e-12
6.822915682944624173e-03 2.196894460568097165e-09 7.119563924267888463e-12
6.901921323014425201e-03 2.240155340094604409e-09 7.293412023117699703e-12
6.981841805279686598e-03 2.273456280960540841e-09 7.444416394299008858e-12
7.062687723113769168e-03 2.295516246849378641e-09 7.561847952581834016e-12
7.144469792555517389e-03 2.303940278633252590e-09 7.637893714791917957e-12
7.227198853729638849e-03 2.299184181121809860e-09 7.666234816015055638e-12
7.310885872283589583e-03 2.279998585041112313e-09 7.644844097471646840e-12
7.395541940841033821e-03 2.247295128520335911e-09 7.573976106242701967e-12
7.481178280472170448e-03 2.204513568745407980e-09 7.459332712702683316e-12
7.567806242181042420e-03 2.154240322969759940e-09 7.308345205936920533e-12
7.655437308410150896e-03 2.098935816740394483e-09 7.132381029310621676e-12
7.744083094562405345e-03 2.043979431283132443e-09 6.945137051080263088e-12
7.833755350540741805e-03 1.994111117932011120e-09 6.761434953757440294e-12
7.924465962305568892e-03 1.951559090422126924e-09 6.596763459454894350e-12
8.016226953450207235e-03 1.921121910033062522e-09 6.465281860180683667e-12
8.109050486794647586e-03 1.905542014654565653e-09 6.378622194366120704e-12
8.202948865997691796e-03 1.905749164873208787e-09 6.345232978079341909e-12
8.297934537187806256e-03 1.922215235968197099e-09 6.368525370108333235e-12
8.394020090612802285e-03 1.953458502594524299e-09 6.447230328278943110e-12
8.491218262308719913e-03 1.997122799497933100e-09 6.574378506678716492e-12
8.589541935787937607e-03 2.048229358342450522e-09 6.738154128288288382e-12
8.689004143746880890e-03 2.102425940875429908e-09 6.922753418850307277e-12
8.789618069793463453e-03 2.154053283696553269e-09 7.109670739116313702e-12
8.891397050194612892e-03 2.197922746058888297e-09 7.279135268517526620e-12
8.994354575643936575e-03 2.229195214693718180e-09 7.413098927945279739e-12
9.098504293049921449e-03 2.243962740790966209e-09 7.496598886375604618e-12
9.203860007344780506e-03 2.240603168010656015e-09 7.519430220240742158e-12
9.310435683314336255e-03 2.219548323940106738e-09 7.478722731819483586e-12
9.418245447449000163e-03 2.182414249040541032e-09 7.378243999159197321e-12
9.527303589816240106e-03 2.133036844941698879e-09 7.229463886318820817e-12
9.637624565954681574e-03 2.077930120697673283e-09 7.049896019520670610e-12
9.749222998790225969e-03 2.023319258630713349e-09 6.861924335609485159e-12
9.862113680574265823e-03 1.976217097601803983e-09 6.689416445585880671e-12
9.976311574844402841e-03 1.942277115634872812e-09 6.555253712410570875e-12
1.009183181840780756e-02 1.926500804645918395e-09 6.478054934340646932e-12
1.020868972334764736e-02 1.930808075625369720e-09 6.470215029257468145e-12
1.032690077905264354e-02 1.954992230534476441e-09 6.533024299398076686e-12
1.044648065427019289e-02 1.995885298780400740e-09 6.653033873795838479e-12
1.056744519918323758e-02 2.047076120801655485e-09 6.821801994842122779e-12
1.068981044751116105e-02 2.101437303200302751e-09 7.005715503093538752e-12
1.081359261863509835e-02 2.150002212099910834e-09 7.187002316844939130e-12
1.093880811974775810e-02 2.186097697017493409e-09 7.323859109724408125e-12
1.106547354802819155e-02 2.203027423355093447e-09 7.409750074064190993e-12
1.119360569284169951e-02 2.197771527291902019e-09 7.424985562070066933e-12
1.132322153796529694e-02 2.171015729667671937e-09 7.365124142097451658e-12
1.145433826383886015e-02 2.126645663905166815e-09 7.217282263852142845e-12
1.158697324984239718e-02 2.072298758017175101e-09 7.044882181295513123e-12
1.172114407659961138e-02 2.017697646917889311e-09 6.862376121377642279e-12
1.185686852830827517e-02 1.972011685549255016e-09 6.686930627956684014e-12
1.199416459509744862e-02 1.943335212930400225e-09 6.578203306347674834e-12
1.213305047541208236e-02 1.938960030652760090e-09 6.539889262830168145e-12
1.227354457842515581e-02 1.959493868776929811e-09 6.597144825128376833e-12
1.241566552647785024e-02 1.998973790254321542e-09 6.721929891408977038e-12
1.255943215754789719e-02 2.047105042518776760e-09 6.897714055199601204e-12
1.270486352774653077e-02 2.100963701709138875e-09 7.081176664769219777e-12
1.285197891384432141e-02 2.142017163675401872e-09 7.247390232113586063e-12
1.300079781582635929e-02 2.167362390288476288e-09 7.344788368542378389e-12
1.315133995947690565e-02 2.160982831245076507e-09 7.350335641483662517e-12
1.330362529899405295e-02 2.132905352353156785e-09 7.268735391247046737e-12
1.345767401963457975e-02 2.085936979089998057e-09 7.101063322161834203e-12
1.361350654038956214e-02 2.032466595672514323e-09 6.912575204748715933e-12
1.377114351669082859e-02 1.984503999838148419e-09 6.750619361388972242e-12
1.393060584314884283e-02 1.954639471200784698e-09 6.634017857462109407e-12
1.409191465632227136e-02 1.948221331375027760e-09 6.603770380089988505e-12
1.425509133751954628e-02 1.970232818959257357e-09 6.675824471204627042e-12
1.442015751563302701e-02 2.014987904533873345e-09 6.814442116979455445e-12
1.458713507000582686e-02 2.066263655405090719e-09 6.997391116626803440e-12
1.475604613333193239e-02 2.113435861171661072e-09 7.165037490614136790e-12
1.492691309458979952e-02 2.143200740232204684e-09 7.281130522159248918e-12
1.509975860201007852e-02 2.144623791228595350e-09 7.295721101575795390e-12
1.527460556607755995e-02 2.114974742935317621e-09 7.211681569287398524e-12
1.545147716256795728e-02 2.066255021654649499e-09 7.049198256705402404e-12
1.563039683561977602e-02 2.012225171528224846e-09 6.862678124312836795e-12
1.581138830084189567e-02 1.967237443732578577e-09 6.708141970239874114e-12
1.599447554845698227e-02 1.949388516680386942e-09 6.649210116898390899e-12
1.617968284648142047e-02 1.965480364049550443e-09 6.689917739995713505e-12
1.636703474394191060e-02 2.007486571532704345e-09 6.829842018939320216e-12
1.655655607412955324e-02 2.061504322049741747e-09 7.014617993783125702e-12
1.674827195789137593e-02 2.107036905769310189e-09 7.183362166959202884e-12
1.694220780696013492e-02 2.130632117838793829e-09 7.271674456638682598e-12
1.713838932732252018e-02 2.119455813235981622e-09 7.245021045531381268e-12
1.733684252262658251e-02 2.078216349997507663e-09 7.116118805095829087e-12
1.753759369762839665e-02 2.022030266119261951e-09 6.927213133334860988e-12
1.774066946167878259e-02 1.974507702734220006e-09 6.766239865093685371e-12
1.794609673225026555e-02 1.954491571505336887e-09 6.690516497160377864e-12
1.815390273850506567e-02 1.971197646836699678e-09 6.737347409451111504e-12
1.836411502490422828e-02 2.015334145728799541e-09 6.889236930759336778e-12
1.857676145485861671e-02 2.066074361780742082e-09 7.072655855040548961e-12
1.879187021442221481e-02 2.105692536627873884e-09 7.213456143727024975e-12
1.900946981602805869e-02 2.110164238961667834e-09 7.239382898127864752e-12
1.922958910226767529e-02 2.080529754145909853e-09 7.137441930172590419e-12
1.945225724971402087e-02 2.024953205649078939e-09 6.960929070981345929e-12
1.967750377278888047e-02 1.976913966632122612e-09 6.788504280042678854e-12
1.990535852767486361e-02 1.955717888403552434e-09 6.716662469000343900e-12
2.013585171627295042e-02 1.974703851923028870e-09 6.777380016569691408e-12
2.036901389020562628e-02 2.022918389546911348e-09 6.942116589003016211e-12
2.060487595486651738e-02 2.074471192536074029e-09 7.120733056442384963e-12
2.084346917351677375e-02 2.099693193490385952e-09 7.217323692098385373e-12
2.108482517142910850e-02 2.087323910033114966e-09 7.176929173068020445e-12
2.132897594007962527e-02 2.037310509541410103e-09 7.017763618317671757e-12
2.157595384138826997e-02 1.986385354084289856e-09 6.840365632732931240e-12
2.182579161200830231e-02 1.956403984246090482e-09 6.744048840104373172e-12
2.207852236766562337e-02 1.971880086053957435e-09 6.797533216451583809e-12
2.233417960754814982e-02 2.021091902389894241e-09 6.958745741334792733e-12
2.259279721874612665e-02 2.068452349550980050e-09 7.134096341703628042e-12
2.285440948074375644e-02 2.090349339968151355e-09 7.199425522904419093e-12
2.311905106996301265e-02 2.063390024890474104e-09 7.118510475103861249e-12
2.338675706435990390e-02 2.010743908965080289e-09 6.936537798358524484e-12
2.365756294807403598e-02 1.964622145046582806e-09 6.791075243896952654e-12
2.393150461613192254e-02 1.962362669373644300e-09 6.772839940158777816e-12
2.420861837920496723e-02 1.999928425780425939e-09 6.901122168848207727e-12
2.448894096842230833e-02 2.052023382719076961e-09 7.092860627642296885e-12
2.477250954023949708e-02 2.078210872926159638e-09 7.183808533900790768e-12
2.505936168136362399e-02 2.054526542569588421e-09 7.109010167173786455e-12
2.534953541373521912e-02 2.001977996311009316e-09 6.931752609560023718e-12
2.564306919956823791e-02 1.963846150266864192e-09 6.792221080916359375e-12
2.594000194644804219e-02 1.964687419242439302e-09 6.807229315174004988e-12
2.624037301248863946e-02 2.010020278815444337e-09 6.969002239421877383e-12
2.654422221154941960e-02 2.057105306011167724e-09 7.132054816711675351e-12
2.685158981851263130e-02 2.063055426485220468e-09 7.157869614969178811e-12
2.716251657462165001e-02 2.022024747085872354e-09 7.018453489401786619e-12
2.747704369288124157e-02 1.972676754304431242e-09 6.843842780137118795e-12
2.779521286352018214e-02 1.957461643858857783e-09 6.800245855130238637e-12
2.811706625951744531e-02 1.993121366905358863e-09 6.924413165143313591e-12
2.844264654219205712e-02 2.044846293698493514e-09 7.104259922403144237e-12
2.877199686685785740e-02 2.055542532769030131e-09 7.150239474824796981e-12
2.910516088854357350e-02 2.016841089804937920e-09 7.017869456459867751e-12
2.944218276777944496e-02 1.967341264669759412e-09 6.843386281516549722e-12
2.978310717645051356e-02 1.955687319820897560e-09 6.818714300031817970e-12
3.012797930371789723e-02 2.000165279278981604e-09 6.965629536571588931e-12
3.047684486200846060e-02 2.045127105852192255e-09 7.125924206913353411e-12
3.082975009307410696e-02 2.041699801568736068e-09 7.117956048785902260e-12
3.118674177412094836e-02 1.992695220215763612e-09 6.944876009556022103e-12
3.154786722400967913e-02 1.953820499343939001e-09 6.820156093829884582e-12
3.191317430952744089e-02 1.974347333311327457e-09 6.890493944914007215e-12
3.228271145173277484e-02 2.024394391659209940e-09 7.068555795344708617e-12
3.265652763237360950e-02 2.040809678860344806e-09 7.132265954988758532e-12
3.303467240037978592e-02 2.004337278179399056e-09 6.998873086133112522e-12
3.341719587843074157e-02 1.958238660948430689e-09 6.840814553852088035e-12
3.380414876959909193e-02 1.965171464872413966e-09 6.872688399813967319e-12
3.419558236407145568e-02 2.014301891920377863e-09 7.048401798877448019e-12
3.459154854594680834e-02 2.036366125848592261e-09 7.125834626704244078e-12
3.499209980011368931e-02 1.998673161206287517e-09 6.992758771238070101e-12
3.539728921920690108e-02 1.954153771389920228e-09 6.844178463209862678e-12
3.580717051064509493e-02 1.968759580904891670e-09 6.898390865023663168e-12
3.622179800374948633e-02 2.017411846243968607e-09 7.075685210569737465e-12
3.664122665694521941e-02 2.026196439168869347e-09 7.099937597760681894e-12
3.706551206504588025e-02 1.978023266495746578e-09 6.938413694761579315e-12
3.749471046662278956e-02 1.950571708149143865e-09 6.841725785623462183e-12
3.792887875145917187e-02 1.986174362072620926e-09 6.976055016360496360e-12
3.836807446809096384e-02 2.025503621901945979e-09 7.109163152657492376e-12
3.881235583143459456e-02 2.000290779721734464e-09 7.024107848327099122e-12
3.926178173050358378e-02 1.953368490892699461e-09 6.862640393716479347e-12
3.971641173621406201e-02 1.965534909623912913e-09 6.912810539727576602e-12
4.017630610928087792e-02 2.013326273155386993e-09 7.083690225466284911e-12
4.064152580820497296e-02 2.003844306021418778e-09 7.061942137630822692e-12
4.111213249735355679e-02 1.958678260081854284e-09 6.890800546403077804e-12
4.158818855513353452e-02 1.956617209914558024e-09 6.890675322002860901e-12
4.206975708225977467e-02 2.005042533361939359e-09 7.063981441305653605e-12
4.255690191011883561e-02 2.008267650181038620e-09 7.071197819697387316e-12
4.304968760923003068e-02 1.958156833570986196e-09 6.898165567678243271e-12
4.354817949780401959e-02 1.954971742649089564e-09 6.899170228317012132e-12
4.405244365040068139e-02 2.002264924283935789e-09 7.070468931588220997e-12
4.456254690668728924e-02 1.997444500956719028e-09 7.043265513817763310e-12
4.507855688029784730e-02 1.949213229009570174e-09 6.884447694214097089e-12
4.560054196779547708e-02 1.961673242475430078e-09 6.934786243688815525e-12
4.612857135773813788e-02 2.004114862035478238e-09 7.088186473967230165e-12
4.666271503984956853e-02 1.979907371362238783e-09 6.997165784462630104e-12
4.720304381429617224e-02 1.942357222041749680e-09 6.873383171016255514e-12
4.774962930107178732e-02 1.978583672503669351e-09 7.005701129781601713e-12
4.830254394949064917e-02 2.000683271304278590e-09 7.078725182213907261e-12
4.886186104779054878e-02 1.954640789372635812e-09 6.916490485220137584e-12
4.942765473284694427e-02 1.952246036574520070e-09 6.918696109671491611e-12
4.999999999999999584e-02 1.996327188079545903e-09 7.077538296073592120e-12
5.057897271299491293e-02 1.972705901482793048e-09 6.990252990055966418e-12
5.116464961403772993e-02 1.942434245990902063e-09 6.883276066330391778e-12
5.175710833396719723e-02 1.982369123830169932e-09 7.037354013407713988e-12
5.235642740254497357e-02 1.984403006752018519e-09 7.039722770984357814e-12
5.296268625886442483e-02 1.940938973775694735e-09 6.890860154117286318e-12
5.357596526188034003e-02 1.968520140127643424e-09 6.998178081158098010e-12
5.419634570106018207e-02 1.988006845150954621e-09 7.061195522665519893e-12
5.482390980715925316e-02 1.942387199819061155e-09 6.900757167737543403e-12
5.545874076312003881e-02 1.960632698793164697e-09 6.978121104003665626e-12
5.610092271509819345e-02 1.986653766515892515e-09 7.065934565664733824e-12
5.675054078361576465e-02 1.941065076800696382e-09 6.908023129514080981e-12
5.740768107484413990e-02 1.958542806389385213e-09 6.978857208986013588e-12
5.807243069201711849e-02 1.983791474126411542e-09 7.060138685479380218e-12
5.874487774697650933e-02 1.937846782159001794e-09 6.903672163170417610e-12
5.942511137185094161e-02 1.962840753413568469e-09 6.998980305487415515e-12
6.011322173087065013e-02 1.974119006039787760e-09 7.041607028412030585e-12
6.080930003231839465e-02 1.933808293863672544e-09 6.900040123359968045e-12
6.151343854061905314e-02 1.967895995873745342e-09 7.033285850028570690e-12
6.222573058856927658e-02 1.962912198368249422e-09 7.000961343793922419e-12
6.294627058970836408e-02 1.932886113658449628e-09 6.915268318938013464e-12
6.367515405083307156e-02 1.975659668453195579e-09 7.066992364610458953e-12
6.441247758465666606e-02 1.942265348080424736e-09 6.940852196664979742e-12
6.515833892261499449e-02 1.947650321147130112e-09 6.969439033066770024e-12
6.591283692782036463e-02 1.969403453517949624e-09 7.045562347804135028e-12
6.667607160816618750e-02 1.928487547950521346e-09 6.905971720142991426e-12
6.744814412958265171e-02 1.974648235331496038e-09 7.046206381873873364e-12
6.822915682944624693e-02 1.944476449434400776e-09 6.961342321550185529e-12
6.901921323014424681e-02 1.941594184052334785e-09 6.962236948006152910e-12
6.981841805279687119e-02 1.965232408680419064e-09 7.033894160066336905e-12
7.062687723113769689e-02 1.927442754862731119e-09 6.912700037140600768e-12
7.144469792555517562e-02 1.961959298278819435e-09 7.071458443394934288e-12
7.227198853729638328e-02 1.934726625498568387e-09 6.932563915555901980e-12
7.310885872283590103e-02 1.948632148063855547e-09 7.006898527006776434e-12
7.395541940841035555e-02 1.947266316760355592e-09 6.989112035050861850e-12
7.481178280472171316e-02 1.931896899608320635e-09 6.952590403179478905e-12
7.567806242181042420e-02 1.956164588861223728e-09 7.033272091669014089e-12
7.655437308410151243e-02 1.920651710470125979e-09 6.924140885662947501e-12
7.744083094562405345e-02 1.957590629610606974e-09 7.048200185845272344e-12
7.833755350540749784e-02 1.921807134535443954e-09 6.918947332224543961e-12
7.924465962305569933e-02 1.952946100005281094e-09 7.045505343675709925e-12
8.016226953450207582e-02 1.917495016325170503e-09 6.927030920788907460e-12
8.109050486794648627e-02 1.951577628735120474e-09 7.033951637871219179e-12
8.202948865997693184e-02 1.925140134352900447e-09 6.936751240372779496e-12
8.297934537187805215e-02 1.950946927301274802e-09 7.026752929281276213e-12
8.394020090612802631e-02 1.927189913553738779e-09 6.941804367609810350e-12
8.491218262308720954e-02 1.952799271483313895e-09 7.024238828722431194e-12
8.589541935787936566e-02 1.925240223368816305e-09 6.943116531027918789e-12
8.689004143746879849e-02 1.940978682157539291e-09 7.027986628864776741e-12
8.789618069793464494e-02 1.920421163561017986e-09 6.934330453206735540e-12
8.891397050194613239e-02 1.945759813083534823e-09 7.034053440405801347e-12
8.994354575643935534e-02 1.916869759075963140e-09 6.931603799598437580e-12
9.098504293049920755e-02 1.943682474576360293e-09 7.040378587481409367e-12
9.203860007344780159e-02 1.909494786481601147e-09 6.928705184748919984e-12
9.310435683314335908e-02 1.946805080666434836e-09 7.035216920243707265e-12
9.418245447449000163e-02 1.914911811713801137e-09 6.945211989360821129e-12
9.527303589816239759e-02 1.935033753926511434e-09 7.006482559587156290e-12
9.637624565954681921e-02 1.927558307945407466e-09 6.984300726585927429e-12
9.749222998790225969e-02 1.921824180008325466e-09 6.961232275032543494e-12
9.862113680574266517e-02 1.946035935327914888e-09 7.027593974841293020e-12
9.976311574844401453e-02 1.914754280203614095e-09 6.934079442392176720e-12
1.009183181840780652e-01 1.932852342172467954e-09 7.029355394435438908e-12
1.020868972334764563e-01 1.919148237655250212e-09 6.962855339473431014e-12
1.032690077905264459e-01 1.922201071733236878e-09 6.971832810839690787e-12
1.044648065427020295e-01 1.927685283379113508e-09 7.025076417575099339e-12
1.056744519918323688e-01 1.907071072608874838e-09 6.936953647743947202e-12
1.068981044751116105e-01 1.928255096351355750e-09 7.011567464686665611e-12
1.081359261863509835e-01 1.917912744198587071e-09 6.994709624383709625e-12
1.093880811974775602e-01 1.907761062062395569e-09 6.942293860434260718e-12
1.106547354802819155e-01 1.927617742877052324e-09 7.025944764799641440e-12
1.119360569284170021e-01 1.912217587268231950e-09 6.981052286772929379e-12
1.132322153796529590e-01 1.903130579708640438e-09 6.946382904224073923e-12
1.145433826383886050e-01 1.928540648755961967e-09 7.023445133046254349e-12
1.158697324984239579e-01 1.911537481699670603e-09 6.986108427118447420e-12
1.172114407659961138e-01 1.900905279595000243e-09 6.943001152559441873e-12
1.185686852830827587e-01 1.918339477451674882e-09 7.010593344939988603e-12
1.199416459509744792e-01 1.918838346397653511e-09 7.008966472470598571e-12
1.213305047541208270e-01 1.899415106626025795e-09 6.944710233045997864e-12
1.227354457842515234e-01 1.909277286862485710e-09 6.976171103810751187e-12
1.241566552647785093e-01 1.926329235414545193e-09 7.023727850778030789e-12
1.255943215754789510e-01 1.905057132857752132e-09 6.983610362712646178e-12
1.270486352774652938e-01 1.894769898194423988e-09 6.943064264231588047e-12
1.285197891384432245e-01 1.908329760391024335e-09 6.984131591265724952e-12
1.300079781582635929e-01 1.915741708162042120e-09 7.023656253840135344e-12
1.315133995947690704e-01 1.909105826719968797e-09 6.993369846597463668e-12
1.330362529899405399e-01 1.894301657476512159e-09 6.950077282189771741e-12
1.345767401963458287e-01 1.896497495873529118e-09 6.960781884109729609e-12
1.361350654038956109e-01 1.907378761249459564e-09 7.004627259037096664e-12
1.377114351669082859e-01 1.913918975986270634e-09 7.021902690551424583e-12
1.393060584314885775e-01 1.905680194374185464e-09 6.994356146282743118e-12
1.409191465632227414e-01 1.892705384355842392e-09 6.958925616325816161e-12
1.425509133751954594e-01 1.887675260145461177e-09 6.951363425202470566e-12
1.442015751563302528e-01 1.896649442545949478e-09 6.973690864472280134e-12
1.458713507000582721e-01 1.904011913664137095e-09 7.004131876356876538e-12
1.475604613333193205e-01 1.906546140828293137e-09 7.019171368181836427e-12
1.492691309458979987e-01 1.903551337628022247e-09 7.012687808340576038e-12
1.509975860201007714e-01 1.898482314578734613e-09 6.992988775406972632e-12
1.527460556607755926e-01 1.891316005180754606e-09 6.971936444973259210e-12
1.545147716256795867e-01 1.886632506517265159e-09 6.957866947274596567e-12
1.563039683561977533e-01 1.885220830099094589e-09 6.951611811734101372e-12
1.581138830084189428e-01 1.885686386729630375e-09 6.955208243007375384e-12
1.599447554845698505e-01 1.886656679057326645e-09 6.959898188413906969e-12
1.617968284648141908e-01 1.884658582806250621e-09 6.967462520238675817e-12
1.636703474394191060e-01 1.888698921980448695e-09 6.975326482296523742e-12
1.655655607412955255e-01 1.890385035829835483e-09 6.980396192408986794e-12
1.674827195789137801e-01 1.889298633277729210e-09 6.983084028807196986e-12
1.694220780696013562e-01 1.889446207490092688e-09 6.984406113716515201e-12
1.713838932732252018e-01 1.888553274317279727e-09 6.982839556980648178e-12
1.733684252262658043e-01 1.886206561559781624e-09 6.979000818801005618e-12
1.753759369762839526e-01 1.883847983886390194e-09 6.973560529356931462e-12
1.774066946167878189e-01 1.881557474777141708e-09 6.968190004914752596e-12
1.794609673225026625e-01 1.878774145531291360e-09 6.959864317323227000e-12
1.815390273850506775e-01 1.875455179486555437e-09 6.956216468048756626e-12
1.836411502490422898e-01 1.875846066615285665e-09 6.957295281924338954e-12
1.857676145485863684e-01 1.875863797942332541e-09 6.967870212011761487e-12
1.879187021442221273e-01 1.881212194397474111e-09 6.983729386070579617e-12
1.900946981602806007e-01 1.886944517587788278e-09 7.001891683273264115e-12
1.922958910226767459e-01 1.886971237735323713e-09 7.010549374350478935e-12
1.945225724971402226e-01 1.882604163501741753e-09 7.002235025739895503e-12
1.967750377278887630e-01 1.877101247795814351e-09 6.977741308428797226e-12
1.990535852767486569e-01 1.870817688068185239e-09 6.960617949810482651e-12
2.013585171627294834e-01 1.872492585382885207e-09 6.969252741185588018e-12
2.036901389020563113e-01 1.878830763435855446e-09 6.998052356205611744e-12
2.060487595486651946e-01 1.882166455729552985e-09 7.006641789996208080e-12
2.084346917351677098e-01 1.873979574410519295e-09 6.979848162439401488e-12
2.108482517142910850e-01 1.868838951440351823e-09 6.962576534236630337e-12
2.132897594007962527e-01 1.874154058178677411e-09 6.988328515217827030e-12
2.157595384138827066e-01 1.880098210902664813e-09 7.007968953392153668e-12
2.182579161200830231e-01 1.869628854495162006e-09 6.973509552410553325e-12
2.207852236766562060e-01 1.865672871880940052e-09 6.966362648555791249e-12
2.233417960754814913e-01 1.874952968476781870e-09 7.008204624150088289e-12
2.259279721874612734e-01 1.869910861539256885e-09 6.982186335348173309e-12
2.285440948074375367e-01 1.863261340549994673e-09 6.964433943662219594e-12
2.311905106996301473e-01 1.874045220485216664e-09 7.003904555646455501e-12
2.338675706435990320e-01 1.864115542392513583e-09 6.971935754763856586e-12
2.365756294807403182e-01 1.864325871166935040e-09 6.981512786555746067e-12
2.393150461613192392e-01 1.870544413097379080e-09 6.998974327787747386e-12
2.420861837920496862e-01 1.859773217781572892e-09 6.965285797579377610e-12
2.448894096842230417e-01 1.868352397599756787e-09 7.001371793766570784e-12
2.477250954023952345e-01 1.858295395711619494e-09 6.963046081301787505e-12
2.505936168136362330e-01 1.868060851796240610e-09 7.003052664560925398e-12
2.534953541373521912e-01 1.857380410858947675e-09 6.967615487698958719e-12
2.564306919956823583e-01 1.864963309285646616e-09 7.002639239143684316e-12
2.594000194644804358e-01 1.855306521081297408e-09 6.966746106762742069e-12
2.624037301248863807e-01 1.863661780104886318e-09 7.001737432422473934e-12
2.654422221154941752e-01 1.853659783006933296e-09 6.966963063563439009e-12
2.685158981851263338e-01 1.861957296175029391e-09 6.998117823882832835e-12
2.716251657462164792e-01 1.856243139232099204e-09 6.981582052262741455e-12
2.747704369288123671e-01 1.854658209413314677e-09 6.973841273876933922e-12
2.779521286352018006e-01 1.859510244993207274e-09 7.000560960799313793e-12
2.811706625951744809e-01 1.850694947971954631e-09 6.970150743016724952e-12
2.844264654219206268e-01 1.852542602290971518e-09 6.977276396750547256e-12
2.877199686685785740e-01 1.857652623087749192e-09 7.000281788778908426e-12
2.910516088854357419e-01 1.850462945931338602e-09 6.977979210513967692e-12
2.944218276777944565e-01 1.847165674798433878e-09 6.967119136084022100e-12
2.978310717645051287e-01 1.852341712828574713e-09 6.990861247857970846e-12
3.012797930371790001e-01 1.853986266168805517e-09 6.999923688227631398e-12
3.047684486200846199e-01 1.848770063906302618e-09 6.984089575050014678e-12
3.082975009307410419e-01 1.844330073264045475e-09 6.966715347604619208e-12
3.118674177412095183e-01 1.843779873528307114e-09 6.969489697479776817e-12
3.154786722400967913e-01 1.847143538337862186e-09 6.982489813002924561e-12
3.191317430952744227e-01 1.849082130162281840e-09 6.995036665432264538e-12
3.228271145173277623e-01 1.849134887583509373e-09 6.997716076983780199e-12
3.265652763237361089e-01 1.848294357302718104e-09 6.994202136839549845e-12
3.303467240037981645e-01 1.846270590481824246e-09 6.994097480190253818e-12
3.341719587843073880e-01 1.844858921183080989e-09 6.990448710742665320e-12
3.380414876959909054e-01 1.844284695343253166e-09 6.989931207994093735e-12
3.419558236407145846e-01 1.842987002262082898e-09 6.990535894317377309e-12
3.459154854594680972e-01 1.843321738544665974e-09 6.993990810564084178e-12
3.499209980011368515e-01 1.843227846224397777e-09 6.997260991768783669e-12
3.539728921920689553e-01 1.842808404946515946e-09 6.995651602233453589e-12
3.580717051064509215e-01 1.841047308055251827e-09 6.992576601570747456e-12
3.622179800374948910e-01 1.837790557167058533e-09 6.981817870391438964e-12
3.664122665694521941e-01 1.833723873412574588e-09 6.970467545247314725e-12
3.706551206504588025e-01 1.832669208061068830e-09 6.970089697956999261e-12
3.749471046662278817e-01 1.836223642262028757e-09 6.984030826722417985e-12
3.792887875145917187e-01 1.837765344094283136e-09 6.995287589709136877e-12
3.836807446809096245e-01 1.834325871117650895e-09 6.981493119036223025e-12
3.881235583143459178e-01 1.829347474029458148e-09 6.970010888860279748e-12
3.926178173050358100e-01 1.833942298275081598e-09 6.989695142882780511e-12
3.971641173621406340e-01 1.832613770261125601e-09 6.989802239859554551e-12
4.017630610928087931e-01 1.827103564033035260e-09 6.968931953548678526e-12
4.064152580820497018e-01 1.832819124952515506e-09 6.995176616413325795e-12
4.111213249735355402e-01 1.828056568925906197e-09 6.977100569050511276e-12
4.158818855513353729e-01 1.828795788959251894e-09 6.986617147534572373e-12
4.206975708225977328e-01 1.827945943367684699e-09 6.982653674424998039e-12
4.255690191011883283e-01 1.827197009302979747e-09 6.983689719631329986e-12
4.304968760923003068e-01 1.825819750003216834e-09 6.980311691672185853e-12
4.354817949780401820e-01 1.827804333739999419e-09 6.990314142939304533e-12
4.405244365040072441e-01 1.819282512037043475e-09 6.972405738130745550e-12
4.456254690668728924e-01 1.826812799080338201e-09 6.992746352149644078e-12
4.507855688029784313e-01 1.822451333366542766e-09 6.979231046458064457e-12
4.560054196779547708e-01 1.820665044944924281e-09 6.970826611007973534e-12
4.612857135773818507e-01 1.824378250542327446e-09 6.991409076522668927e-12
4.666271503984956714e-01 1.821882627636277271e-09 6.988122364964648921e-12
4.720304381429618057e-01 1.816318214780745645e-09 6.975243601006033107e-12
4.774962930107178871e-01 1.816520244985442453e-09 6.973859936265796743e-12
4.830254394949065055e-01 1.818649921378353364e-09 6.982301865710086120e-12
4.886186104779055572e-01 1.819947443868659078e-09 6.992400552141063601e-12
4.942765473284694844e-01 1.819706955934863085e-09 6.993578778985942118e-12
5.000000000000000000e-01 1.813626319622092836e-09 6.993113091693147396e-12
5.235642740254498051e-01 1.816313862072904003e-09 6.993542065790798001e-12
5.482390980715924345e-01 1.810404691652387861e-09 6.982197273727405163e-12
5.740768107484414129e-01 1.809912711295894528e-09 6.991892822538554878e-12
6.011322173087064735e-01 1.805354029427601912e-09 6.989569408379676587e-12
6.294627058970836408e-01 1.799305678358552565e-09 6.975810687673001445e-12
6.591283692782035075e-01 1.797532328342602127e-09 6.978026166251332448e-12
6.901921323014423848e-01 1.793724758502868018e-09 6.976680971008901883e-12
7.227198853729637218e-01 1.791016025928923682e-09 6.978738808364435331e-12
7.567806242181041032e-01 1.789594862256684533e-09 6.984000227401715937e-12
7.924465962305566880e-01 1.787959734724341084e-09 6.985674934697342128e-12
8.297934537187804382e-01 1.782679071151906372e-09 6.979917817689056210e-12
8.689004143746876796e-01 1.778705472938551719e-09 6.977172520789100665e-12
9.098504293049917147e-01 1.776518974320617607e-09 6.976564304212806999e-12
9.527303589816237261e-01 1.772968364348591530e-09 6.977150901459611613e-12
9.976311574844397567e-01 1.769095340590207165e-09 6.976367488396437049e-12
1.044648065427019823e+00 1.766582004665378820e-09 6.975957718486525395e-12
1.093880811974776268e+00 1.765232038663837685e-09 6.984204058602770441e-12
1.145433826383886577e+00 1.761116737987100822e-09 6.980004348624567300e-12
1.199416459509745181e+00 1.760127604022034890e-09 6.986361396596436658e-12
1.255943215754790065e+00 1.756515727206616296e-09 6.982882726054533897e-12
1.315133995947690870e+00 1.751715159861103733e-09 6.982313238633959822e-12
1.377114351669083137e+00 1.749573530742280031e-09 6.979113257700135459e-12
1.442015751563302972e+00 1.745703105671374482e-09 6.975538744262082823e-12
1.509975860201008047e+00 1.743179104520347758e-09 6.977860784408884582e-12
1.581138830084189761e+00 1.741368781669202809e-09 6.982097876993730541e-12
1.655655607412955810e+00 1.737722084402662228e-09 6.978824563296725333e-12
1.733684252262658321e+00 1.734400989926538289e-09 6.977850100438212113e-12
1.815390273850506997e+00 1.731555720011875548e-09 6.977923115336825601e-12
1.900946981602805952e+00 1.729219483166674560e-09 6.979303219354544626e-12
1.990535852767486347e+00 1.725882030600067821e-09 6.978540892395125998e-12
2.084346917351676876e+00 1.721459897614242718e-09 6.976143995208586277e-12
2.182579161200830065e+00 1.719984685273352353e-09 6.978954660295266531e-12
2.285440948074375367e+00 1.716847375514702912e-09 6.975298186167270001e-12
2.393150461613192004e+00 1.715412157228364763e-09 6.977741663664334526e-12
2.505936168136361886e+00 1.711155520194521873e-09 6.979545258179672186e-12
2.624037301248862697e+00 1.707698470294539593e-09 6.975998936654583402e-12
2.747704369288122894e+00 1.706080332160289897e-09 6.981462560820275961e-12
2.877199686685784741e+00 1.701787318256441643e-09 6.975460915466294282e-12
3.012797930371788890e+00 1.698740809024049464e-09 6.976945111463086369e-12
3.154786722400966692e+00 1.696322200182912452e-09 6.980802987996217096e-12
3.303467240037979646e+00 1.693124641333181295e-09 6.975771439571995642e-12
3.459154854594682416e+00 1.690061540403701247e-09 6.976727891728574647e-12
3.622179800374950798e+00 1.683581226961604507e-09 6.962993363573098745e-12
3.792887875145918741e+00 1.684561933360173019e-09 6.978865301160371873e-12
3.971641173621408338e+00 1.681538208886462544e-09 6.973467830675178472e-12
4.158818855513356283e+00 1.678820320139153676e-09 6.977055735917996200e-12
4.354817949780404263e+00 1.674935982416717232e-09 6.976780096552934563e-12
4.560054196779547375e+00 1.672335214014224174e-09 6.972666075376552740e-12
4.774962930107179204e+00 1.669924185244438374e-09 6.976705391424530779e-12
5.000000000000000888e+00 1.666800644699869253e-09 6.975305535345721530e-12
6.294627058970835520e+00 1.651596389074327210e-09 6.960519125249537339e-12
7.924465962305567324e+00 1.637754477969693620e-09 6.972857119296838672e-12
9.976311574844396901e+00 1.623341164247000345e-09 6.972509147465027119e-12
1.255943215754790288e+01 1.608316206116883907e-09 6.970548284953282793e-12
1.581138830084189451e+01 1.591994981522574040e-09 6.970879800708839022e-12
1.990535852767486347e+01 1.580301204392369980e-09 6.968454772655718636e-12
2.505936168136362241e+01 1.565637965305434907e-09 6.963284710066613247e-12
3.154786722400966070e+01 1.551040659607885883e-09 6.969407690445710285e-12
3.971641173621406296e+01 1.537209031430615828e-09 6.968104522610688752e-12
4.999999999999999289e+01 1.524396817447666731e-09 6.991482377953261949e-12
