3.459154854594680595e-05 1.906786561798452705e-08 1.175130746065419583e-12
3.539728921920685885e-05 8.107741482420442907e-11 1.248531967213487433e-12
3.622179800374951728e-05 1.607202754919999446e-10 1.317563971471031184e-12
3.706551206504588155e-05 2.568627344745401471e-10 1.380365194328047137e-12
3.792887875145917236e-05 3.613326436927255463e-10 1.435331138873571125e-12
3.881235583143463039e-05 4.697868983098001743e-10 1.480388089184228203e-12
3.971641173621410364e-05 5.791666861388494406e-10 1.514384338294087668e-12
4.064152580820497269e-05 6.847434754858598630e-10 1.535194881365081740e-12
4.158818855513353842e-05 7.835077524177571368e-10 1.541987122526826835e-12
4.255690191011879750e-05 8.719887438841739867e-10 1.533562534152531965e-12
4.354817949780397373e-05 9.473598509593713927e-10 1.509695415595830169e-12
4.456254690668728712e-05 1.008639971397203195e-09 1.469736381194168022e-12
4.560054196779547508e-05 1.053477553428699012e-09 1.415068803182338160e-12
4.666271503984951611e-05 1.081238395947386361e-09 1.346550275269529320e-12
4.774962930107183736e-05 1.092316136467882720e-09 1.266537831685379663e-12
4.886186104779054808e-05 1.086624531835185630e-09 1.178415812189852050e-12
4.999999999999999562e-05 1.065585185697383353e-09 1.086434676598787571e-12
5.057897271299490442e-05 1.050188662908563589e-09 1.040341594715019578e-12
5.116464961403767886e-05 1.031751677325586234e-09 9.952342320455583320e-13
5.175710833396714899e-05 1.010812030785057570e-09 9.518538149549834106e-13
5.235642740254491996e-05 9.873257705297600865e-10 9.108593809823035375e-13
5.296268625886447188e-05 9.624275044888831406e-10 8.731843146376894473e-13
5.357596526188034176e-05 9.362495824627397521e-10 8.395119493151667899e-13
5.419634570106018624e-05 9.091716275128923712e-10 8.109271190691495566e-13
5.482390980715925072e-05 8.817945372259671719e-10 7.882271095560724939e-13
5.545874076312003680e-05 8.543095204460640231e-10 7.721311373711948045e-13
5.610092271509814368e-05 8.275081164103733931e-10 7.634963856008251839e-13
5.675054078361571342e-05 8.017979248068488007e-10 7.630927866085878096e-13
5.740768107484407919e-05 7.778745783663220695e-10 7.715101418384389122e-13
5.807243069201718186e-05 7.553716349792665032e-10 7.894490125353299311e-13
5.874487774697650716e-05 7.359256480676842929e-10 8.173199191563152654e-13
5.942511137185093131e-05 7.184370484186483653e-10 8.556587202227026678e-13
6.011322173087064877e-05 7.044480922919612989e-10 9.045585927713569131e-13
6.080930003231838695e-05 6.935197547129850202e-10 9.641586630633033719e-13
6.151343854061905325e-05 6.856078576427974224e-10 1.034462022634804442e-12
6.222573058856921034e-05 6.814308526461075131e-10 1.115187710352259173e-12
6.294627058970830402e-05 6.811158350692542256e-10 1.205700103119327836e-12
6.367515405083314138e-05 6.840229420712351778e-10 1.305594332362415520e-12
6.441247758465673719e-05 6.905279869264275580e-10 1.413764890711694952e-12
6.515833892261499124e-05 7.001485529817332594e-10 1.529359632407146359e-12
6.591283692782035650e-05 7.127820251953600199e-10 1.650957509438576727e-12
6.667607160816619769e-05 7.282007479205947667e-10 1.776693049354366669e-12
6.744814412958265366e-05 7.458366033729211089e-10 1.905451814882165014e-12
6.822915682944618535e-05 7.655379555887225518e-10 2.034814204201633520e-12
6.901921323014417829e-05 7.865568548677464051e-10 2.163061466499358394e-12
6.981841805279680852e-05 8.087475614594220638e-10 2.287724925333116180e-12
7.062687723113775782e-05 8.314281978342069994e-10 2.406638304567983926e-12
7.144469792555518744e-05 8.539193462724816757e-10 2.518013953567422328e-12
7.227198853729638578e-05 8.758544171530256625e-10 2.619023422782524910e-12
7.310885872283590017e-05 8.966410544920067372e-10 2.707226344715972549e-12
7.395541940841035122e-05 9.160309927206394844e-10 2.781843262048448297e-12
7.481178280472162371e-05 9.334833610841838114e-10 2.840336528434760466e-12
7.567806242181033150e-05 9.488269878308221917e-10 2.881253319157189111e-12
7.655437308410142656e-05 9.618521143170690929e-10 2.903021386615326575e-12
7.744083094562412067e-05 9.719258593423834893e-10 2.905308911171995903e-12
7.833755350540750207e-05 9.794344347094999645e-10 2.888088185190037786e-12
7.924465962305569597e-05 9.844343352564866405e-10 2.850955822845313870e-12
8.016226953450208102e-05 9.866368651857239785e-10 2.795229695574031014e-12
8.109050486794647857e-05 9.863823281322058055e-10 2.721935030554538379e-12
8.202948865997692718e-05 9.840696440059291486e-10 2.633014926287170906e-12
8.297934537187796715e-05 9.801035524851752814e-10 2.531237769965285992e-12
8.394020090612794207e-05 9.747287758117717122e-10 2.419996456038683992e-12
8.491218262308729617e-05 9.691935883324511449e-10 2.302719405261866486e-12
8.589541935787945305e-05 9.627454939184968152e-10 2.182963545203154434e-12
8.689004143746880239e-05 9.569707026291125865e-10 2.066251057874994303e-12
8.789618069793464267e-05 9.520563777631836021e-10 1.956244365761341972e-12
8.891397050194613488e-05 9.484713704029784431e-10 1.858152417892617295e-12
8.994354575643935166e-05 9.469358648795386434e-10 1.776267100481477889e-12
9.098504293049911853e-05 9.476403072759240325e-10 1.715550081001187608e-12
9.203860007344770748e-05 9.506506623126233505e-10 1.679139634506658783e-12
9.310435683314326931e-05 9.568101821563607017e-10 1.670410596832851744e-12
9.418245447449009216e-05 9.655815119618685075e-10 1.691835622482581917e-12
9.527303589816240703e-05 9.771105643172481043e-10 1.745040308591998507e-12
9.637624565954680924e-05 9.908673137112493424e-10 1.829602997348441360e-12
9.749222998790225210e-05 1.006682696394668071e-09 1.944737398076056418e-12
9.862113680574265443e-05 1.024460118478152606e-09 2.087561187680877421e-12
9.976311574844392432e-05 1.043196402342158147e-09 2.255004138855788555e-12
1.009183181840780556e-04 1.062705769763340442e-09 2.441632752074498233e-12
1.020868972334764650e-04 1.082017920322421759e-09 2.640395914728895111e-12
1.032690077905264468e-04 1.100055103553745045e-09 2.845093525011029171e-12
1.044648065427019234e-04 1.117227635756623956e-09 3.042028704829936850e-12
1.056744519918323541e-04 1.132260728409693699e-09 3.239649022448618427e-12
1.068981044751116051e-04 1.145052067400614713e-09 3.412655542929167204e-12
1.081359261863509824e-04 1.155258965614413671e-09 3.558982854929499937e-12
1.093880811974775783e-04 1.162613978111975066e-09 3.671613797153708383e-12
1.106547354802819166e-04 1.166832026296491890e-09 3.744032621595438146e-12
1.119360569284169843e-04 1.168875485724600754e-09 3.774190384066279894e-12
1.132322153796529580e-04 1.168585308752717090e-09 3.760862185019109084e-12
1.145433826383886026e-04 1.166664182569000047e-09 3.700779485064665182e-12
1.158697324984239886e-04 1.163291828856742618e-09 3.600370038568805358e-12
1.172114407659961160e-04 1.160245910391246275e-09 3.465803546302729717e-12
1.185686852830827420e-04 1.157390178480797447e-09 3.304217672952856929e-12
1.199416459509744813e-04 1.155783925260630057e-09 3.131582437139200280e-12
1.213305047541206945e-04 1.156249989425382206e-09 2.949207440590023496e-12
1.227354457842515364e-04 1.158985136973336634e-09 2.773749464046541850e-12
1.241566552647784948e-04 1.164562934291051315e-09 2.624584840905464692e-12
1.255943215754789502e-04 1.172906693723473472e-09 2.509317990991377202e-12
1.270486352774653110e-04 1.184275470066531431e-09 2.440378591277296579e-12
1.285197891384432108e-04 1.198277369065923655e-09 2.425321311225790830e-12
1.300079781582635788e-04 1.214287213073945774e-09 2.468512114719485080e-12
1.315133995947690435e-04 1.231442567072355431e-09 2.570255324390363166e-12
1.330362529899404168e-04 1.248959754780825511e-09 2.727399765011627437e-12
1.345767401963458062e-04 1.266130691258164276e-09 2.932722888377769188e-12
1.361350654038956073e-04 1.281716281663905409e-09 3.172333632543149415e-12
1.377114351669082826e-04 1.295257872120775032e-09 3.427621308004810796e-12
1.393060584314884185e-04 1.305950501425435245e-09 3.683150735875811212e-12
1.409191465632227234e-04 1.313981826185767966e-09 3.920195751238630435e-12
1.425509133751954596e-04 1.318509787533068989e-09 4.120406575628066618e-12
1.442015751563302745e-04 1.320508947269162572e-09 4.265709790181834136e-12
1.458713507000582675e-04 1.320119858773932820e-09 4.339732842412337427e-12
1.475604613333193413e-04 1.317992703026858534e-09 4.341898471716119863e-12
1.492691309458980017e-04 1.315732244608185365e-09 4.272363966960535151e-12
1.509975860201007907e-04 1.313964562722813388e-09 4.135994743516467427e-12
1.527460556607755941e-04 1.313851206618090863e-09 3.944200571010636773e-12
1.545147716256796032e-04 1.316068573652055370e-09 3.724015152327268358e-12
1.563039683561977700e-04 1.321339389313110130e-09 3.495336980941816255e-12
1.581138830084189426e-04 1.330065993530215013e-09 3.287957736665636854e-12
1.599447554845698401e-04 1.341251713973165268e-09 3.126898141418358671e-12
1.617968284648140247e-04 1.355239138917932637e-09 3.031796295392271127e-12
1.636703474394191234e-04 1.371470417684245454e-09 3.022579575303153201e-12
1.655655607412954966e-04 1.388723548798725748e-09 3.103859699588842659e-12
1.674827195789137550e-04 1.402257631295186855e-09 3.270740758945512306e-12
1.694220780696013395e-04 1.415656594858677309e-09 3.508632137582054648e-12
1.713838932732251867e-04 1.426325703721552836e-09 3.790101672630406571e-12
1.733684252262658175e-04 1.435134842670206886e-09 4.090182726490084492e-12
1.753759369762839622e-04 1.438469022195539255e-09 4.367853646998217597e-12
1.774066946167876340e-04 1.438807730090190747e-09 4.586997828672596394e-12
1.794609673225026631e-04 1.435017622900301629e-09 4.722212347392150018e-12
1.815390273850506729e-04 1.434968213883674546e-09 4.754827130490792799e-12
1.836411502490422785e-04 1.433773931162009711e-09 4.681960466949178170e-12
1.857676145485863753e-04 1.433737726612446073e-09 4.515184530653694607e-12
1.879187021442221307e-04 1.437535815677052967e-09 4.278367901119026810e-12
1.900946981602805912e-04 1.444403717516170101e-09 4.013632472964751939e-12
1.922958910226767442e-04 1.454748351271052613e-09 3.764969907272446540e-12
1.945225724971402217e-04 1.468179604759818999e-09 3.578997958966653617e-12
1.967750377278886019e-04 1.483381415587448468e-09 3.486533525405973725e-12
1.990535852767486762e-04 1.497836516284777501e-09 3.515133127325263241e-12
2.013585171627295032e-04 1.511305394315564587e-09 3.665092348813636634e-12
2.036901389020562758e-04 1.521920251095940620e-09 3.916851526340776053e-12
2.060487595486651640e-04 1.528173495014160985e-09 4.230570759142125585e-12
2.084346917351677256e-04 1.531079479631805583e-09 4.555162631340857242e-12
2.108482517142910915e-04 1.532097389178486679e-09 4.832074760032258054e-12
2.132897594007962582e-04 1.530357763775160526e-09 5.008217438851434169e-12
2.157595384138824535e-04 1.528792545283409155e-09 5.056555933389950462e-12
2.182579161200830003e-04 1.528705417392016012e-09 4.962958326252343300e-12
2.207852236766562250e-04 1.532133823051277394e-09 4.752340681048602638e-12
2.233417960754814700e-04 1.538736050573033697e-09 4.470835824037086213e-12
2.259279721874613196e-04 1.548930189001734412e-09 4.184307305930522723e-12
2.285440948074375211e-04 1.562053279512452022e-09 3.957634126221394706e-12
2.311905106996301146e-04 1.576285209388581495e-09 3.857733732234357344e-12
2.338675706435990671e-04 1.588819157103847405e-09 3.909962069780475813e-12
2.365756294807401202e-04 1.598783166294466801e-09 4.110360675235609001e-12
2.393150461613192145e-04 1.604757578069995645e-09 4.420444024241451544e-12
2.420861837920496669e-04 1.606873878518048827e-09 4.768599113997842729e-12
2.448894096842230486e-04 1.606421811456522286e-09 5.073048549024000839e-12
2.477250954023952571e-04 1.604246417769128106e-09 5.258491648422475176e-12
2.505936168136362096e-04 1.603247586603108821e-09 5.273389876605061925e-12
2.534953541373522129e-04 1.605946174351133101e-09 5.128596243203445490e-12
2.564306919956823639e-04 1.613388340349449891e-09 4.833564006381750268e-12
2.594000194644804458e-04 1.622642682581763701e-09 4.531710433777066185e-12
2.624037301248860888e-04 1.635068745436351746e-09 4.274415588985994583e-12
2.654422221154941939e-04 1.648183480405325513e-09 4.161231063608511119e-12
2.685158981851263043e-04 1.658815488860527724e-09 4.237407695604783995e-12
2.716251657462165044e-04 1.665363313317486001e-09 4.484717879189365955e-12
2.747704369288123854e-04 1.667788008377598049e-09 4.835836620115493830e-12
2.779521286352018127e-04 1.668084210451700410e-09 5.185176474202395446e-12
2.811706625951744401e-04 1.666093762130354018e-09 5.415127165533944347e-12
2.844264654219206255e-04 1.666853688895626807e-09 5.452471946829943398e-12
2.877199686685782661e-04 1.669427426553512502e-09 5.305556829203952045e-12
2.910516088854357393e-04 1.675831463652468192e-09 4.997743759769420877e-12
2.944218276777944713e-04 1.686802791844735216e-09 4.672437344054685306e-12
2.978310717645051204e-04 1.696421142758571792e-09 4.451580063678511377e-12
3.012797930371790027e-04 1.710290585415826708e-09 4.430536661630272409e-12
3.047684486200845692e-04 1.717341163057670843e-09 4.627996497327505123e-12
3.082975009307410805e-04 1.722296767644863377e-09 4.979092653148942353e-12
3.118674177412095313e-04 1.718348468646006227e-09 5.346762163418461453e-12
3.154786722400964379e-04 1.715892291736115437e-09 5.597686371817190836e-12
3.191317430952743915e-04 1.717553782131333226e-09 5.589811795685127665e-12
3.228271145173277810e-04 1.722310588269211384e-09 5.387135526506989231e-12
3.265652763237360972e-04 1.730853244564339227e-09 5.029048216019621640e-12
3.303467240037981823e-04 1.741425975344856780e-09 4.728276767229537905e-12
3.341719587843073420e-04 1.751819166853010053e-09 4.624393038616400583e-12
3.380414876959908759e-04 1.757588078762175969e-09 4.779961755503682517e-12
3.419558236407145655e-04 1.760297464528539093e-09 5.116663415712182315e-12
3.459154854594680595e-04 1.759532570389729346e-09 5.499230509080296486e-12
3.499209980011365223e-04 1.759292812811007398e-09 5.715049627125088541e-12
3.539728921920689544e-04 1.758909549273964282e-09 5.677099498507099975e-12
3.580717051064508821e-04 1.767257377023869574e-09 5.411567463876316541e-12
3.622179800374948611e-04 1.777525453667060565e-09 5.046115338631869082e-12
3.664122665694521551e-04 1.788225488147300413e-09 4.820653010825834286e-12
3.706551206504588155e-04 1.793108238140821247e-09 4.867870322514810291e-12
3.749471046662278739e-04 1.797336621365447879e-09 5.181762130248979126e-12
3.792887875145917642e-04 1.801373550414061230e-09 5.577601351851141308e-12
3.836807446809092350e-04 1.793788916038303256e-09 5.832448078833338683e-12
3.881235583143459109e-04 1.796541992032504004e-09 5.769789471296047073e-12
3.926178173050358768e-04 1.805915723971580186e-09 5.471909738140909985e-12
3.971641173621406028e-04 1.810189488630154303e-09 5.122196042712326623e-12
4.017630610928087857e-04 1.817684592606589676e-09 4.958868991876089246e-12
4.064152580820496862e-04 1.832098542976518466e-09 5.117335726560684676e-12
4.111213249735355723e-04 1.827875580108926097e-09 5.511729625332002114e-12
4.158818855513353842e-04 1.826243778153494622e-09 5.846530965825154465e-12
4.206975708225972935e-04 1.829123923298228502e-09 5.901879806235260574e-12
4.255690191011883409e-04 1.833293319943130390e-09 5.646047505637904657e-12
4.304968760923003155e-04 1.849965356422201882e-09 5.276805817072600319e-12
4.354817949780401981e-04 1.843989366339777327e-09 5.094191407659993503e-12
4.405244365040072822e-04 1.853914668542290606e-09 5.261933944904457399e-12
4.456254690668729119e-04 1.847774642362722833e-09 5.650427536886506210e-12
4.507855688029783927e-04 1.856435141435124359e-09 5.971226888512891559e-12
4.560054196779547643e-04 1.852613901459608868e-09 5.939769958875218848e-12
4.612857135773813463e-04 1.870685511330386359e-09 5.604442698310880469e-12
4.666271503984952018e-04 1.878170233981284735e-09 5.258636494666757338e-12
4.720304381429617094e-04 1.897628145528138380e-09 5.257761617156142846e-12
4.774962930107178993e-04 1.862751339195550494e-09 5.594674114579863236e-12
4.830254394949065502e-04 1.877642465712980741e-09 5.974408029224677815e-12
4.886186104779055486e-04 1.871525382206245939e-09 6.048161649934363231e-12
4.942765473284694211e-04 1.884386683586230834e-09 5.737181577358052916e-12
4.999999999999999020e-04 1.890560332481941527e-09 5.387317396935550511e-12
5.057897271299491120e-04 1.891071147018515287e-09 5.357535304508025612e-12
5.116464961403767615e-04 1.883651241591682799e-09 5.698834375627720592e-12
5.175710833396719507e-04 1.886408133405213530e-09 6.070736369819097988e-12
5.235642740254497010e-04 1.897037551858302958e-09 6.065098000931409946e-12
5.296268625886442309e-04 1.899737180472345512e-09 5.723670589248408108e-12
5.357596526188034176e-04 1.899546122708542743e-09 5.423515873310942768e-12
5.419634570106019031e-04 1.910993527824588653e-09 5.554291030557652800e-12
5.482390980715924666e-04 1.916962679430565880e-09 5.942078723023254554e-12
5.545874076312003274e-04 1.914769511499298863e-09 6.177878283684297570e-12
5.610092271509814097e-04 1.920487470063694513e-09 5.942602699743355185e-12
5.675054078361571478e-04 1.912410923677565159e-09 5.562022906985662473e-12
5.740768107484413340e-04 1.932467931496588237e-09 5.549382104219087957e-12
5.807243069201712630e-04 1.934147444085044024e-09 5.935007755400360595e-12
5.874487774697650716e-04 1.927930798365522777e-09 6.193764634220279667e-12
5.942511137185093944e-04 1.946387166218248055e-09 6.032795668337110885e-12
6.011322173087065013e-04 1.941056666094460708e-09 5.648764065067363217e-12
6.080930003231838424e-04 1.923635673177758390e-09 5.630145526323288686e-12
6.151343854061905054e-04 1.951936346597109094e-09 6.029298253015209412e-12
6.222573058856920762e-04 1.937291824977084822e-09 6.273584590922357835e-12
6.294627058970836365e-04 1.923335784602482060e-09 5.994705341172894515e-12
6.367515405083307633e-04 1.941389950559078180e-09 5.663721336881884025e-12
6.441247758465673719e-04 1.949209727136173302e-09 5.775840240489218981e-12
6.515833892261499666e-04 1.946126886362330754e-09 6.206282242011045793e-12
6.591283692782036463e-04 1.945653697489260070e-09 6.214320228077060835e-12
6.667607160816618143e-04 1.963354223478333383e-09 5.849870562567769351e-12
6.744814412958265908e-04 1.975071840219935550e-09 5.724858484387216199e-12
6.822915682944618535e-04 1.898797403089437797e-09 6.157915855427611127e-12
6.901921323014425418e-04 1.962978630455392370e-09 6.385492859402667153e-12
6.981841805279687899e-04 1.956109477721253835e-09 6.035524762801893900e-12
7.062687723113776324e-04 1.983349457134762013e-09 5.754536501277906233e-12
7.144469792555517389e-04 1.965436513359785294e-09 6.053618109730488974e-12
7.227198853729638849e-04 1.970841170495507482e-09 6.280005103388211371e-12
7.310885872283591101e-04 1.980851918799551356e-09 6.105950150133614240e-12
7.395541940841035122e-04 1.983947849826458434e-09 5.809409077324809946e-12
7.481178280472162642e-04 1.986266178483247249e-09 6.075875230551012218e-12
7.567806242181035047e-04 1.990634734420047419e-09 6.386188617854415917e-12
7.655437308410149161e-04 1.972598009026102795e-09 6.131073370185907361e-12
7.744083094562404478e-04 2.001048088496172622e-09 5.858754333475687895e-12
7.833755350540749394e-04 2.005944566669945484e-09 6.137391072677634469e-12
7.924465962305569326e-04 2.005016256368033209e-09 6.475382165878008779e-12
8.016226953450208102e-04 2.001042375335443536e-09 6.016403027566066348e-12
8.109050486794647586e-04 2.008974334843307092e-09 5.995914438947142972e-12
8.202948865997692447e-04 1.978117118743081876e-09 6.354933642501184413e-12
8.297934537187797799e-04 2.009680253601853452e-09 6.345442715238769988e-12
8.394020090612803152e-04 2.006949972105476635e-09 5.962100124634847704e-12
8.491218262308720130e-04 2.000320217574459244e-09 6.155155721709775774e-12
8.589541935787945847e-04 1.986834741343306030e-09 6.519081850170906080e-12
8.689004143746879155e-04 2.018395818976995100e-09 6.125604839613375012e-12
8.789618069793464538e-04 2.008999455090161180e-09 6.030820471244882157e-12
8.891397050194612675e-04 2.006043778664127834e-09 6.448800951426436100e-12
8.994354575643935708e-04 2.032482829272746929e-09 6.270878974553537996e-12
9.098504293049911040e-04 2.031748156571614099e-09 6.017918245471415629e-12
9.203860007344780506e-04 2.028921659951463122e-09 6.413438411418174659e-12
9.310435683314336689e-04 2.034614137725292714e-09 6.387925970569375800e-12
9.418245447449009487e-04 2.030911529460801865e-09 6.134994624203191757e-12
9.527303589816239890e-04 2.012978490311738219e-09 6.330169749324733180e-12
9.637624565954682008e-04 2.025357035434042605e-09 6.390792381480436884e-12
9.749222998790225752e-04 2.021602406597409829e-09 6.069033031887137051e-12
9.862113680574266256e-04 2.013968598641566561e-09 6.350562268717642466e-12
9.976311574844392432e-04 2.031623706434054411e-09 6.428695939443425648e-12
1.009183181840779715e-03 2.041429581750801635e-09 6.122397646295530697e-12
1.020868972334764650e-03 2.038400598495698124e-09 6.349930150648541377e-12
1.032690077905264441e-03 2.031291187103407520e-09 6.418140032112208331e-12
1.044648065427020373e-03 2.080592454663831344e-09 6.131261307810628914e-12
1.056744519918323758e-03 2.033126581075579698e-09 6.501321195926883798e-12
1.068981044751116105e-03 2.054436547125722245e-09 6.356563471449385093e-12
1.081359261863509879e-03 2.055493969226473223e-09 6.197451732739787020e-12
1.093880811974775810e-03 2.046479658642555550e-09 6.615247982826915183e-12
1.106547354802818028e-03 2.041778176417504459e-09 6.229350667733533251e-12
1.119360569284170168e-03 2.044122740902047048e-09 6.353473732975910249e-12
1.132322153796529608e-03 2.030099202290820462e-09 6.595395211464486206e-12
1.145433826383887273e-03 2.049675873675326732e-09 6.215518180538429707e-12
1.158697324984239805e-03 2.060910025677127648e-09 6.574521853787683449e-12
1.172114407659961268e-03 2.027697542279465067e-09 6.417503201437263774e-12
1.185686852830827474e-03 2.045486538404462513e-09 6.323049647035070455e-12
1.199416459509744732e-03 2.016627506052651689e-09 6.570314683837179605e-12
1.213305047541207108e-03 2.045172417883293520e-09 6.242195098152692230e-12
1.227354457842515364e-03 2.046253522152853356e-09 6.596130358076916927e-12
1.241566552647785111e-03 2.070827072910832807e-09 6.321617844268429839e-12
1.255943215754791020e-03 2.052213294930971142e-09 6.512918712381359908e-12
1.270486352774653164e-03 2.079527636671507919e-09 6.466568910495234242e-12
1.285197891384432054e-03 2.044731961393829808e-09 6.373886555271996096e-12
1.300079781582635843e-03 2.073168659002622441e-09 6.579780864193046210e-12
1.315133995947690652e-03 2.067103046278629988e-09 6.271156187192062962e-12
1.330362529899404168e-03 2.066769122921347252e-09 6.646507893179514287e-12
1.345767401963456761e-03 2.071584600903597846e-09 6.285685788152047372e-12
1.361350654038956127e-03 2.066870598554925916e-09 6.688236735268281570e-12
1.377114351669082772e-03 2.083446714755681271e-09 6.376519277596787687e-12
1.393060584314886191e-03 2.076738212754622793e-09 6.551627748304057134e-12
1.409191465632227179e-03 2.067116034250434582e-09 6.441813204495940515e-12
1.425509133751954758e-03 2.057750171848717221e-09 6.581870744224630348e-12
1.442015751563302962e-03 2.057795156136370069e-09 6.455053195911576089e-12
1.458713507000582946e-03 2.068143525803149508e-09 6.539158605927517075e-12
1.475604613333192112e-03 2.069902617104022627e-09 6.493805112649408468e-12
1.492691309458979909e-03 2.065705962109950891e-09 6.593691819158335193e-12
1.509975860201007852e-03 2.069332521574118486e-09 6.493418078507124337e-12
1.527460556607757513e-03 2.076044652668484276e-09 6.574153214300530713e-12
1.545147716256795815e-03 2.076048310329518358e-09 6.474783674282181009e-12
1.563039683561977646e-03 2.082518964662626738e-09 6.642111909907100337e-12
1.581138830084189480e-03 2.083163761302302269e-09 6.445196103031743175e-12
1.599447554845698618e-03 2.070849678462713328e-09 6.701398054991165191e-12
1.617968284648140355e-03 2.087047568447768569e-09 6.410388204048029544e-12
1.636703474394191234e-03 2.085409823466958547e-09 6.749922061647713122e-12
1.655655607412955237e-03 2.101961182671460368e-09 6.456692182849875017e-12
1.674827195789139501e-03 2.091703520951449703e-09 6.659754296154549444e-12
1.694220780696013449e-03 2.081107637071899223e-09 6.565039724758459128e-12
1.713838932732252409e-03 2.094327098356317729e-09 6.467627085812315183e-12
1.733684252262658121e-03 2.083476052493513114e-09 6.751943030346125384e-12
1.753759369762839188e-03 2.084338571250072048e-09 6.473934985291559549e-12
1.774066946167876394e-03 2.087845634792590744e-09 6.691113078861271333e-12
1.794609673225024951e-03 2.074164067209714586e-09 6.606629493639838770e-12
1.815390273850506784e-03 2.090585792768893605e-09 6.517778052431170059e-12
1.836411502490422785e-03 2.090030526775354413e-09 6.744815956289712161e-12
1.857676145485863753e-03 2.086364215264884821e-09 6.530715682962154004e-12
1.879187021442221307e-03 2.096132817469733944e-09 6.603967070156860854e-12
1.900946981602806129e-03 2.079017900173664373e-09 6.734959857172775639e-12
1.922958910226767659e-03 2.095815669863214779e-09 6.535455654037898736e-12
1.945225724971402000e-03 2.080547201325697297e-09 6.644306833747899230e-12
1.967750377278885965e-03 2.082007580313194468e-09 6.706011376669902370e-12
1.990535852767486274e-03 2.088345517447114692e-09 6.537249003705131055e-12
2.013585171627295303e-03 2.102837373320508345e-09 6.661603280436630117e-12
2.036901389020564709e-03 2.094214379554619922e-09 6.731333590908994074e-12
2.060487595486651911e-03 2.087903546699553586e-09 6.565773955942217993e-12
2.084346917351677202e-03 2.091821030454388671e-09 6.607679271492768700e-12
2.108482517142911024e-03 2.087733537804854393e-09 6.761850870262497536e-12
2.132897594007962527e-03 2.080785709370745846e-09 6.682017746526419555e-12
2.157595384138824915e-03 2.095990265755188353e-09 6.606674974967444509e-12
2.182579161200830058e-03 2.088363918613931190e-09 6.672588700896061576e-12
2.207852236766562250e-03 2.101382437531833826e-09 6.802845063080632135e-12
2.233417960754816977e-03 2.093566179249880962e-09 6.680368910737484018e-12
2.259279721874612925e-03 2.097340965609164522e-09 6.589324074042556179e-12
2.285440948074375644e-03 2.094699516273067177e-09 6.669749671758984124e-12
2.311905106996301525e-03 2.093706446640906703e-09 6.808975804722265400e-12
2.338675706435990129e-03 2.095695247758312257e-09 6.773494528279933330e-12
2.365756294807401690e-03 2.083381554685175364e-09 6.666338358011664188e-12
2.393150461613189652e-03 2.096348288617799122e-09 6.615670508120891412e-12
2.420861837920496289e-03 2.101570175957294744e-09 6.669007031608678698e-12
2.448894096842230486e-03 2.103318761971015465e-09 6.782205833071529917e-12
2.477250954023952571e-03 2.094274570286316922e-09 6.787697523201296194e-12
2.505936168136362312e-03 2.098417589189828800e-09 6.773964265240596371e-12
2.534953541373521912e-03 2.096531465087777314e-09 6.700487919928594308e-12
2.564306919956823531e-03 2.096280148943220694e-09 6.629522275163818424e-12
2.594000194644804566e-03 2.101250661824616503e-09 6.667563119660916795e-12
2.624037301248860997e-03 2.096979624122561356e-09 6.676964699378875957e-12
2.654422221154942047e-03 2.095468768325724509e-09 6.744395609892534970e-12
2.685158981851263477e-03 2.102027264312074153e-09 6.794780503117185042e-12
2.716251657462167863e-03 2.096529181879645586e-09 6.828125405364076519e-12
2.747704369288123203e-03 2.097066309056170770e-09 6.850504889305469852e-12
2.779521286352018127e-03 2.100086488326180396e-09 6.816670434125108476e-12
2.811706625951745052e-03 2.098997834547713629e-09 6.824753953898259721e-12
2.844264654219206146e-03 2.097239455098447976e-09 6.806065699360161094e-12
2.877199686685782444e-03 2.096510097292344477e-09 6.788991174016864344e-12
2.910516088854357610e-03 2.098201335250037161e-09 6.785512026896498751e-12
2.944218276777944062e-03 2.098438162954696713e-09 6.786304539380052756e-12
2.978310717645054131e-03 2.097053095370786342e-09 6.803033534315262114e-12
3.012797930371790677e-03 2.092650429199526422e-09 6.817576266285605785e-12
3.047684486200846234e-03 2.099359405084418138e-09 6.822910187471197072e-12
3.082975009307410696e-03 2.098131805102206176e-09 6.843817465533262787e-12
3.118674177412095530e-03 2.093261534012197642e-09 6.841255862533907041e-12
3.154786722400965138e-03 2.096689517650539526e-09 6.845402627606676931e-12
3.191317430952740879e-03 2.098553971714381513e-09 6.834066369065878691e-12
3.228271145173277484e-03 2.096173188527739023e-09 6.772918774513854769e-12
3.265652763237360864e-03 2.094835881882611815e-09 6.749143205998735498e-12
3.303467240037981714e-03 2.096702069550390451e-09 6.717839287120760279e-12
3.341719587843074071e-03 2.099596819528126928e-09 6.729130830034086000e-12
3.380414876959908759e-03 2.091622045344317829e-09 6.769177963128450143e-12
3.419558236407146089e-03 2.092644543303822111e-09 6.846602954656267941e-12
3.459154854594680920e-03 2.098876039628155259e-09 6.863407910786862241e-12
3.499209980011365115e-03 2.103351705769432886e-09 6.783987488476446948e-12
3.539728921920689761e-03 2.098771681951241123e-09 6.730212642854738513e-12
3.580717051064509580e-03 2.097518587680301153e-09 6.782449991637321585e-12
3.622179800374952623e-03 2.095269122052982201e-09 6.865220383395462274e-12
3.664122665694521767e-03 2.099556808599908090e-09 6.839197263659582631e-12
3.706551206504587938e-03 2.094596002735753622e-09 6.751628956428927873e-12
3.749471046662278522e-03 2.094718971525640902e-09 6.795198315401002582e-12
3.792887875145917534e-03 2.098395892377817323e-09 6.870927558334645483e-12
3.836807446809091700e-03 2.094327096288354203e-09 6.810083434496362160e-12
3.881235583143459109e-03 2.094375328701860838e-09 6.756122824192450093e-12
3.926178173050358551e-03 2.084997327727593858e-09 6.872564283989367530e-12
3.971641173621410364e-03 2.093728703813496976e-09 6.808723225862895524e-12
4.017630610928087966e-03 2.095953705030875599e-09 6.780785138246755321e-12
4.064152580820497296e-03 2.092834897248663290e-09 6.888582165190373593e-12
4.111213249735355506e-03 2.087003015754083716e-09 6.778858317983809513e-12
4.158818855513353625e-03 2.092211388760326692e-09 6.852762692277395270e-12
4.206975708225973477e-03 2.088610532960107565e-09 6.827054065195286437e-12
4.255690191011879397e-03 2.089933229988922557e-09 6.819171080383985450e-12
4.304968760923003589e-03 2.090249201042029659e-09 6.854371599169865406e-12
4.354817949780402306e-03 2.094824498254826128e-09 6.802820674760794425e-12
4.405244365040072822e-03 2.086576992021008284e-09 6.876299373085547154e-12
4.456254690668728577e-03 2.087660879981998892e-09 6.810876780441487208e-12
4.507855688029784036e-03 2.101575997787834556e-09 6.860260672175874201e-12
4.560054196779546667e-03 2.085813993846049512e-09 6.832924430192180857e-12
4.612857135773813788e-03 2.097145026700393006e-09 6.832232825968429250e-12
4.666271503984952343e-03 2.084512873996605471e-09 6.878051167408740600e-12
4.720304381429616877e-03 2.091818408165861067e-09 6.797362697028880706e-12
4.774962930107178559e-03 2.089713905503248969e-09 6.890506585001405982e-12
4.830254394949069947e-03 2.085156229877696613e-09 6.851313665393249489e-12
4.886186104779055052e-03 2.097826309104873412e-09 6.811517481346528504e-12
4.942765473284694427e-03 2.091454138606750419e-09 6.900603181709283875e-12
5.000000000000000104e-03 2.094360626041884011e-09 6.861605746119638244e-12
5.057897271299491120e-03 2.089520717956379097e-09 6.809904931682928997e-12
5.116464961403772820e-03 2.079655529092653979e-09 6.870653181865288312e-12
5.175710833396719723e-03 2.087292226872840741e-09 6.900263603169195884e-12
5.235642740254497010e-03 2.081852772552944416e-09 6.863140097721558703e-12
5.296268625886442309e-03 2.086480381189303796e-09 6.823620282613262635e-12
5.357596526188034176e-03 2.084107086497161230e-09 6.833520090842777207e-12
5.419634570106018380e-03 2.088369172266803394e-09 6.882170659808706813e-12
5.482390980715923581e-03 2.080339636546192886e-09 6.910035139237016206e-12
5.545874076312003707e-03 2.080667795106528675e-09 6.912964325828213510e-12
5.610092271509814314e-03 2.083710916083637287e-09 6.893889083103835240e-12
5.675054078361577332e-03 2.084654319577050605e-09 6.886285098484685223e-12
5.740768107484413990e-03 2.078543271380357263e-09 6.872024780310736584e-12
5.807243069201712196e-03 2.085857126304683841e-09 6.863731369938799964e-12
5.874487774697644861e-03 2.089529784569720595e-09 6.859464889309911095e-12
5.942511137185094161e-03 2.082218053896132841e-09 6.870371677280619439e-12
6.011322173087065880e-03 2.083259806082549425e-09 6.907438579072215694e-12
6.080930003231838424e-03 2.081770517521648783e-09 6.905303768562618979e-12
6.151343854061904620e-03 2.081488775238043180e-09 6.914812323201977764e-12
6.222573058856927485e-03 2.080860444564591570e-09 6.920027197906835564e-12
6.294627058970836582e-03 2.083403199991733827e-09 6.908341749604547311e-12
6.367515405083306983e-03 2.084301962527841590e-09 6.876154671490909819e-12
6.441247758465666780e-03 2.080915754608801987e-09 6.849787112794978328e-12
6.515833892261499449e-03 2.078059495836201516e-09 6.878251645441069424e-12
6.591283692782036463e-03 2.081417829125000165e-09 6.926638508609654880e-12
6.667607160816619444e-03 2.080575015262965358e-09 6.903221488410928402e-12
6.744814412958265691e-03 2.079913842619832633e-09 6.858076196538982232e-12
6.822915682944625040e-03 2.081360969227823502e-09 6.912621420561156273e-12
6.901921323014425201e-03 2.075581265703106966e-09 6.913047982920209487e-12
6.981841805279687466e-03 2.083049249048184287e-09 6.861057193080954717e-12
7.062687723113769168e-03 2.074438443919959915e-09 6.926495314351140284e-12
7.144469792555517389e-03 2.080191856691611362e-09 6.877455175203615780e-12
7.227198853729638849e-03 2.074922754392166671e-09 6.910435290712825128e-12
7.310885872283590450e-03 2.076840672065718063e-09 6.895817109645337045e-12
7.395541940841034688e-03 2.072805949253595179e-09 6.909631568858838278e-12
7.481178280472170448e-03 2.073857407698824019e-09 6.883663670483228606e-12
7.567806242181042420e-03 2.076900833859991913e-09 6.926169408902645462e-12
7.655437308410151763e-03 2.073298385896037616e-09 6.874739897563917341e-12
7.744083094562404478e-03 2.074350032270781497e-09 6.930708942220064486e-12
7.833755350540741805e-03 2.075339758723693151e-09 6.912289844677224972e-12
7.924465962305568892e-03 2.074689989624681433e-09 6.879670642106706027e-12
8.016226953450207235e-03 2.072158341615725331e-09 6.922766370452694462e-12
8.109050486794647586e-03 2.071455197813500583e-09 6.936491688588564260e-12
8.202948865997691796e-03 2.068119274186020637e-09 6.905585504929849119e-12
8.297934537187806256e-03 2.069423105244031673e-09 6.884788851922263470e-12
8.394020090612802285e-03 2.069341802273046379e-09 6.891880346207815233e-12
8.491218262308719913e-03 2.070795037305943629e-09 6.911725269144917723e-12
8.589541935787937607e-03 2.068666428792805243e-09 6.923033143023200899e-12
8.689004143746880890e-03 2.064276084208384496e-09 6.931119393191475280e-12
8.789618069793463453e-03 2.068741318818103372e-09 6.934833223131974640e-12
8.891397050194612892e-03 2.066935964325561612e-09 6.933546431251211524e-12
8.994354575643936575e-03 2.066658532305348896e-09 6.930344841700657914e-12
9.098504293049921449e-03 2.068502442489374570e-09 6.918730347232372562e-12
9.203860007344780506e-03 2.066565141783591746e-09 6.902211743343027873e-12
9.310435683314336255e-03 2.064937814707561453e-09 6.895574738344422339e-12
9.418245447449000163e-03 2.063880120979417236e-09 6.926571463137803988e-12
9.527303589816240106e-03 2.063833819220257321e-09 6.945894534079646735e-12
9.637624565954683309e-03 2.061289669418155368e-09 6.924931198996187594e-12
9.749222998790225969e-03 2.063775776159119072e-09 6.903162193579217996e-12
9.862113680574265823e-03 2.062319249539082697e-09 6.944833598265228643e-12
9.976311574844402841e-03 2.061773316795362419e-09 6.919361547680939577e-12
1.009183181840780756e-02 2.060677340794656390e-09 6.920560326820243990e-12
1.020868972334764736e-02 2.063416128745216871e-09 6.935519173501566203e-12
1.032690077905264354e-02 2.060491422204564445e-09 6.920328190248802381e-12
1.044648065427019289e-02 2.062096718263266074e-09 6.932925207395762969e-12
1.056744519918323758e-02 2.057620802231691128e-09 6.938028956545431187e-12
1.068981044751116105e-02 2.057463826290384411e-09 6.906492682740752050e-12
1.081359261863509835e-02 2.058202050826872506e-09 6.943730148331376801e-12
1.093880811974775810e-02 2.056973601847510474e-09 6.946042672079798877e-12
1.106547354802819155e-02 2.055003702869521368e-09 6.914586413174352808e-12
1.119360569284169951e-02 2.056651068355753473e-09 6.917136456252912825e-12
1.132322153796529694e-02 2.055179794804944139e-09 6.938052895285732460e-12
1.145433826383886015e-02 2.055087323652838929e-09 6.950071640564316253e-12
1.158697324984239718e-02 2.054173091348419028e-09 6.953150901499884264e-12
1.172114407659961138e-02 2.053053183938792291e-09 6.954178105807631722e-12
1.185686852830827517e-02 2.053976390970136263e-09 6.955216925866354729e-12
1.199416459509744862e-02 2.050807818847017430e-09 6.949088855974475927e-12
1.213305047541208062e-02 2.048217894233414520e-09 6.938373547682479514e-12
1.227354457842515408e-02 2.051002142692820796e-09 6.921092682578170224e-12
1.241566552647785024e-02 2.050490006398293756e-09 6.923791822343498324e-12
1.255943215754789545e-02 2.047626098357957860e-09 6.953168339943154474e-12
1.270486352774653077e-02 2.050452897307135623e-09 6.948640280704538329e-12
1.285197891384432141e-02 2.048874307778493293e-09 6.923330610275522405e-12
1.300079781582635929e-02 2.048458547231665679e-09 6.959679525783096304e-12
1.315133995947690565e-02 2.047831568440035090e-09 6.926468278615026344e-12
1.330362529899405469e-02 2.046820397137785398e-09 6.958889794132639018e-12
1.345767401963458149e-02 2.046531901294029511e-09 6.926583607950912771e-12
1.361350654038956214e-02 2.047036581919595097e-09 6.947516337214656386e-12
1.377114351669082859e-02 2.044003297261457479e-09 6.951494309184295349e-12
1.393060584314884456e-02 2.044012296508278073e-09 6.926965015110618633e-12
1.409191465632227309e-02 2.038546707463666321e-09 6.918716931960759256e-12
1.425509133751954628e-02 2.044212060320304176e-09 6.955781198627463773e-12
1.442015751563302701e-02 2.041953943705607575e-09 6.959603080665938910e-12
1.458713507000582686e-02 2.041706949624605000e-09 6.964033379544582482e-12
1.475604613333193239e-02 2.040693684515548116e-09 6.964181609354031838e-12
1.492691309458979952e-02 2.039996853823673210e-09 6.963123109136313357e-12
1.509975860201007852e-02 2.039897452880092730e-09 6.951441127242771748e-12
1.527460556607756169e-02 2.039347461676283425e-09 6.938450935251149078e-12
1.545147716256795728e-02 2.038062903666917697e-09 6.936643752117573038e-12
1.563039683561977602e-02 2.037579849713335040e-09 6.964236659978121305e-12
1.581138830084189567e-02 2.037034601329934541e-09 6.955095461999342397e-12
1.599447554845698227e-02 2.032697514998382050e-09 6.952580308026652105e-12
1.617968284648142047e-02 2.036948137882576108e-09 6.941176696943409136e-12
1.636703474394191060e-02 2.034897702522518468e-09 6.952252856915275174e-12
1.655655607412955324e-02 2.036170821672629037e-09 6.941233736515886137e-12
1.674827195789137593e-02 2.033725431551290672e-09 6.965111631597781714e-12
1.694220780696013492e-02 2.031903498071793460e-09 6.945465469342556869e-12
1.713838932732252018e-02 2.033312091608513382e-09 6.946952589096124841e-12
1.733684252262658251e-02 2.031785002448916314e-09 6.941828216341917797e-12
1.753759369762839665e-02 2.030996148100690464e-09 6.942936666801196197e-12
1.774066946167878259e-02 2.030464157970884970e-09 6.941672342791350364e-12
1.794609673225026555e-02 2.027676491345642169e-09 6.946219660172233854e-12
1.815390273850506567e-02 2.028638538859510923e-09 6.961992039368409020e-12
1.836411502490423175e-02 2.028426388531451708e-09 6.970692796709594731e-12
1.857676145485861324e-02 2.028022622532516719e-09 6.951305774514266637e-12
1.879187021442221481e-02 2.027119952332947020e-09 6.956612003374098924e-12
1.900946981602805869e-02 2.025814641579204471e-09 6.966286949372503586e-12
1.922958910226767529e-02 2.025680504603272240e-09 6.955528828483713233e-12
1.945225724971402087e-02 2.025377774562024000e-09 6.961565745723599989e-12
1.967750377278888047e-02 2.024280526717831750e-09 6.970052753137448549e-12
1.990535852767486361e-02 2.024870279950878153e-09 6.956941032866844091e-12
2.013585171627295042e-02 2.023609668105840959e-09 6.948698097813100645e-12
2.036901389020562628e-02 2.022305190138104520e-09 6.950762902892101523e-12
2.060487595486651391e-02 2.021857724296440273e-09 6.950744903810285038e-12
2.084346917351677375e-02 2.021043399873841857e-09 6.949887541019969533e-12
2.108482517142910850e-02 2.020641227864087374e-09 6.957347700500020907e-12
2.132897594007962527e-02 2.019263942124469566e-09 6.975725147310164382e-12
2.157595384138826997e-02 2.019204629190755521e-09 6.966233583632707226e-12
2.182579161200830231e-02 2.018067410580779724e-09 6.957581608661619877e-12
2.207852236766562337e-02 2.017142844499785771e-09 6.995823398279585006e-12
2.233417960754814982e-02 2.016574304222324744e-09 6.960699374156025419e-12
2.259279721874612665e-02 2.016358030292828520e-09 6.954207354187066886e-12
2.285440948074375644e-02 2.015024496754238116e-09 6.973084161243731551e-12
2.311905106996301265e-02 2.014203020651376757e-09 6.979199968635396883e-12
2.338675706435990390e-02 2.014917720807093859e-09 6.971325825103938754e-12
2.365756294807403598e-02 2.013164121990871797e-09 6.973995028058376244e-12
2.393150461613192254e-02 2.012754796671282509e-09 6.976641121620858439e-12
2.420861837920496723e-02 2.012072067487898367e-09 6.962832031195782400e-12
2.448894096842230486e-02 2.019071849948345371e-09 6.956249939781671833e-12
2.477250954023949708e-02 2.010669258056044970e-09 6.976602340332838452e-12
2.505936168136362052e-02 2.009988131005252485e-09 6.957527283299684074e-12
2.534953541373521912e-02 2.009677971047361912e-09 6.973129044095918863e-12
2.564306919956823791e-02 2.008376824317491072e-09 6.962625673095447857e-12
2.594000194644804566e-02 2.008413831146007863e-09 6.961766245572015330e-12
2.624037301248863946e-02 2.007087993879058813e-09 6.959279876314224130e-12
2.654422221154941960e-02 2.006390269343216422e-09 6.959468387475921197e-12
2.685158981851263130e-02 2.005241168082606130e-09 6.961590377314520663e-12
2.716251657462164654e-02 2.011139246041062628e-09 6.971670106246903505e-12
2.747704369288123810e-02 2.004305536830113264e-09 6.968416965404932065e-12
2.779521286352018214e-02 2.003043158680800940e-09 6.963214600777863606e-12
2.811706625951744878e-02 2.001932847105390233e-09 6.975799463475265648e-12
2.844264654219206059e-02 2.002494710778233307e-09 6.979128583861045443e-12
2.877199686685785740e-02 2.001074260168717084e-09 6.962909973389547858e-12
2.910516088854357350e-02 2.001199062262404350e-09 6.963638150650962207e-12
2.944218276777944496e-02 2.000056288495904027e-09 6.962044194044331992e-12
2.978310717645051356e-02 1.999224410648984039e-09 6.962662537083724983e-12
3.012797930371790070e-02 1.997120683366524545e-09 6.970830778166636548e-12
3.047684486200846407e-02 1.997598663526591107e-09 6.979527522665500051e-12
3.082975009307410696e-02 1.997118751312687905e-09 6.963111535759043589e-12
3.118674177412095183e-02 1.996595649979883971e-09 6.974611409324486255e-12
3.154786722400967913e-02 1.993647336712447766e-09 6.977819446835578898e-12
3.191317430952744089e-02 1.996118469508669127e-09 6.973412590063090768e-12
3.228271145173277484e-02 1.993203274110904415e-09 6.970496247275880270e-12
3.265652763237360950e-02 1.995148504971683478e-09 6.973021087881713894e-12
3.303467240037978592e-02 1.993567755277195462e-09 6.979628220977110491e-12
3.341719587843074157e-02 1.990006213893240643e-09 6.972181624495511524e-12
3.380414876959909193e-02 2.006154772853808367e-09 6.972469398669663488e-12
3.419558236407145568e-02 1.989402067465112555e-09 6.969406118380475103e-12
3.459154854594680834e-02 1.990275003896828774e-09 6.978412501549561499e-12
3.499209980011368931e-02 1.989282229839849756e-09 6.980786840498626228e-12
3.539728921920690108e-02 1.988340575540413595e-09 6.981575105377819658e-12
3.580717051064509493e-02 1.988381975989372039e-09 6.976096877838527974e-12
3.622179800374948633e-02 1.987768523930804949e-09 6.969988183072536404e-12
3.664122665694521941e-02 1.984795286877348850e-09 6.974983285403539931e-12
3.706551206504588719e-02 1.985465259977397857e-09 6.969666628980011221e-12
3.749471046662278956e-02 1.984633540189538152e-09 6.979152181536739706e-12
3.792887875145917881e-02 1.983730665405047287e-09 6.980800895773838947e-12
3.836807446809096384e-02 1.983326217722065082e-09 6.979921182727387473e-12
3.881235583143459456e-02 1.995480500140536718e-09 6.976006068607908133e-12
3.926178173050358378e-02 1.981826797649063140e-09 6.971245711472277522e-12
3.971641173621406201e-02 1.980802861907107860e-09 6.982725827020776879e-12
4.017630610928087792e-02 1.981589880508417322e-09 6.973674673707230181e-12
4.064152580820496602e-02 1.979917834805102492e-09 6.968896948041970774e-12
4.111213249735355679e-02 1.978295695551719993e-09 6.968063710198122983e-12
4.158818855513353452e-02 1.978972180009968802e-09 6.972130281900649102e-12
4.206975708225977467e-02 1.977307461333664880e-09 6.977505979055673330e-12
4.255690191011883561e-02 1.977722384934092158e-09 6.979550436509490730e-12
4.304968760923003068e-02 1.975003342218872179e-09 6.969607305157961331e-12
4.354817949780401959e-02 1.976708644195076288e-09 6.973628430546666406e-12
4.405244365040068139e-02 1.975135507277134755e-09 6.974381464341340446e-12
4.456254690668728924e-02 1.973309119769223528e-09 6.976755120961762273e-12
4.507855688029784730e-02 1.973970791943652302e-09 6.983327030178645197e-12
4.560054196779547708e-02 1.972342060295055231e-09 6.972822031245226678e-12
4.612857135773813788e-02 1.971215506812348872e-09 6.979586630929565280e-12
4.666271503984956853e-02 1.970278496404641560e-09 6.983857905144576805e-12
4.720304381429617224e-02 1.969110871558732927e-09 6.982996990176234537e-12
4.774962930107178732e-02 1.967974778565270502e-09 6.978235722458502832e-12
4.830254394949064917e-02 1.964854347389961480e-09 6.971446201205478391e-12
4.886186104779054878e-02 1.966867391500154087e-09 6.991837329295631209e-12
4.942765473284694427e-02 1.966873628878592992e-09 6.983633718799216970e-12
4.999999999999999584e-02 1.966191395083351599e-09 6.983127188175792772e-12
5.057897271299490599e-02 1.964845798581728734e-09 6.984710112514804530e-12
5.116464961403772299e-02 1.964541811092975580e-09 6.970202616029169941e-12
5.175710833396719723e-02 1.963625087945895076e-09 6.985138239976447946e-12
5.235642740254497357e-02 1.964487477898843422e-09 6.979417112872159898e-12
5.296268625886442483e-02 1.962564979055642377e-09 6.981676392721477580e-12
5.357596526188034697e-02 1.960283534959029234e-09 6.961599281337372499e-12
5.419634570106018207e-02 1.960288430445857274e-09 6.977578419606371381e-12
5.482390980715924622e-02 1.956382245725448763e-09 6.986702847796336459e-12
5.545874076312003881e-02 1.944118369894859224e-09 6.981487520241879156e-12
5.610092271509820039e-02 1.957653184790825647e-09 6.985681807911675604e-12
5.675054078361576465e-02 1.958612324557578767e-09 6.982278475954150352e-12
5.740768107484413990e-02 1.958261758805953413e-09 6.966070179862124952e-12
5.807243069201711849e-02 1.956420487152437010e-09 6.981763747898625276e-12
5.874487774697650933e-02 1.956801594012359456e-09 6.988491943339611336e-12
5.942511137185094161e-02 1.955143919109761363e-09 6.984931340345498247e-12
6.011322173087065013e-02 1.954747307388290444e-09 6.988942632490049569e-12
6.080930003231838771e-02 1.959019006439924719e-09 6.979215153456463703e-12
6.151343854061904620e-02 1.951686028065178851e-09 6.962564168574797607e-12
6.222573058856927658e-02 1.951920328795472453e-09 6.982291029842433965e-12
6.294627058970836408e-02 1.952490100744906930e-09 7.001311065987332463e-12
6.367515405083307156e-02 1.950268873318311809e-09 6.967550489345015462e-12
6.441247758465666606e-02 1.949201757084158803e-09 6.980515431198674225e-12
6.515833892261499449e-02 1.948174464322284970e-09 6.980455926679935561e-12
6.591283692782036463e-02 1.947343701993384879e-09 6.975724114912498548e-12
6.667607160816618750e-02 1.948844798457440861e-09 6.976683748486126051e-12
6.744814412958265171e-02 1.946756413171123374e-09 6.979916622734715890e-12
6.822915682944624693e-02 1.945240260240157948e-09 6.977851668978049568e-12
6.901921323014424681e-02 1.955794071024351995e-09 6.985140919344806461e-12
6.981841805279687119e-02 1.944018237355722878e-09 6.978243928399214519e-12
7.062687723113769689e-02 1.943730074883711528e-09 6.978657331957150513e-12
7.144469792555518950e-02 1.943435633976221464e-09 6.984433202898271014e-12
7.227198853729638328e-02 1.940901190242075559e-09 6.978411094024403006e-12
7.310885872283590103e-02 1.941240718602471025e-09 6.997083933074797546e-12
7.395541940841035555e-02 1.941576911260253418e-09 6.983977580206216723e-12
7.481178280472171316e-02 1.939149289637750116e-09 6.979206654026544566e-12
7.567806242181042420e-02 1.939828413378113040e-09 6.976024956426333085e-12
7.655437308410151243e-02 1.937891997654694428e-09 7.025780443973138060e-12
7.744083094562405345e-02 1.937471656452734256e-09 6.979953827459036453e-12
7.833755350540749784e-02 1.937220478516475274e-09 6.984989388689403888e-12
7.924465962305569933e-02 1.935685225148364862e-09 6.986202857674183772e-12
8.016226953450207582e-02 1.926658413452810068e-09 6.975789933092188443e-12
8.109050486794648627e-02 1.933692450620017079e-09 6.985181603068717736e-12
8.202948865997693184e-02 1.933545786522541669e-09 6.982464512891505529e-12
8.297934537187805215e-02 1.931242462062529198e-09 7.010674153001740727e-12
8.394020090612802631e-02 1.932842856960231643e-09 6.983586071280782192e-12
8.491218262308720954e-02 1.930947152821947916e-09 6.986109333900353148e-12
8.589541935787936566e-02 1.929823035586227694e-09 6.901455436214935892e-12
8.689004143746879849e-02 1.929899426581405909e-09 6.981329267379831742e-12
8.789618069793463107e-02 1.929245048473979782e-09 6.979495830452572963e-12
8.891397050194613239e-02 1.928023727449627633e-09 6.972550978521279159e-12
8.994354575643935534e-02 1.926295165271541605e-09 6.983403081648681135e-12
9.098504293049920755e-02 1.925701274481531538e-09 6.985585344900166634e-12
9.203860007344780159e-02 1.948958842004401790e-09 7.002639807195663963e-12
9.310435683314335908e-02 1.924741980000221523e-09 6.986337370014550536e-12
9.418245447449000163e-02 1.925207058767221245e-09 6.982603719287860138e-12
9.527303589816239759e-02 1.920133681562713667e-09 6.986362552565805600e-12
9.637624565954681921e-02 1.922878463084896524e-09 6.984605052597057562e-12
9.749222998790225969e-02 1.922160546171486019e-09 6.986131382301336895e-12
9.862113680574266517e-02 1.921604081822468769e-09 6.983728907062949860e-12
9.976311574844402841e-02 1.922001607481654123e-09 6.998226749185938663e-12
1.009183181840780791e-01 1.919746280830953473e-09 7.000069504399919680e-12
1.020868972334764702e-01 1.919051612581906393e-09 6.985461500474354620e-12
1.032690077905264459e-01 1.918361831415617943e-09 6.983900795585769458e-12
1.044648065427020295e-01 1.917038297190237140e-09 6.979219838420190498e-12
1.056744519918323688e-01 1.917728110501329573e-09 6.980160975428099666e-12
1.068981044751116105e-01 1.916005672160460753e-09 7.086158337815230149e-12
1.081359261863509835e-01 1.914414834152394995e-09 6.983087285059112327e-12
1.093880811974775741e-01 1.912681060352586380e-09 6.979887533095981216e-12
1.106547354802819155e-01 1.911183133228139855e-09 6.980732112859482163e-12
1.119360569284169882e-01 1.911845360538362829e-09 6.989582402743190579e-12
1.132322153796529590e-01 1.914101929688465948e-09 6.979424269024029025e-12
1.145433826383886050e-01 1.911525774835311041e-09 6.984714498134436103e-12
1.158697324984239579e-01 1.911471084706923283e-09 7.020846782718447008e-12
1.172114407659961138e-01 1.913895326097900632e-09 6.981824228853238571e-12
1.185686852830827448e-01 1.909685318386844453e-09 6.987038382242040130e-12
1.199416459509744792e-01 1.909301756424663586e-09 6.981544498967951962e-12
1.213305047541208270e-01 1.907723847384719282e-09 6.984982653084974441e-12
1.227354457842515373e-01 1.904664185209290185e-09 6.982745202728585673e-12
1.241566552647784955e-01 1.903282008140077080e-09 6.983248318052498725e-12
1.255943215754789510e-01 1.907455854294400244e-09 6.986977852169593926e-12
1.270486352774652938e-01 1.905451214430819922e-09 6.992197506624143331e-12
1.285197891384432245e-01 1.904351457399996629e-09 6.989078264380715231e-12
1.300079781582635929e-01 1.903392883087647666e-09 6.989768961768082705e-12
1.315133995947690704e-01 1.908734253723139104e-09 6.983722047663027791e-12
1.330362529899405399e-01 1.900497223844580624e-09 6.981576174121145679e-12
1.345767401963458287e-01 1.901015253145926122e-09 6.983495909705627526e-12
1.361350654038956109e-01 1.901059852634688127e-09 6.993250299492328083e-12
1.377114351669082859e-01 1.898908486684194511e-09 6.927692222280463205e-12
1.393060584314885775e-01 1.899237677977137829e-09 6.989705305745235677e-12
1.409191465632227414e-01 1.897901500726204498e-09 6.982115863066628589e-12
1.425509133751954594e-01 1.896752207712371851e-09 6.985926997994219680e-12
1.442015751563302528e-01 1.897901199866740584e-09 6.986847412770800254e-12
1.458713507000582721e-01 1.898007108718226041e-09 6.982751591305980395e-12
1.475604613333193205e-01 1.893211328440593164e-09 6.985361745525021786e-12
1.492691309458979987e-01 1.902473991288058908e-09 6.987146177842736617e-12
1.509975860201007714e-01 1.892617898081585536e-09 6.975831456919425401e-12
1.527460556607755648e-01 1.892370340645608694e-09 6.987760036827649711e-12
1.545147716256795867e-01 1.892197960087519588e-09 6.982254021949535173e-12
1.563039683561977533e-01 1.890583528462096818e-09 6.984743491824716708e-12
1.581138830084189428e-01 1.937925121162485225e-09 6.995958574543504541e-12
1.599447554845698505e-01 1.890126055019069688e-09 6.976587079879206218e-12
1.617968284648141908e-01 1.888675528197254028e-09 6.983231214338170022e-12
1.636703474394191060e-01 1.887019115162850202e-09 6.988975669684249709e-12
1.655655607412955255e-01 1.889487032938873931e-09 6.978953127640035430e-12
1.674827195789137801e-01 1.879575490514502418e-09 6.985015617718468772e-12
1.694220780696013839e-01 1.885439684082219327e-09 6.948795520907044371e-12
1.713838932732252018e-01 1.916863529069777234e-09 6.972851997848366370e-12
1.733684252262658043e-01 1.885435702476388429e-09 6.986086301581252734e-12
1.753759369762839526e-01 1.882381856023656645e-09 6.955158095738036041e-12
1.774066946167877912e-01 1.881246001627299452e-09 6.943008166013168608e-12
1.794609673225026625e-01 1.881531135573837944e-09 6.990872308217714848e-12
1.815390273850506775e-01 1.885438790381711429e-09 6.992686329116308882e-12
1.836411502490422898e-01 1.880467731823061238e-09 6.984351623419506196e-12
1.857676145485863961e-01 1.880798790973030903e-09 6.995588154947057278e-12
1.879187021442221273e-01 1.878994379953416095e-09 6.986801550284863719e-12
1.900946981602806007e-01 1.878206108658988968e-09 6.981951834545478067e-12
1.922958910226767459e-01 1.879410062115126970e-09 6.988499491844777543e-12
1.945225724971402503e-01 1.873041470264470848e-09 6.966396769832322044e-12
1.967750377278887908e-01 1.876285821555614815e-09 6.985506609514005067e-12
1.990535852767486291e-01 1.877009581746248278e-09 7.006184575436436078e-12
2.013585171627295112e-01 1.873968176870096680e-09 6.971721758272493461e-12
2.036901389020562836e-01 1.873074253966377913e-09 6.981648089746221019e-12
2.060487595486651669e-01 1.873559119009480271e-09 6.985008793965171418e-12
2.084346917351677098e-01 1.871153415701205253e-09 6.986845555203017466e-12
2.108482517142910850e-01 1.871554175697260629e-09 6.981294199494013896e-12
2.132897594007962805e-01 1.870718956349541371e-09 6.983706070602518933e-12
2.157595384138827066e-01 1.872156461689285022e-09 6.965087095360445426e-12
2.182579161200829954e-01 1.868874474357783754e-09 6.985679636290520550e-12
2.207852236766562337e-01 1.868536860780645410e-09 6.958844492255448445e-12
2.233417960754814913e-01 1.866883219280797830e-09 6.981139663361062388e-12
2.259279721874612734e-01 1.869892892061551938e-09 6.989709066778317447e-12
2.285440948074375644e-01 1.867338024763738271e-09 6.985466703662402983e-12
2.311905106996301473e-01 1.864647109923626328e-09 6.986249192625139161e-12
2.338675706435990320e-01 1.863452490297419757e-09 6.979946418549033595e-12
2.365756294807403459e-01 1.862540205876447950e-09 6.984225723357910345e-12
2.393150461613192392e-01 1.864782279053052805e-09 6.984162401633583332e-12
2.420861837920496584e-01 1.863116361976232082e-09 6.986230703510675093e-12
2.448894096842230417e-01 1.858748112306688961e-09 6.987950729102064127e-12
2.477250954023952345e-01 1.861375017401254096e-09 6.993398751055456364e-12
2.505936168136362330e-01 1.859094845631906443e-09 6.971799625389542721e-12
2.534953541373521912e-01 1.936788459864650146e-09 6.984582556772243563e-12
2.564306919956823583e-01 1.860867839937818662e-09 6.979630136516683287e-12
2.594000194644804358e-01 1.843970771294670742e-09 6.966597634721966087e-12
2.624037301248863807e-01 1.857586996370461617e-09 6.992096749174306743e-12
2.654422221154941752e-01 1.856439621745580650e-09 7.014242342609536997e-12
2.685158981851263338e-01 1.856143356599406568e-09 6.979309655274073975e-12
2.716251657462164792e-01 1.847536988610067576e-09 6.984938909232666974e-12
2.747704369288123671e-01 1.853695976070452650e-09 6.986632136154765732e-12
2.779521286352018006e-01 1.853921346535998751e-09 7.026201566767429408e-12
2.811706625951744809e-01 1.850781188855925274e-09 6.997888792914540809e-12
2.844264654219206268e-01 1.849554397243497582e-09 6.986891329677175125e-12
2.877199686685785740e-01 1.848544478300220986e-09 6.984951131111329800e-12
2.910516088854357419e-01 1.850052755714262193e-09 6.983394846517615429e-12
2.944218276777944010e-01 1.847521753726560107e-09 6.996049100792414538e-12
2.978310717645051287e-01 1.852164622677161002e-09 6.959308312807518524e-12
3.012797930371790001e-01 1.848004068944524945e-09 6.989548608936164069e-12
3.047684486200846199e-01 1.847846121365493902e-09 6.992271034572545860e-12
3.082975009307410419e-01 1.845918333042520608e-09 6.985502454224094604e-12
3.118674177412095183e-01 1.916451023607718390e-09 6.981532135208881825e-12
3.154786722400967913e-01 1.844717743171319146e-09 6.947976118235459759e-12
3.191317430952744227e-01 1.842793263072578771e-09 6.978080730562391482e-12
3.228271145173277623e-01 1.843969438802252792e-09 6.980644984998584907e-12
3.265652763237361089e-01 1.841197804143503749e-09 6.979278259793317543e-12
3.303467240037981645e-01 1.841038556925038666e-09 6.956901367759667862e-12
3.341719587843073880e-01 1.840008953664808829e-09 7.000584828246391486e-12
3.380414876959909054e-01 1.841896744524234761e-09 6.928711421056047958e-12
3.419558236407145846e-01 1.839564999215947495e-09 6.982362723753428421e-12
3.459154854594680972e-01 1.841198485057448504e-09 7.115132157137295427e-12
3.499209980011368515e-01 1.804922614825962000e-09 6.987647652867595142e-12
3.539728921920688998e-01 1.826775948109776210e-09 6.990367232957724116e-12
3.580717051064509215e-01 1.835376508031278594e-09 6.999178050982910040e-12
3.622179800374948355e-01 1.836136256811030676e-09 6.970635977640711069e-12
3.664122665694521941e-01 1.836104882825484490e-09 6.985267373542645773e-12
3.706551206504588025e-01 1.834549946869707669e-09 7.148822563688963171e-12
3.749471046662278817e-01 1.834313365198069891e-09 6.979495622020980308e-12
3.792887875145917187e-01 1.828379746105872080e-09 6.992607000478574788e-12
3.836807446809096800e-01 1.831545133028117730e-09 6.985779276994079347e-12
3.881235583143459178e-01 1.840710475817689844e-09 6.984618599885410624e-12
3.926178173050358100e-01 1.829914240042379987e-09 6.983902071853893003e-12
3.971641173621406340e-01 1.830673013077759577e-09 6.983266121290146424e-12
4.017630610928087931e-01 1.828545828012150046e-09 6.979893677378154519e-12
4.064152580820497018e-01 1.828253578438698034e-09 6.982764441601770313e-12
4.111213249735355402e-01 1.826113525193548580e-09 6.982109672626873184e-12
4.158818855513353729e-01 1.824708323337695031e-09 6.903199591037328104e-12
4.206975708225977328e-01 1.825345710004340451e-09 6.984275137544741487e-12
4.255690191011883283e-01 1.825556011939266900e-09 6.988104046988211152e-12
4.304968760923003623e-01 1.823717844709187493e-09 6.986973516256258335e-12
4.354817949780401820e-01 1.827266542155303388e-09 6.984921820003659394e-12
4.405244365040072441e-01 1.815830770313136088e-09 6.980396127230975388e-12
4.456254690668728924e-01 1.821865128051742180e-09 6.978808771520926333e-12
4.507855688029784313e-01 1.820930065489267424e-09 6.985479327927016010e-12
4.560054196779547153e-01 1.820624748844776235e-09 6.983803173156639722e-12
4.612857135773819062e-01 1.720529259349868572e-09 6.980317871276101416e-12
4.666271503984956714e-01 1.819205250984113838e-09 6.799195790696600642e-12
4.720304381429617502e-01 1.816948511299029660e-09 6.983494220103244839e-12
4.774962930107178871e-01 1.813122545260751013e-09 6.984669147383240263e-12
4.830254394949065055e-01 1.813895022752656546e-09 6.964816008519768778e-12
4.886186104779055017e-01 1.808634273084162751e-09 6.974887811904147967e-12
4.942765473284694844e-01 1.813596543674215840e-09 6.985253428999921422e-12
5.000000000000000000e-01 1.811651859467879321e-09 6.984765324828644428e-12
5.235642740254498051e-01 1.816220868144601118e-09 6.964863165394269500e-12
5.482390980715924345e-01 1.807176896598623191e-09 6.984878286545061424e-12
5.740768107484414129e-01 1.805025607568642597e-09 6.986328090956924586e-12
6.011322173087064735e-01 1.800792203375849006e-09 7.018491626382228138e-12
6.294627058970836408e-01 1.783303881662698534e-09 6.990532452637559392e-12
6.591283692782036185e-01 1.796203299155820700e-09 6.970482102355740108e-12
6.901921323014423848e-01 1.794009012238010380e-09 6.980014811493132790e-12
7.227198853729637218e-01 1.788912906427567113e-09 6.989901856848988214e-12
7.567806242181041032e-01 1.784616207910429749e-09 7.190655002540454141e-12
7.924465962305567990e-01 1.784098928767331793e-09 6.972835313773624816e-12
8.297934537187803272e-01 1.780615128901996337e-09 6.982568300339345223e-12
8.689004143746876796e-01 1.764658789832538083e-09 6.985208775865140427e-12
9.098504293049917147e-01 1.773877215822525014e-09 6.990159281381380720e-12
9.527303589816236151e-01 1.771824080082394392e-09 6.981824459856027014e-12
9.976311574844397567e-01 1.769015574627686207e-09 6.985667375193404116e-12
1.044648065427019823e+00 1.764357612249786301e-09 7.090501742711925213e-12
1.093880811974776268e+00 1.761466555522564503e-09 7.016583030448026090e-12
1.145433826383886577e+00 1.757259830701311493e-09 7.031286673635662637e-12
1.199416459509745181e+00 1.752495010599359768e-09 6.988429909906860159e-12
1.255943215754790065e+00 1.748764668498137366e-09 6.984282608036776254e-12
1.315133995947690870e+00 1.750942584157966523e-09 6.981167226097877732e-12
1.377114351669083359e+00 1.748311071366990351e-09 6.983195082391623709e-12
1.442015751563302972e+00 1.740743555221788571e-09 6.983388538638071839e-12
1.509975860201008047e+00 1.741985392995009693e-09 6.989680287679302631e-12
1.581138830084189761e+00 1.734683091095226384e-09 6.976998132765879749e-12
1.655655607412955588e+00 1.734676702316591098e-09 6.989869363290884850e-12
1.733684252262658321e+00 1.740569867566157075e-09 6.768125238865652005e-12
1.815390273850506997e+00 1.733110680598170857e-09 6.974723108753292858e-12
1.900946981602805952e+00 1.725637773898610630e-09 7.064930325678858862e-12
1.990535852767486125e+00 1.723876668877447770e-09 7.004990048284399188e-12
2.084346917351676876e+00 1.717892000874564792e-09 6.961141756711502125e-12
2.182579161200830065e+00 1.716958587790323022e-09 6.845022390081627070e-12
2.285440948074374923e+00 1.714777964584019844e-09 6.979697337519707653e-12
2.393150461613192004e+00 1.710886590352509203e-09 6.982754873452108689e-12
2.505936168136361886e+00 1.706232824584721709e-09 7.033303825844663403e-12
2.624037301248862697e+00 1.639374202039158605e-09 6.977327646850027538e-12
2.747704369288122894e+00 1.704557276023440706e-09 6.970898384095119411e-12
2.877199686685784741e+00 1.699064102798335249e-09 6.975655536308626096e-12
3.012797930371788890e+00 1.694894574757366768e-09 6.973958547136956924e-12
3.154786722400967136e+00 1.692458500692562658e-09 6.996547031217620618e-12
3.303467240037980091e+00 1.688662719124097578e-09 6.973636522650414648e-12
3.459154854594682416e+00 1.637737828267785801e-09 6.976682559473496772e-12
3.622179800374950798e+00 1.685349026483164695e-09 6.980579770541954517e-12
3.792887875145918741e+00 1.679994496919792495e-09 6.964759780886358373e-12
3.971641173621408338e+00 1.679327824929241481e-09 6.978353928250190830e-12
4.158818855513356283e+00 1.676297543182794431e-09 6.979069290968787614e-12
4.354817949780404263e+00 1.673811594337957730e-09 6.977827940461856686e-12
4.560054196779547375e+00 1.676590821284664255e-09 6.977085321466197017e-12
4.774962930107179204e+00 1.666657828630367538e-09 6.984237056266652111e-12
5.000000000000000888e+00 1.670957135005503588e-09 6.973133274743515513e-12
6.294627058970836408e+00 1.653602647277624914e-09 6.961328565330723696e-12
7.924465962305567324e+00 1.637236509855394961e-09 7.473039621299291297e-12
9.976311574844396901e+00 1.619819494946491569e-09 6.972328416580037605e-12
1.255943215754790288e+01 1.669472036980606731e-09 6.979057219530596936e-12
1.581138830084189273e+01 1.590535159016257587e-09 6.980610008938287193e-12
1.990535852767486347e+01 1.578662296635425193e-09 6.966398623136694786e-12
2.505936168136362241e+01 1.564784868732398268e-09 6.974057254121770613e-12
3.154786722400966070e+01 1.551138608737754535e-09 6.965623202587933692e-12
3.971641173621406296e+01 1.533427022929410621e-09 6.960819922194285936e-12
4.999999999999999289e+01 1.480202815157815870e-09 6.972241002382667054e-12
