2.393150461613189841e-05 1.117990491091731759e-10 6.861278412691575024e-13
2.448894096842227708e-05 1.884534643425598413e-09 7.637751323515511503e-13
2.505936168136362570e-05 2.286368326820138269e-09 8.446900176731194091e-13
2.564306919956823707e-05 2.246038417018308186e-09 9.279444829668052270e-13
2.624037301248861295e-05 2.147175069047605939e-09 1.012207203293567824e-12
2.685158981851265889e-05 2.073012232656869662e-09 1.096182699697724277e-12
2.747704369288124057e-05 2.036719627768910026e-09 1.178319190250483485e-12
2.811706625951745350e-05 2.032842493044176349e-09 1.256851963790104046e-12
2.877199686685782864e-05 2.052817131593358501e-09 1.329812441405481724e-12
2.944218276777941324e-05 2.088057100496705239e-09 1.394995737950648216e-12
3.012797930371789620e-05 2.130565377332528755e-09 1.450887968172095323e-12
3.082975009307410534e-05 2.169167656874193844e-09 1.495049134558153238e-12
3.154786722400964650e-05 2.198098597782026916e-09 1.525187648890480736e-12
3.228271145173280656e-05 2.207674506115814737e-09 1.540666178221187870e-12
3.303467240037981687e-05 2.193361385286672086e-09 1.539767303011367244e-12
3.380414876959908759e-05 2.151890304974541980e-09 1.521643442177168507e-12
3.459154854594680595e-05 2.082433482753788905e-09 1.486180949199391532e-12
3.539728921920685885e-05 1.984268873595786327e-09 1.434322075235565607e-12
3.622179800374952406e-05 1.858065913011533987e-09 1.367306073210004695e-12
3.706551206504588155e-05 1.709359213611675670e-09 1.287935753535807594e-12
3.792887875145917236e-05 1.542870085619251534e-09 1.199878046224875536e-12
3.881235583143463039e-05 1.365737880468635399e-09 1.107589379276343398e-12
3.971641173621410364e-05 1.186083691456647895e-09 1.016935618590110998e-12
4.064152580820497269e-05 1.012650446797246161e-09 9.342484519138141148e-13
4.158818855513353842e-05 8.546474103788396031e-10 8.667088655742909618e-13
4.255690191011879072e-05 7.199737269852954000e-10 8.212123888470628768e-13
4.354817949780397373e-05 6.164974369061739669e-10 8.050303148856401133e-13
4.456254690668728712e-05 5.487255071847768969e-10 8.240103963101775777e-13
4.560054196779547508e-05 5.206158498754938369e-10 8.826483919929035507e-13
4.666271503984951611e-05 5.320097609040776717e-10 9.832760436795910616e-13
4.774962930107184414e-05 5.797370318075283051e-10 1.125686914074569050e-12
4.886186104779054808e-05 6.585138573449401376e-10 1.306065768928594563e-12
4.999999999999999562e-05 7.595790576044516803e-10 1.517182261126593111e-12
5.057897271299489764e-05 8.150972131498083238e-10 1.630882497683243651e-12
5.116464961403766531e-05 8.725741135207046709e-10 1.748213026861833116e-12
5.175710833396715576e-05 9.293570886538833361e-10 1.866996575774635724e-12
5.235642740254491996e-05 9.852313887523830316e-10 1.985193744064544198e-12
5.296268625886447188e-05 1.037928225434086400e-09 2.100418017750527034e-12
5.357596526188034176e-05 1.086433071972175149e-09 2.210668418989250689e-12
5.419634570106018624e-05 1.129377077401698829e-09 2.314113365190305224e-12
5.482390980715925750e-05 1.165410901350279177e-09 2.408080578064707706e-12
5.545874076312003680e-05 1.194141130919842669e-09 2.490025563286669267e-12
5.610092271509814368e-05 1.214481859226813748e-09 2.559104500679530937e-12
5.675054078361571342e-05 1.226588438979743314e-09 2.612521209698172610e-12
5.740768107484407919e-05 1.229522967561016300e-09 2.649154148178799362e-12
5.807243069201718186e-05 1.224020374630356346e-09 2.667897196962603263e-12
5.874487774697651393e-05 1.210441246593770941e-09 2.667781259646163566e-12
5.942511137185094486e-05 1.189476031006076212e-09 2.649478495124714678e-12
6.011322173087064877e-05 1.162190475052179424e-09 2.612339242634456392e-12
6.080930003231839372e-05 1.129797180201982841e-09 2.558262507470660574e-12
6.151343854061905325e-05 1.093664307837552694e-09 2.488517667108464164e-12
6.222573058856921034e-05 1.055968723080017671e-09 2.404712495545590788e-12
6.294627058970830402e-05 1.017428281434521083e-09 2.310114300536233359e-12
6.367515405083314138e-05 9.806480034844047589e-10 2.207576664823351484e-12
6.441247758465673719e-05 9.470211454657077888e-10 2.101383024994626767e-12
6.515833892261499124e-05 9.184001346358694430e-10 1.994683378317519391e-12
6.591283692782035650e-05 8.962009507917367089e-10 1.893204074745833389e-12
6.667607160816619769e-05 8.813611529274444026e-10 1.800424952464496935e-12
6.744814412958265366e-05 8.749425305465382691e-10 1.720871589326202974e-12
6.822915682944618535e-05 8.777849853672429829e-10 1.659007159948953578e-12
6.901921323014417829e-05 8.896571502057968786e-10 1.618731727199949742e-12
6.981841805279680852e-05 9.101267677124381408e-10 1.602929615193776769e-12
7.062687723113775782e-05 9.394892884066623397e-10 1.613963198516729201e-12
7.144469792555517389e-05 9.749119525982862818e-10 1.653704106297968255e-12
7.227198853729638578e-05 1.016626221122045839e-09 1.722047209364165290e-12
7.310885872283590017e-05 1.062200284559676499e-09 1.818189258796649924e-12
7.395541940841035122e-05 1.109405586925310104e-09 1.939998710770422972e-12
7.481178280472162371e-05 1.156311023310034261e-09 2.083907310252564631e-12
7.567806242181034505e-05 1.201057373616689295e-09 2.245372756055585828e-12
7.655437308410142656e-05 1.241051555336141561e-09 2.418312476430301743e-12
7.744083094562412067e-05 1.274814055713301040e-09 2.596252266984776647e-12
7.833755350540750207e-05 1.300766396730317101e-09 2.771454482548266668e-12
7.924465962305569597e-05 1.317731389361168151e-09 2.936715092235615896e-12
8.016226953450208102e-05 1.325451554085700733e-09 3.083807019216514577e-12
8.109050486794647857e-05 1.323478826699403383e-09 3.206268965333651012e-12
8.202948865997692718e-05 1.312647522588376274e-09 3.297724757078855499e-12
8.297934537187796715e-05 1.293748757393199714e-09 3.352663976170463239e-12
8.394020090612794207e-05 1.269122507038715194e-09 3.368824715749257607e-12
8.491218262308729617e-05 1.240575702028531769e-09 3.345109553714682554e-12
8.589541935787945305e-05 1.210444293322087303e-09 3.283923105792803363e-12
8.689004143746880239e-05 1.181247486896205773e-09 3.187866553769385971e-12
8.789618069793464267e-05 1.156151601367354034e-09 3.062256695016018738e-12
8.891397050194613488e-05 1.136567259037151976e-09 2.918262231754307950e-12
8.994354575643935166e-05 1.125300421210864867e-09 2.764989441070525107e-12
9.098504293049911853e-05 1.122930905509588098e-09 2.609061893312118407e-12
9.203860007344770748e-05 1.130967194202404215e-09 2.469098267890672092e-12
9.310435683314326931e-05 1.148732239465588874e-09 2.355038793578712565e-12
9.418245447449009216e-05 1.175819483965661992e-09 2.275457590897970210e-12
9.527303589816240703e-05 1.210235846745616565e-09 2.239677869358026406e-12
9.637624565954682279e-05 1.249608967170060599e-09 2.254001895153549371e-12
9.749222998790227921e-05 1.291402166764173726e-09 2.319877110364650167e-12
9.862113680574264088e-05 1.332802026878007922e-09 2.435398723274754459e-12
9.976311574844392432e-05 1.370365243352952818e-09 2.594842087519712457e-12
1.009183181840780691e-04 1.401318520802054070e-09 2.788356892521251947e-12
1.020868972334764650e-04 1.423598009324788546e-09 3.001521876642538146e-12
1.032690077905264468e-04 1.435864759014293894e-09 3.218131076118715689e-12
1.044648065427019234e-04 1.437533696612763467e-09 3.427075128173837471e-12
1.056744519918323541e-04 1.429029089781475483e-09 3.606744836946682413e-12
1.068981044751116051e-04 1.412135884726390798e-09 3.737122320838329396e-12
1.081359261863509960e-04 1.388726340449858301e-09 3.813419734249904351e-12
1.093880811974775648e-04 1.362868436747107018e-09 3.827497165289016722e-12
1.106547354802819166e-04 1.338017721968187836e-09 3.777189025723982385e-12
1.119360569284169843e-04 1.317172054959263697e-09 3.668537190887670164e-12
1.132322153796529580e-04 1.303594986142563301e-09 3.512495168070631944e-12
1.145433826383886162e-04 1.300175504096655581e-09 3.328076331522972626e-12
1.158697324984239751e-04 1.307549710372480307e-09 3.139800011982062977e-12
1.172114407659961160e-04 1.325846354601671510e-09 2.961459634777435158e-12
1.185686852830827555e-04 1.353440767925244235e-09 2.822142933383170971e-12
1.199416459509744813e-04 1.387943046101229153e-09 2.742228427187240042e-12
1.213305047541206945e-04 1.425668562996917851e-09 2.734151493627808572e-12
1.227354457842515364e-04 1.462494058370583103e-09 2.802670590260519554e-12
1.241566552647784948e-04 1.494614476631812748e-09 2.943547618716898187e-12
1.255943215754789502e-04 1.519569462547641044e-09 3.145117921221838664e-12
1.270486352774653110e-04 1.532734059288438384e-09 3.380444455188997108e-12
1.285197891384432108e-04 1.533285827653462331e-09 3.628553895534873149e-12
1.300079781582635788e-04 1.522471511698448630e-09 3.857506143654664389e-12
1.315133995947690435e-04 1.506142048868497535e-09 4.033707803480808458e-12
1.330362529899404168e-04 1.480932567639766728e-09 4.134553223024020039e-12
1.345767401963458062e-04 1.458185086809220636e-09 4.147232509031410888e-12
1.361350654038956073e-04 1.440363944332107980e-09 4.070203870244157359e-12
1.377114351669082826e-04 1.430940781497587941e-09 3.919183927227563575e-12
1.393060584314884456e-04 1.433439894172648794e-09 3.714530871785708644e-12
1.409191465632227234e-04 1.447962838223619158e-09 3.493927166921490213e-12
1.425509133751954596e-04 1.472350628501816577e-09 3.296503175686680425e-12
1.442015751563302745e-04 1.504257501431941006e-09 3.160303131446186162e-12
1.458713507000582675e-04 1.539147908805991463e-09 3.110601565371220835e-12
1.475604613333193413e-04 1.570680474563721520e-09 3.163407586190219649e-12
1.492691309458980017e-04 1.594818772047769752e-09 3.314766583088127664e-12
1.509975860201007907e-04 1.609118143179746493e-09 3.543477908288360403e-12
1.527460556607755941e-04 1.610188477805130064e-09 3.809851776289708853e-12
1.545147716256795760e-04 1.598953978423083655e-09 4.067510310721569439e-12
1.563039683561977700e-04 1.579526116874247945e-09 4.272427546514080762e-12
1.581138830084189426e-04 1.559654017924113537e-09 4.382150688813385760e-12
1.599447554845698401e-04 1.541928902152571415e-09 4.373893296558848218e-12
1.617968284648140247e-04 1.531825886311489324e-09 4.253810856122116500e-12
1.636703474394191234e-04 1.534877160861830528e-09 4.050261922129199457e-12
1.655655607412955237e-04 1.549782187663700359e-09 3.809515071103821485e-12
1.674827195789137821e-04 1.576333269950496304e-09 3.592939089081075481e-12
1.694220780696013395e-04 1.607848497477210514e-09 3.446446667765363878e-12
1.713838932732252138e-04 1.638300628131083357e-09 3.420227965509923945e-12
1.733684252262658175e-04 1.661706749412959475e-09 3.523245958380545683e-12
1.753759369762839622e-04 1.673445237501904974e-09 3.737445291875490292e-12
1.774066946167876340e-04 1.671998033754506138e-09 3.973837203039857609e-12
1.794609673225026631e-04 1.658691723404479357e-09 4.290659735986340729e-12
1.815390273850506729e-04 1.640089285990395640e-09 4.495524595609241745e-12
1.836411502490422785e-04 1.623010300844130634e-09 4.573952893653947052e-12
1.857676145485863753e-04 1.611725444815313370e-09 4.508773612630068545e-12
1.879187021442221307e-04 1.613861288689132148e-09 4.320897116990427347e-12
1.900946981602805912e-04 1.628821397066772051e-09 4.067513613249085521e-12
1.922958910226767713e-04 1.654512327524697943e-09 3.828293709472930691e-12
1.945225724971402217e-04 1.683155613267085790e-09 3.681278180587251222e-12
1.967750377278886019e-04 1.709439490145004395e-09 3.679776804532579048e-12
1.990535852767486491e-04 1.723166816725036296e-09 3.835254314192877535e-12
2.013585171627295032e-04 1.725210254670185388e-09 4.099127153691290347e-12
2.036901389020562758e-04 1.714129169449532787e-09 4.394966656571217992e-12
2.060487595486651640e-04 1.696816604591746676e-09 4.620964834617640786e-12
2.084346917351677527e-04 1.680991583978086318e-09 4.719977222396748574e-12
2.108482517142911186e-04 1.674857335492328143e-09 4.639169840148801775e-12
2.132897594007962582e-04 1.682511391673732350e-09 4.422024198260946239e-12
2.157595384138824807e-04 1.701858617770435998e-09 4.151035433729102744e-12
2.182579161200830003e-04 1.727052883830162379e-09 3.937374335819506545e-12
2.207852236766562250e-04 1.753153555558871249e-09 3.865856035095107657e-12
2.233417960754814700e-04 1.768059069511552936e-09 3.980768128541090266e-12
2.259279721874612925e-04 1.770537662888516651e-09 4.249315248835840624e-12
2.285440948074375753e-04 1.757305585878692957e-09 4.543570456236687417e-12
2.311905106996301417e-04 1.740225360777784805e-09 4.777646888916706100e-12
2.338675706435990400e-04 1.727476848650863399e-09 4.835393889873006977e-12
2.365756294807400931e-04 1.732702214301411920e-09 4.686580323800803585e-12
2.393150461613192145e-04 1.743232266145836688e-09 4.439310130600267671e-12
2.420861837920496669e-04 1.767570736482290074e-09 4.163875219207994407e-12
2.448894096842230486e-04 1.791601297855083756e-09 4.039493963330809678e-12
2.477250954023952571e-04 1.807110649965444714e-09 4.117730324869644989e-12
2.505936168136362096e-04 1.806795720769978143e-09 4.372599859497470580e-12
2.534953541373522129e-04 1.792394699298883264e-09 4.703462693686312317e-12
2.564306919956823639e-04 1.778595232048661151e-09 4.900321802435061895e-12
2.594000194644804458e-04 1.771066224407500662e-09 4.905859686163701515e-12
2.624037301248860888e-04 1.780931114475867215e-09 4.705126229346988415e-12
2.654422221154941939e-04 1.796642296626588945e-09 4.415586567714896966e-12
2.685158981851263043e-04 1.823088431597792819e-09 4.208462849258771503e-12
2.716251657462165044e-04 1.834928301352247637e-09 4.213806758327070855e-12
2.747704369288123854e-04 1.842249207222141924e-09 4.440337605465070698e-12
2.779521286352018127e-04 1.826724183841778403e-09 4.758558275750957701e-12
2.811706625951744943e-04 1.813797089509083966e-09 4.997991672839146099e-12
2.844264654219206255e-04 1.807058580973930358e-09 4.978970532252743479e-12
2.877199686685782661e-04 1.816626966056912022e-09 4.745404385271511678e-12
2.910516088854357393e-04 1.841098152697862400e-09 4.457863003814519833e-12
2.944218276777944713e-04 1.860479843608049626e-09 4.296642266120219615e-12
2.978310717645051204e-04 1.867193648816507581e-09 4.416488568663809312e-12
3.012797930371790027e-04 1.857719848782638939e-09 4.719929342117338420e-12
3.047684486200846234e-04 1.845221371741299837e-09 5.009033987984655938e-12
3.082975009307410805e-04 1.848270220867045151e-09 5.074586439151634974e-12
3.118674177412095313e-04 1.836821532650128963e-09 4.870339418521696428e-12
3.154786722400964379e-04 1.864401880038465132e-09 4.570806275966073708e-12
3.191317430952743915e-04 1.885410233664901042e-09 4.413754504260376803e-12
3.228271145173277810e-04 1.885355902948999931e-09 4.533754767078046515e-12
3.265652763237360972e-04 1.893058703570786994e-09 4.826737217922302298e-12
3.303467240037981823e-04 1.884219636501903215e-09 5.119098830416221935e-12
3.341719587843073962e-04 1.866493285323212435e-09 5.103341194680703826e-12
3.380414876959908759e-04 1.877878547955200101e-09 4.829633511344315491e-12
3.419558236407145655e-04 1.900957551374156340e-09 4.555359158466602720e-12
3.459154854594680595e-04 1.904518700501424019e-09 4.546734688339082475e-12
3.499209980011365223e-04 1.906561773125715674e-09 4.802849639973863427e-12
3.539728921920689544e-04 1.890313140045395453e-09 5.125594317576311533e-12
3.580717051064509363e-04 1.894264374766545002e-09 5.169377214861004839e-12
3.622179800374948611e-04 1.907142009818924118e-09 4.926303126736647428e-12
3.664122665694521551e-04 1.912698094462747138e-09 4.648486887223454232e-12
3.706551206504588155e-04 1.896598941840466605e-09 4.626875733444487881e-12
3.749471046662278739e-04 1.919919388869455546e-09 4.912119020978558173e-12
3.792887875145917642e-04 1.903689663347798674e-09 5.197403281468943281e-12
3.836807446809092350e-04 1.864267942084455997e-09 5.182191828368921244e-12
3.881235583143459109e-04 1.924818009655064034e-09 4.974472349067233549e-12
3.926178173050359310e-04 1.939764118083828749e-09 4.672026395970257347e-12
3.971641173621406028e-04 1.925898584626911291e-09 4.789657998340128074e-12
4.017630610928087857e-04 1.925887014878205404e-09 5.123810587590052515e-12
4.064152580820496862e-04 1.892952516265308299e-09 5.291864810990269752e-12
4.111213249735355723e-04 1.910902076362433809e-09 5.064341990488169913e-12
4.158818855513353842e-04 1.962715932607688418e-09 4.783043660321471099e-12
4.206975708225973477e-04 1.958642646704757893e-09 4.808459635064523886e-12
4.255690191011882867e-04 1.949630436159655925e-09 5.109532304013837028e-12
4.304968760923003155e-04 1.935707054776365869e-09 5.324889637675640711e-12
4.354817949780401981e-04 1.954165630904542945e-09 5.123503592957320234e-12
4.405244365040072280e-04 1.951835339572107820e-09 4.824139463654125944e-12
4.456254690668729119e-04 1.936655774043959235e-09 4.864397674329274081e-12
4.507855688029784470e-04 1.964422299456713599e-09 5.153054838627721931e-12
4.560054196779547643e-04 1.951595972082209436e-09 5.327890320653025745e-12
4.612857135773813463e-04 1.940121744021750084e-09 5.095601253546093531e-12
4.666271503984952018e-04 1.972189357409459780e-09 4.851330798691526838e-12
4.720304381429617636e-04 1.989840191555030115e-09 4.993394521803664433e-12
4.774962930107179535e-04 1.967404704090038274e-09 5.338299506327800921e-12
4.830254394949064418e-04 1.972592756576576964e-09 5.260115420708345645e-12
4.886186104779055486e-04 1.982986497242341257e-09 4.968117207454712874e-12
4.942765473284694211e-04 1.990067640115982475e-09 4.935720649213572035e-12
4.999999999999999020e-04 1.985641082013770409e-09 5.271165604862210383e-12
5.057897271299491120e-04 1.964991632862149017e-09 5.384647787863144423e-12
5.116464961403767615e-04 1.988010476194591276e-09 5.109749927734857085e-12
5.175710833396719507e-04 1.998434304382793129e-09 4.946182601328404121e-12
5.235642740254497010e-04 1.993263554558502705e-09 5.226856302756015238e-12
5.296268625886442309e-04 1.994523599525169961e-09 5.423748115432247742e-12
5.357596526188034176e-04 1.994174784895643789e-09 5.185516911021548887e-12
5.419634570106019031e-04 1.999322064455407937e-09 4.975874016620556777e-12
5.482390980715924666e-04 2.003815828988435916e-09 5.396930847289217044e-12
5.545874076312003274e-04 1.996683139306531173e-09 5.545632902702415749e-12
5.610092271509814097e-04 2.008942318556717780e-09 5.181055228109183917e-12
5.675054078361570394e-04 2.009222458335763080e-09 5.019065271038031086e-12
5.740768107484413340e-04 2.025094321596259951e-09 5.319268960416031557e-12
5.807243069201712630e-04 2.013402072472408124e-09 5.475095487735061249e-12
5.874487774697650716e-04 2.014348707700045007e-09 5.159912257142602059e-12
5.942511137185093944e-04 2.028621219476814908e-09 5.130734847830277246e-12
6.011322173087065013e-04 2.007278950019950972e-09 5.414375487872537448e-12
6.080930003231838424e-04 2.000905537186885146e-09 5.322766044079397906e-12
6.151343854061905054e-04 2.016645227870319401e-09 5.095459766955410908e-12
6.222573058856920762e-04 2.020657773614458043e-09 5.301678949328528346e-12
6.294627058970836365e-04 2.009475867430974279e-09 5.431607570478011123e-12
6.367515405083307633e-04 2.055273442227578879e-09 5.158686047984766536e-12
6.441247758465673719e-04 2.029733306741305268e-09 5.254465698184016920e-12
6.515833892261499666e-04 2.023823627593116988e-09 5.520349982356542072e-12
6.591283692782036463e-04 2.029662916438836068e-09 5.293967407086157851e-12
6.667607160816619227e-04 2.032691538092837256e-09 5.202544781074454237e-12
6.744814412958265908e-04 2.030051449638509336e-09 5.393576327343101393e-12
6.822915682944618535e-04 2.031900157545021282e-09 5.348070417752989565e-12
6.901921323014425418e-04 2.047564638318871934e-09 5.200456969466716764e-12
6.981841805279687899e-04 2.033790380689074850e-09 5.511706060557319779e-12
7.062687723113776324e-04 2.028867707173531890e-09 5.432926148427157418e-12
7.144469792555517389e-04 2.046932252812682478e-09 5.239883465493563874e-12
7.227198853729638849e-04 2.053111206938681449e-09 5.472195817838764688e-12
7.310885872283591101e-04 2.044063187457920551e-09 5.432844592541437556e-12
7.395541940841035122e-04 2.050504520356285896e-09 5.229235866738592685e-12
7.481178280472162642e-04 2.048016721599708570e-09 5.498387403843323539e-12
7.567806242181033963e-04 2.024491129644942001e-09 5.465263840855755295e-12
7.655437308410150245e-04 2.039196629694857446e-09 5.267958207798134428e-12
7.744083094562404478e-04 2.060604542307743806e-09 5.610667360260343923e-12
7.833755350540748310e-04 2.051837941944581414e-09 5.309022092131655995e-12
7.924465962305569326e-04 2.054104522995837292e-09 5.302067386876685028e-12
8.016226953450208102e-04 2.055507630854795269e-09 5.551793615970275287e-12
8.109050486794647586e-04 2.071880580724333301e-09 5.294630489293316165e-12
8.202948865997692447e-04 2.047031236568751271e-09 5.610241900950535153e-12
8.297934537187797799e-04 2.060074621709317663e-09 5.481078480452994958e-12
8.394020090612802068e-04 2.066443499598587891e-09 5.290734894846523032e-12
8.491218262308720130e-04 2.038546892708886802e-09 5.678973763330830360e-12
8.589541935787945847e-04 2.065641843550567976e-09 5.410883289996838562e-12
8.689004143746880239e-04 2.073681305594238012e-09 5.554206745056229619e-12
8.789618069793464538e-04 2.071859413019438341e-09 5.511114304131082140e-12
8.891397050194613759e-04 2.068830066578361897e-09 5.371533158416477545e-12
8.994354575643935708e-04 2.054808232336697999e-09 5.597917205983024876e-12
9.098504293049911040e-04 2.072487724024743143e-09 5.426642872721384016e-12
9.203860007344779421e-04 2.068472043880992449e-09 5.599193600800810346e-12
9.310435683314336689e-04 2.085156571984390249e-09 5.429669000766005249e-12
9.418245447449009487e-04 2.064397676990586682e-09 5.539799653165906246e-12
9.527303589816240974e-04 2.067020856014007984e-09 5.540734644707701892e-12
9.637624565954680924e-04 2.058362074895943733e-09 5.443827653356160627e-12
9.749222998790225752e-04 2.071125310806138850e-09 5.658484974057340432e-12
9.862113680574266256e-04 2.090391580056386692e-09 5.379722511722500568e-12
9.976311574844392432e-04 2.073443531943623013e-09 5.654834561386071913e-12
1.009183181840779715e-03 2.077068720088175623e-09 5.405717914193229948e-12
1.020868972334764650e-03 2.077195383218960034e-09 5.654479915061977382e-12
1.032690077905264441e-03 2.089394329014960254e-09 5.407304033334457880e-12
1.044648065427020373e-03 2.063984230325434117e-09 5.682493144675316980e-12
1.056744519918323758e-03 2.079414403446490741e-09 5.440247494968010058e-12
1.068981044751116105e-03 2.072435762092565597e-09 5.667481876742607292e-12
1.081359261863509879e-03 2.084044672694385430e-09 5.487236533390120787e-12
1.093880811974775810e-03 2.097534386466773501e-09 5.692598939691913099e-12
1.106547354802818028e-03 2.086436617457634250e-09 5.456023905056380035e-12
1.119360569284169951e-03 2.095814235792547356e-09 5.675576516537209613e-12
1.132322153796529608e-03 2.094192950236414725e-09 5.454343369454627511e-12
1.145433826383887273e-03 2.076165429294160567e-09 5.649976987727062291e-12
1.158697324984239805e-03 2.081244715275619222e-09 5.511378924817487196e-12
1.172114407659961268e-03 2.086907235292862852e-09 5.653980476229043350e-12
1.185686852830827474e-03 2.090962376504591404e-09 5.557169098186862631e-12
1.199416459509744732e-03 2.088110835306429716e-09 5.621777393508650884e-12
1.213305047541207108e-03 2.086837106241597303e-09 5.673386382938127454e-12
1.227354457842515364e-03 2.089169958633253983e-09 5.522566040177773574e-12
1.241566552647785111e-03 2.083450148593579053e-09 5.720473397602023703e-12
1.255943215754791020e-03 2.101209529254521878e-09 5.516736155302189333e-12
1.270486352774653164e-03 2.087449873598450218e-09 5.684145071719443850e-12
1.285197891384432054e-03 2.100887050624659565e-09 5.608358108309493188e-12
1.300079781582635843e-03 2.089733231705768117e-09 5.537293130714464083e-12
1.315133995947690652e-03 2.093985301260422946e-09 5.708025973621953412e-12
1.330362529899404168e-03 2.095351390852249971e-09 5.545105588590259050e-12
1.345767401963456761e-03 2.094109195500929155e-09 5.657060524047331918e-12
1.361350654038956127e-03 2.091829166324117333e-09 5.671415992353309565e-12
1.377114351669082772e-03 2.089822537787419112e-09 5.519814615458696532e-12
1.393060584314885974e-03 2.100229855438328145e-09 5.707633115442828077e-12
1.409191465632227396e-03 2.078583498502947797e-09 5.641849839426794194e-12
1.425509133751954758e-03 2.103944805101499897e-09 5.569843677058447966e-12
1.442015751563302745e-03 2.100297114541439550e-09 5.721248002674705210e-12
1.458713507000582730e-03 2.092072874179290298e-09 5.664216548561403566e-12
1.475604613333191895e-03 2.101626121959991220e-09 5.571194154678444875e-12
1.492691309458979909e-03 2.106202939978891894e-09 5.717375744056299756e-12
1.509975860201007852e-03 2.104828372876105374e-09 5.722003025002165879e-12
1.527460556607757730e-03 2.094200329507997198e-09 5.583934534827260909e-12
1.545147716256796032e-03 2.111400648845345789e-09 5.650289512310839657e-12
1.563039683561977646e-03 2.104918064418279619e-09 5.747124969199795707e-12
1.581138830084189697e-03 2.096844456597189047e-09 5.670913139746126467e-12
1.599447554845698618e-03 2.102654940161144767e-09 5.598220522265560463e-12
1.617968284648140355e-03 2.111466403115663913e-09 5.677683047833354109e-12
1.636703474394191234e-03 2.100950839177133431e-09 5.783482128204598188e-12
1.655655607412955237e-03 2.107919764139203991e-09 5.714267907422098215e-12
1.674827195789139501e-03 2.099411439705194996e-09 5.626300147048140607e-12
1.694220780696013232e-03 2.103482094929164166e-09 5.633969856283662971e-12
1.713838932732252192e-03 2.100844433892853040e-09 5.730142390274346227e-12
1.733684252262658121e-03 2.101858103744088940e-09 5.777454445080041928e-12
1.753759369762839622e-03 2.096340226479033563e-09 5.708582236708184565e-12
1.774066946167876394e-03 2.103026422510899410e-09 5.622996220149400784e-12
1.794609673225024734e-03 2.109899495656361455e-09 5.646238489186508902e-12
1.815390273850506784e-03 2.108529562612973456e-09 5.671138865093946470e-12
1.836411502490423002e-03 2.111430580886292714e-09 5.750989282042966620e-12
1.857676145485863753e-03 2.107969427220222592e-09 5.786235826232168931e-12
1.879187021442221307e-03 2.099036732139436825e-09 5.771888395874238221e-12
1.900946981602806129e-03 2.111532850290188737e-09 5.725481329772681796e-12
1.922958910226767659e-03 2.107774049082319315e-09 5.670096954549045951e-12
1.945225724971402217e-03 2.102743645223893517e-09 5.663275329151139064e-12
1.967750377278885965e-03 2.101043656240951515e-09 5.656384827662129880e-12
1.990535852767486274e-03 2.105056090069853254e-09 5.691191442143204015e-12
2.013585171627295303e-03 2.104331820184432483e-09 5.696692298248679059e-12
2.036901389020564709e-03 2.105738192486365760e-09 5.713845018108769110e-12
2.060487595486651911e-03 2.110149912056338753e-09 5.723074902958153138e-12
2.084346917351677202e-03 2.106028179540785073e-09 5.748559403452604167e-12
2.108482517142911024e-03 2.109346812606486659e-09 5.739482344707260051e-12
2.132897594007962527e-03 2.104358175675038314e-09 5.763291640241668641e-12
2.157595384138824915e-03 2.106252231595207935e-09 5.758082840017432166e-12
2.182579161200830058e-03 2.108221489108225892e-09 5.758527415767163714e-12
2.207852236766562250e-03 2.112914233570099447e-09 5.738259409688397640e-12
2.233417960754816977e-03 2.108328505070555773e-09 5.727750517327178060e-12
2.259279721874612925e-03 2.106000330594159686e-09 5.716344664306844500e-12
2.285440948074375644e-03 2.107443258202262689e-09 5.705612995586309326e-12
2.311905106996301525e-03 2.105957251698761785e-09 5.696499384929097070e-12
2.338675706435990129e-03 2.105328223680853367e-09 5.705448549092426216e-12
2.365756294807401256e-03 2.106716833074509654e-09 5.725518373031050329e-12
2.393150461613189652e-03 2.107213029634074591e-09 5.778178605233944454e-12
2.420861837920496723e-03 2.102552876596285732e-09 5.816557419793882476e-12
2.448894096842230486e-03 2.103137365104266929e-09 5.817837593195598958e-12
2.477250954023952571e-03 2.108577955196367571e-09 5.792401753277446740e-12
2.505936168136362312e-03 2.099490775417516927e-09 5.723961596659356670e-12
2.534953541373521912e-03 2.107429780151188229e-09 5.715956442714600476e-12
2.564306919956823531e-03 2.097634499721311799e-09 5.763810002270581150e-12
2.594000194644804566e-03 2.107231718057109266e-09 5.824232484936164127e-12
2.624037301248860997e-03 2.106188955692548841e-09 5.797666652060125585e-12
2.654422221154942047e-03 2.105868711749501606e-09 5.732080746713996719e-12
2.685158981851263043e-03 2.107397391612047770e-09 5.752534493496986832e-12
2.716251657462167863e-03 2.100669215654553254e-09 5.828109857922471968e-12
2.747704369288123637e-03 2.108742942076778133e-09 5.794967891991725514e-12
2.779521286352018127e-03 2.099951759182211976e-09 5.735196824820180126e-12
2.811706625951745052e-03 2.102438694343803936e-09 5.803276529595322628e-12
2.844264654219206146e-03 2.104519161774211495e-09 5.815899949442371072e-12
2.877199686685782878e-03 2.105104167437788061e-09 5.738078077432351068e-12
2.910516088854357610e-03 2.106942976815574056e-09 5.815553144135047114e-12
2.944218276777944496e-03 2.102144885716672268e-09 5.808231205810598539e-12
2.978310717645054131e-03 2.108694501963630275e-09 5.748245309871947015e-12
3.012797930371790243e-03 2.104975449595642375e-09 5.842999153837376041e-12
3.047684486200845800e-03 2.106834394870080622e-09 5.758994871345511477e-12
3.082975009307410696e-03 2.105114988343842222e-09 5.818439227382421075e-12
3.118674177412095096e-03 2.102402285680208240e-09 5.788924642576603094e-12
3.154786722400964704e-03 2.103489790221436909e-09 5.803104121733898899e-12
3.191317430952740879e-03 2.106116982998299714e-09 5.804123029780735426e-12
3.228271145173277051e-03 2.103072059897946522e-09 5.801465632403935958e-12
3.265652763237360864e-03 2.099872674290057901e-09 5.800540883737518444e-12
3.303467240037982148e-03 2.100859019159720465e-09 5.813785013616285041e-12
3.341719587843074504e-03 2.103088032654798680e-09 5.781616364785225056e-12
3.380414876959908759e-03 2.104311564808607351e-09 5.843556543383960479e-12
3.419558236407146089e-03 2.101034800125716990e-09 5.767130983833595493e-12
3.459154854594680487e-03 2.105752019356925385e-09 5.843233044117152549e-12
3.499209980011365115e-03 2.100691377542303356e-09 5.817053692751133012e-12
3.539728921920689327e-03 2.101930950452356841e-09 5.780948777152793302e-12
3.580717051064509580e-03 2.101764795363092529e-09 5.851153162398433663e-12
3.622179800374953056e-03 2.097469423141565892e-09 5.813687899315461231e-12
3.664122665694521767e-03 2.105486708367225667e-09 5.783603901454174978e-12
3.706551206504588372e-03 2.102135517936619303e-09 5.827264733817857060e-12
3.749471046662278956e-03 2.103597373767661821e-09 5.854575639569764004e-12
3.792887875145917100e-03 2.092100164882919257e-09 5.808957627753157336e-12
3.836807446809092133e-03 2.096424144033910784e-09 5.787274142681203895e-12
3.881235583143458675e-03 2.103996958741107494e-09 5.812985620636695931e-12
3.926178173050358551e-03 2.096253248270811061e-09 5.853453903933337207e-12
3.971641173621410364e-03 2.098751524082825121e-09 5.859439731317990337e-12
4.017630610928087966e-03 2.097590643913967556e-09 5.844421386940667825e-12
4.064152580820497296e-03 2.100963585384750134e-09 5.826728924522930385e-12
4.111213249735355506e-03 2.095073255957670016e-09 5.806626718061805311e-12
4.158818855513353625e-03 2.098716081660427228e-09 5.804666041983782875e-12
4.206975708225973477e-03 2.096138312387889979e-09 5.801845965247327786e-12
4.255690191011879397e-03 2.094815732101761519e-09 5.801024109084054066e-12
4.304968760923003589e-03 2.096550820888733703e-09 5.805124624120914259e-12
4.354817949780402306e-03 2.093384106116654172e-09 5.805925757535691364e-12
4.405244365040072822e-03 2.097118162937226502e-09 5.813453745645709721e-12
4.456254690668728577e-03 2.093278570601082034e-09 5.824712364748477922e-12
4.507855688029784903e-03 2.091578434937560361e-09 5.843675214551732712e-12
4.560054196779547535e-03 2.095651141388704321e-09 5.864927811951244505e-12
4.612857135773813788e-03 2.090725928811449140e-09 5.866833139222070630e-12
4.666271503984952343e-03 2.096308380278826447e-09 5.842572007045484369e-12
4.720304381429616877e-03 2.097766561265177570e-09 5.815962470348443937e-12
4.774962930107178559e-03 2.091051430292135472e-09 5.826879153734007811e-12
4.830254394949069947e-03 2.092925781368242293e-09 5.865275564536467866e-12
4.886186104779055052e-03 2.090073180044764224e-09 5.858838184962364036e-12
4.942765473284694427e-03 2.092842425981120093e-09 5.818367983973115151e-12
4.999999999999999237e-03 2.090333517340172330e-09 5.854530269316507294e-12
5.057897271299491120e-03 2.090684698253436168e-09 5.863991757640010721e-12
5.116464961403772820e-03 2.090169622788829502e-09 5.823073515702531275e-12
5.175710833396719723e-03 2.087365201833240397e-09 5.876086489504459612e-12
5.235642740254497010e-03 2.090005277717335923e-09 5.830842703275063475e-12
5.296268625886442309e-03 2.087978813531324956e-09 5.864273200054160379e-12
5.357596526188034176e-03 2.086397117368550437e-09 5.839858666808658354e-12
5.419634570106018380e-03 2.088096768549535219e-09 5.867038180547639619e-12
5.482390980715924449e-03 2.083565662864050186e-09 5.829887725140456531e-12
5.545874076312003707e-03 2.087749198122372911e-09 5.880376957806410693e-12
5.610092271509814314e-03 2.087455923742502342e-09 5.835641610919005903e-12
5.675054078361576465e-03 2.083477443662415881e-09 5.856792761736484938e-12
5.740768107484413990e-03 2.084469432073967289e-09 5.876742261232064955e-12
5.807243069201712196e-03 2.086437157338768734e-09 5.838408481813074617e-12
5.874487774697644861e-03 2.083502162767201008e-09 5.851600384124788514e-12
5.942511137185094161e-03 2.085231564882639291e-09 5.876317647169190441e-12
6.011322173087065013e-03 2.084078519639602915e-09 5.881563116734517302e-12
6.080930003231838424e-03 2.084004754826048080e-09 5.863132063487951180e-12
6.151343854061904620e-03 2.082135644848761963e-09 5.848120065584986615e-12
6.222573058856927485e-03 2.082518642063041906e-09 5.840502972355661611e-12
6.294627058970835715e-03 2.083535983296688941e-09 5.843090614600614105e-12
6.367515405083306983e-03 2.081812762824608959e-09 5.847042834342390398e-12
6.441247758465666780e-03 2.077474546515792491e-09 5.849056129516428666e-12
6.515833892261499449e-03 2.080077475051583953e-09 5.844786658627846657e-12
6.591283692782035596e-03 2.079465160272087004e-09 5.845342473766178556e-12
6.667607160816618576e-03 2.079771209550616305e-09 5.850078902911224826e-12
6.744814412958264824e-03 2.080946798854885228e-09 5.871860709590451963e-12
6.822915682944624173e-03 2.077920631604499099e-09 5.886531983034458492e-12
6.901921323014425201e-03 2.078044634024239201e-09 5.881231394027575812e-12
6.981841805279686598e-03 2.075765921523409208e-09 5.854237431463769072e-12
7.062687723113769168e-03 2.077334557411684807e-09 5.862219390278036091e-12
7.144469792555517389e-03 2.076416206386894547e-09 5.891644966761080534e-12
7.227198853729638849e-03 2.075289886895351177e-09 5.853963388597368341e-12
7.310885872283589583e-03 2.075094918923385259e-09 5.876135069263042843e-12
7.395541940841033821e-03 2.073211128942812706e-09 5.876654744107370013e-12
7.481178280472170448e-03 2.075387900411758058e-09 5.869234430980340288e-12
7.567806242181042420e-03 2.073419580280488107e-09 5.877692565067753237e-12
7.655437308410150896e-03 2.072561796936551781e-09 5.881282477700428421e-12
7.744083094562405345e-03 2.071454896897411607e-09 5.861306645646713506e-12
7.833755350540741805e-03 2.072240439155746139e-09 5.895030935069710958e-12
7.924465962305568892e-03 2.071383008438256848e-09 5.874984875096154961e-12
8.016226953450207235e-03 2.070775991162112124e-09 5.861556282838145973e-12
8.109050486794647586e-03 2.070117636099568493e-09 5.878478906316940019e-12
8.202948865997691796e-03 2.069703345945226636e-09 5.892148214623850714e-12
8.297934537187806256e-03 2.068121867999430131e-09 5.891367408680650929e-12
8.394020090612802285e-03 2.068573365640715098e-09 5.889030628491012738e-12
8.491218262308719913e-03 2.069694319377678035e-09 5.885960220666680492e-12
8.589541935787937607e-03 2.067656223727850304e-09 5.881720462106829875e-12
8.689004143746880890e-03 2.066746541713963741e-09 5.887241437392234973e-12
8.789618069793463453e-03 2.066429921793047901e-09 5.894533701983405476e-12
8.891397050194612892e-03 2.064610823956770794e-09 5.895090454343470399e-12
8.994354575643936575e-03 2.065132816523032768e-09 5.885480975852078261e-12
9.098504293049921449e-03 2.065591501254630496e-09 5.869320937225820335e-12
9.203860007344780506e-03 2.065822048145430087e-09 5.883998811900530831e-12
9.310435683314336255e-03 2.064235314218762460e-09 5.899120238566863613e-12
9.418245447449000163e-03 2.063412499383028710e-09 5.870992926428143766e-12
9.527303589816240106e-03 2.061956276950976026e-09 5.895874835205691751e-12
9.637624565954681574e-03 2.061834014248176266e-09 5.873686269455290474e-12
9.749222998790225969e-03 2.061353335168341790e-09 5.900183200623644338e-12
9.862113680574265823e-03 2.061109506001896354e-09 5.871882557207722354e-12
9.976311574844402841e-03 2.061350316902896716e-09 5.892683907007299121e-12
1.009183181840780756e-02 2.058947948894667888e-09 5.894944946194024823e-12
1.020868972334764736e-02 2.059250525972652379e-09 5.877750220934231392e-12
1.032690077905264354e-02 2.058752182981281290e-09 5.875866154963665976e-12
1.044648065427019289e-02 2.057901426098787576e-09 5.886962416435445826e-12
1.056744519918323758e-02 2.057144341330234731e-09 5.895918965281150443e-12
1.068981044751116105e-02 2.058786208663672714e-09 5.889852665125705840e-12
1.081359261863509835e-02 2.052494224227757740e-09 5.895234751891314573e-12
1.093880811974775810e-02 2.055021941866521224e-09 5.885854402462530944e-12
1.106547354802819155e-02 2.055197206598461139e-09 5.881083421475877958e-12
1.119360569284169951e-02 2.053613198891417187e-09 5.888764234447161171e-12
1.132322153796529694e-02 2.053712893642801866e-09 5.902451367661094615e-12
1.145433826383886015e-02 2.054422800213137651e-09 5.890361123517013996e-12
1.158697324984239718e-02 2.053088295534391706e-09 5.938116286631081929e-12
1.172114407659961138e-02 2.051826508697118054e-09 5.900951057146895436e-12
1.185686852830827517e-02 2.052035458382052009e-09 5.886506017527908147e-12
1.199416459509744862e-02 2.050808387474554246e-09 5.896215193358224103e-12
1.213305047541208236e-02 2.050176951284074554e-09 5.904592177919741605e-12
1.227354457842515581e-02 2.049771995471417200e-09 5.883614647833713402e-12
1.241566552647785024e-02 2.049401130719942689e-09 5.850613650327019004e-12
1.255943215754789719e-02 2.048336819229646572e-09 5.899899790219882351e-12
1.270486352774653077e-02 2.048014781456295761e-09 5.903987435185537644e-12
1.285197891384432141e-02 2.048425075871960251e-09 5.904212564592074879e-12
1.300079781582635929e-02 2.046714697452140308e-09 5.905028345810299288e-12
1.315133995947690565e-02 2.045463447134280693e-09 5.895279569023392332e-12
1.330362529899405295e-02 2.045634250226397066e-09 5.890593064686708087e-12
1.345767401963457975e-02 2.045607657057162127e-09 5.920750560951513563e-12
1.361350654038956214e-02 2.044315438280419495e-09 5.906815924527285806e-12
1.377114351669082859e-02 2.043802997531918086e-09 5.888591116034284960e-12
1.393060584314884283e-02 2.043232600157374613e-09 5.908749753829957810e-12
1.409191465632227136e-02 2.046001516012706878e-09 5.888307806410411368e-12
1.425509133751954628e-02 2.041895629748315330e-09 5.902976590459646582e-12
1.442015751563302701e-02 2.041056896988202949e-09 5.904784779658324709e-12
1.458713507000582686e-02 2.041338944151056327e-09 5.895369496458478174e-12
1.475604613333193239e-02 2.039609209884974071e-09 5.891347324751118807e-12
1.492691309458979952e-02 2.039407580801464049e-09 5.890814730158587005e-12
1.509975860201007852e-02 2.038161941283499636e-09 5.892288919662815727e-12
1.527460556607755995e-02 2.038395994193341694e-09 5.892583052447187249e-12
1.545147716256795728e-02 2.036716820186776011e-09 5.902310950708942114e-12
1.563039683561977602e-02 2.037588981576814901e-09 5.911512259757364554e-12
1.581138830084189567e-02 2.036442337104129320e-09 5.893439444825243778e-12
1.599447554845698227e-02 2.032637730457047215e-09 5.906742866333312850e-12
1.617968284648142047e-02 2.034364317824079277e-09 5.894518930891672668e-12
1.636703474394191060e-02 2.034418464094500871e-09 5.911424564599537953e-12
1.655655607412955324e-02 2.032678729547087992e-09 5.900898445101759876e-12
1.674827195789137593e-02 2.033343339114012968e-09 5.895446132797777584e-12
1.694220780696013492e-02 2.032063371056856026e-09 5.896303055975278471e-12
1.713838932732252018e-02 2.032057765486160911e-09 5.896722298059726760e-12
1.733684252262658251e-02 2.031298193567700507e-09 5.896283457388948711e-12
1.753759369762839665e-02 2.030721301605849765e-09 5.900757672086178605e-12
1.774066946167878259e-02 2.029665013915320860e-09 5.912279706374043527e-12
1.794609673225026555e-02 2.028791200037599858e-09 5.907100591976796066e-12
1.815390273850506567e-02 2.028930204081422471e-09 5.906247234821418956e-12
1.836411502490422828e-02 2.029601353624680337e-09 5.896867601138447630e-12
1.857676145485861671e-02 2.027728350793086170e-09 5.913789189205975925e-12
1.879187021442221481e-02 2.026215723694785860e-09 5.904663890884189582e-12
1.900946981602805869e-02 2.025579957461577684e-09 5.899087936206632107e-12
1.922958910226767529e-02 2.024779732169443231e-09 5.900221255141784970e-12
1.945225724971402087e-02 2.024069201213239220e-09 5.900460631584842796e-12
1.967750377278888047e-02 2.023396217498653780e-09 5.904635049332595039e-12
1.990535852767486361e-02 2.023880588428309053e-09 5.913327444184165360e-12
2.013585171627295042e-02 2.020067321534616169e-09 5.906255279351623948e-12
2.036901389020562628e-02 2.020133222715727428e-09 5.911640989677682821e-12
2.060487595486651738e-02 2.020953906441711349e-09 5.901523994765994850e-12
2.084346917351677375e-02 2.021334889086905675e-09 5.915333212898874161e-12
2.108482517142910850e-02 2.018124308513411708e-09 5.912800141011045746e-12
2.132897594007962527e-02 2.018468556629613878e-09 5.915265761248491964e-12
2.157595384138826997e-02 2.016985399397625843e-09 5.915825108674464001e-12
2.182579161200830231e-02 2.017787183990995256e-09 5.914213401649499563e-12
2.207852236766562337e-02 2.016203519877927675e-09 5.902203998032627977e-12
2.233417960754814982e-02 2.015436586131131652e-09 5.907478574330670098e-12
2.259279721874612665e-02 2.016204826989529033e-09 5.911429352075920429e-12
2.285440948074375644e-02 2.019691315715257127e-09 5.911170958170039774e-12
2.311905106996301265e-02 2.015297554873478409e-09 5.905540301765560137e-12
2.338675706435990390e-02 2.013484030726920865e-09 5.898144540918945824e-12
2.365756294807403598e-02 2.013039110564686296e-09 5.911207750122289168e-12
2.393150461613192254e-02 2.012934810062965525e-09 5.903921703840568809e-12
2.420861837920496723e-02 2.011362003246566225e-09 5.916364212722495483e-12
2.448894096842230833e-02 2.011275426748179116e-09 5.905685197722310632e-12
2.477250954023949708e-02 2.009803448021939521e-09 5.915921170511319725e-12
2.505936168136362399e-02 2.009596262551396470e-09 5.906627798182354400e-12
2.534953541373521912e-02 2.008961454445525561e-09 5.908410659867205524e-12
2.564306919956823791e-02 2.011848211231563906e-09 5.910803570797679202e-12
2.594000194644804219e-02 2.008272262240252292e-09 5.914862122507288111e-12
2.624037301248863946e-02 2.008813446875693412e-09 5.906956432733690868e-12
2.654422221154941960e-02 2.006616773555315464e-09 5.917930397854503352e-12
2.685158981851263130e-02 2.005240986651544818e-09 5.904720725625720048e-12
2.716251657462165001e-02 2.004076174606760396e-09 5.915141211544485294e-12
2.747704369288124157e-02 2.004837550128563638e-09 5.915147858032251979e-12
2.779521286352018214e-02 2.003057796794716103e-09 5.912943464313316849e-12
2.811706625951744531e-02 2.002150114320332940e-09 5.915380509941459357e-12
2.844264654219205712e-02 2.002979464194106921e-09 5.917499082464764261e-12
2.877199686685785740e-02 2.002106076155544242e-09 5.906717797680366691e-12
2.910516088854357350e-02 2.001029525067060690e-09 5.929029988638684617e-12
2.944218276777944496e-02 1.999512926116003087e-09 5.935378845286811952e-12
2.978310717645051356e-02 2.000303211912280523e-09 5.908447196280125095e-12
3.012797930371789723e-02 1.999021235580504405e-09 5.916628543338844152e-12
3.047684486200846060e-02 1.997388137156538782e-09 5.916510252987696343e-12
3.082975009307410696e-02 1.996398688333320410e-09 5.913683676710043245e-12
3.118674177412094836e-02 1.997648593701274812e-09 5.907573565743383337e-12
3.154786722400967913e-02 1.996388442504676889e-09 5.909971878460848135e-12
3.191317430952744089e-02 1.995174770607391070e-09 5.908657862923918720e-12
3.228271145173277484e-02 1.995036333906014017e-09 5.919279258662920150e-12
3.265652763237360950e-02 1.994525003046456355e-09 5.909860522992010100e-12
3.303467240037978592e-02 1.993811741653846368e-09 5.919357922845900462e-12
3.341719587843074157e-02 1.993467964918704768e-09 5.910107318037463484e-12
3.380414876959909193e-02 1.991518634154091175e-09 5.915967717301082873e-12
3.419558236407145568e-02 1.991345320610585015e-09 5.917786247803150290e-12
3.459154854594680834e-02 1.990919137859679555e-09 5.914285831468483171e-12
3.499209980011368931e-02 1.989767477340966078e-09 5.910790056623110086e-12
3.539728921920690108e-02 1.989331096143107165e-09 5.919376729274246894e-12
3.580717051064509493e-02 1.986057657093920104e-09 5.911902955197995264e-12
3.622179800374948633e-02 1.987965407341816365e-09 5.911323497239105678e-12
3.664122665694521941e-02 1.987142357547372253e-09 5.906460992028600618e-12
3.706551206504588025e-02 1.986694757314896044e-09 5.907522722217930090e-12
3.749471046662278956e-02 1.983649364929902889e-09 5.916893766140204978e-12
3.792887875145917187e-02 1.985198802874051198e-09 5.919584580143919495e-12
3.836807446809096384e-02 1.985417265651359312e-09 5.910620306292960569e-12
3.881235583143459456e-02 1.983818536065373131e-09 5.918625268258153571e-12
3.926178173050358378e-02 1.983171454752137249e-09 5.916760504466382528e-12
3.971641173621406201e-02 1.981860624392222646e-09 5.914612753453608254e-12
4.017630610928087792e-02 1.981826241102651786e-09 5.908678355211384149e-12
4.064152580820497296e-02 1.979063091405890542e-09 5.916275415731016432e-12
4.111213249735355679e-02 1.981075968305163158e-09 5.907636981287971682e-12
4.158818855513353452e-02 1.979711998493016922e-09 5.915618071971459426e-12
4.206975708225977467e-02 1.979877004070950222e-09 5.912265220400508531e-12
4.255690191011883561e-02 1.971251558932911483e-09 5.915637027736607426e-12
4.304968760923003068e-02 1.985034502299384163e-09 5.919410418867194445e-12
4.354817949780401959e-02 1.976428512091064352e-09 5.911945912672953177e-12
4.405244365040068139e-02 1.986025760227867733e-09 5.920230541605916973e-12
4.456254690668728924e-02 1.974944165444282068e-09 5.910944614470526065e-12
4.507855688029784730e-02 1.974990781163373471e-09 5.912971102875234397e-12
4.560054196779547708e-02 1.975152076309577031e-09 5.919551818789962148e-12
4.612857135773813788e-02 1.972302847740061070e-09 5.913696911819563944e-12
4.666271503984956853e-02 1.972899568196891464e-09 5.919725117025547809e-12
4.720304381429617224e-02 1.972712579245855527e-09 5.922123202040789516e-12
4.774962930107178732e-02 1.971880497192348588e-09 5.921002492233820285e-12
4.830254394949064917e-02 1.969410373694339493e-09 5.761498132601694676e-12
4.886186104779054878e-02 1.968997239868730814e-09 5.914695470773599060e-12
4.942765473284694427e-02 1.968941771683369882e-09 5.913122105647233685e-12
4.999999999999999584e-02 1.956243346947900090e-09 5.920495888057349001e-12
5.057897271299491293e-02 1.968183582463137012e-09 5.899994779203321226e-12
5.116464961403772993e-02 1.965722525217513025e-09 5.916653502528001517e-12
5.175710833396719723e-02 1.967834902827758829e-09 5.915906742673722429e-12
5.235642740254497357e-02 1.967027702052085867e-09 5.908874041329437040e-12
5.296268625886442483e-02 1.961459088103573309e-09 5.916163986738162603e-12
5.357596526188034003e-02 1.963425012419987620e-09 5.918724586925388840e-12
5.419634570106018207e-02 1.963689671302200088e-09 5.915541837228898325e-12
5.482390980715925316e-02 1.962902054840131700e-09 5.921099163138889389e-12
5.545874076312003881e-02 1.959780428761813278e-09 5.923751088868920804e-12
5.610092271509819345e-02 1.961479850924735489e-09 5.920183062517954902e-12
5.675054078361576465e-02 1.957245496767742385e-09 5.916101778048738957e-12
5.740768107484413990e-02 1.959988908666738993e-09 5.921097314878693103e-12
5.807243069201711849e-02 1.959149083404887406e-09 5.919201044125510976e-12
5.874487774697650933e-02 1.958586240511352463e-09 5.916193570867964351e-12
5.942511137185094161e-02 1.954821987888245999e-09 5.916662794739258890e-12
6.011322173087065013e-02 1.957412587145270174e-09 5.923477097447344522e-12
6.080930003231839465e-02 1.956666174029783364e-09 5.916019156534112899e-12
6.151343854061905314e-02 1.955716615978143826e-09 5.920127922851139211e-12
6.222573058856927658e-02 1.955111579687137018e-09 5.920754646505640175e-12
6.294627058970836408e-02 1.954929220256217778e-09 5.908210089938594659e-12
6.367515405083307156e-02 1.951174045961023111e-09 5.920626344396612594e-12
6.441247758465666606e-02 1.953217165873325802e-09 5.922096767002638644e-12
6.515833892261499449e-02 1.952170006908623944e-09 5.919267642169953898e-12
6.591283692782036463e-02 1.951830622612586832e-09 5.916737189341470128e-12
6.667607160816618750e-02 1.951040903292940871e-09 5.920964235765230467e-12
6.744814412958265171e-02 1.949852490603692097e-09 5.917311223947204519e-12
6.822915682944624693e-02 1.949582228515847327e-09 5.878338500483891484e-12
6.901921323014424681e-02 1.949252556982574470e-09 5.950872749750770682e-12
6.981841805279687119e-02 1.956343761717915670e-09 5.926412396006638736e-12
7.062687723113769689e-02 1.947350660241518897e-09 5.898192521068365087e-12
7.144469792555517562e-02 1.946535779581668294e-09 5.919660424336443714e-12
7.227198853729638328e-02 1.947077782863384018e-09 5.930004393282161800e-12
7.310885872283590103e-02 1.945696693938119992e-09 5.916351354030303744e-12
7.395541940841035555e-02 1.944430269323614246e-09 5.921386491595624928e-12
7.481178280472171316e-02 1.943449915729465020e-09 5.953172979501246149e-12
7.567806242181042420e-02 1.932943899033693139e-09 5.917901297040011726e-12
7.655437308410151243e-02 1.929909810309462938e-09 5.918786197101873662e-12
7.744083094562405345e-02 1.940300277580920655e-09 5.920851913452530840e-12
7.833755350540749784e-02 1.941653498752701478e-09 5.902827578284536318e-12
7.924465962305569933e-02 1.938495957719195945e-09 5.919072573508920525e-12
8.016226953450207582e-02 1.939399791276816387e-09 5.916229766874263546e-12
8.109050486794648627e-02 1.936876880479008085e-09 5.928998141709465203e-12
8.202948865997693184e-02 1.937106955067911864e-09 5.946611289164597766e-12
8.297934537187805215e-02 1.937928366437087144e-09 5.921751905598308880e-12
8.394020090612802631e-02 1.937130784115950298e-09 5.920784457253960669e-12
8.491218262308720954e-02 1.971674578848296382e-09 5.914366855205720801e-12
8.589541935787936566e-02 1.938470290750272333e-09 5.921019902810642279e-12
8.689004143746879849e-02 1.933880757879153597e-09 5.920977805996219762e-12
8.789618069793464494e-02 1.935521214449591215e-09 5.921324436528504435e-12
8.891397050194613239e-02 1.934092927041082626e-09 5.919799279023051337e-12
8.994354575643935534e-02 1.934424557628890570e-09 5.922111123151514206e-12
9.098504293049920755e-02 1.935461965317144583e-09 5.917263258849258195e-12
9.203860007344780159e-02 1.931132303194406957e-09 5.920115809447071065e-12
9.310435683314335908e-02 1.931886439235901729e-09 5.985461224596247533e-12
9.418245447449000163e-02 1.931501787293951946e-09 5.920777640858446981e-12
9.527303589816239759e-02 1.928807856548545531e-09 5.922546689150478311e-12
9.637624565954681921e-02 1.927266972632659102e-09 5.916705933862483976e-12
9.749222998790225969e-02 1.927143807779252742e-09 5.922718721102179250e-12
9.862113680574266517e-02 1.927712929990231181e-09 5.894234746140864314e-12
9.976311574844401453e-02 1.925976520431387313e-09 5.855855640719811396e-12
1.009183181840780652e-01 1.925510431505031917e-09 5.916783301858398616e-12
1.020868972334764563e-01 1.926852529266008852e-09 5.923892426301304849e-12
1.032690077905264459e-01 1.928282521654586571e-09 5.916596524818891537e-12
1.044648065427020295e-01 1.929510298091195104e-09 5.913230326721767583e-12
1.056744519918323688e-01 1.923455539270742558e-09 5.922935607005940785e-12
1.068981044751116105e-01 1.923348651440025044e-09 5.925443969454573212e-12
1.081359261863509835e-01 1.921136830682923197e-09 5.922481386465953569e-12
1.093880811974775602e-01 1.921544733897838976e-09 5.921273588103667690e-12
1.106547354802819155e-01 1.920034040668288980e-09 5.919279803583991924e-12
1.119360569284170021e-01 1.927736187982205381e-09 5.922368743509694156e-12
1.132322153796529590e-01 1.918806792368923146e-09 5.919114231339063712e-12
1.145433826383886050e-01 1.917709700452829992e-09 5.918152810589703306e-12
1.158697324984239579e-01 1.916693387192154778e-09 5.918473448194876117e-12
1.172114407659961138e-01 1.918377201591897595e-09 5.923655132469879399e-12
1.185686852830827587e-01 1.916668869343456709e-09 5.899714220061867580e-12
1.199416459509744792e-01 1.914955000586003936e-09 5.920230893115659926e-12
1.213305047541208270e-01 1.913858283496465603e-09 5.921017165776170920e-12
1.227354457842515234e-01 1.915758918743337036e-09 5.921716006115486065e-12
1.241566552647785093e-01 1.912741533762870813e-09 5.918328051190578637e-12
1.255943215754789510e-01 1.912189424205842106e-09 5.921814101573119135e-12
1.270486352774652938e-01 1.911874305239201177e-09 5.956074938273910774e-12
1.285197891384432245e-01 1.910173588594070373e-09 5.921143527945641018e-12
1.300079781582635929e-01 1.909770227699633985e-09 5.918669643152711236e-12
1.315133995947690704e-01 1.911248472738672999e-09 5.991942057472336856e-12
1.330362529899405399e-01 1.909200263676647324e-09 5.937602035581289167e-12
1.345767401963458287e-01 1.908891546002208068e-09 5.914668286269713535e-12
1.361350654038956109e-01 1.906370713963291524e-09 5.927649175057847732e-12
1.377114351669082859e-01 1.907387709707939380e-09 5.918433483888782941e-12
1.393060584314885775e-01 1.904107361896349377e-09 5.923207253697794393e-12
1.409191465632227414e-01 1.902920338983992402e-09 5.922909668506853595e-12
1.425509133751954594e-01 1.903194518375827346e-09 5.896559124121439242e-12
1.442015751563302528e-01 1.906132362020309734e-09 5.919198353302790739e-12
1.458713507000582721e-01 1.901922535619236305e-09 5.920896254981829535e-12
1.475604613333193205e-01 1.892979626844463146e-09 5.921538785404126212e-12
1.492691309458979987e-01 1.904013356801667284e-09 5.908429879234299212e-12
1.509975860201007714e-01 1.899207376040117676e-09 5.917573163527994867e-12
1.527460556607755926e-01 1.899197204766618926e-09 5.925388980288990284e-12
1.545147716256795867e-01 1.901346450324603416e-09 5.975295680436958931e-12
1.563039683561977533e-01 1.898512307652933788e-09 5.919727506020708437e-12
1.581138830084189428e-01 1.897521353982284347e-09 5.921072784780886000e-12
1.599447554845698505e-01 1.897437269509508422e-09 5.922733136795431486e-12
1.617968284648141908e-01 1.894433394260610515e-09 5.882540527218136909e-12
1.636703474394191060e-01 1.895966827390597300e-09 5.921351367649193645e-12
1.655655607412955255e-01 1.894548270029796477e-09 5.895294544876373630e-12
1.674827195789137801e-01 1.893019441601492525e-09 5.916835631259058760e-12
1.694220780696013562e-01 1.895210087507744830e-09 5.918412310213784812e-12
1.713838932732252018e-01 1.893263097026762041e-09 6.140644931010026134e-12
1.733684252262658043e-01 1.891075135840003141e-09 5.926824135408371987e-12
1.753759369762839526e-01 1.891805556940566600e-09 5.919484631532164094e-12
1.774066946167878189e-01 1.890410038240643149e-09 5.930718330519020374e-12
1.794609673225026625e-01 1.890440628926770019e-09 5.920066399683236858e-12
1.815390273850506775e-01 1.889203457446395591e-09 5.921440766278167538e-12
1.836411502490422898e-01 1.887357726870736457e-09 5.929972061806667958e-12
1.857676145485863684e-01 1.887852772061006920e-09 5.851070345894260987e-12
1.879187021442221273e-01 1.885561039056582656e-09 5.917590309855954542e-12
1.900946981602806007e-01 1.886599676971822783e-09 5.921147130976789906e-12
1.922958910226767459e-01 1.892526809356445558e-09 5.938546743528474644e-12
1.945225724971402226e-01 1.885449777909558452e-09 5.916095263471198792e-12
1.967750377278887630e-01 1.885373934325489970e-09 5.922895117612894790e-12
1.990535852767486569e-01 1.890093606124080825e-09 5.920201825574771781e-12
2.013585171627294834e-01 1.881873806162120652e-09 5.914061965603427236e-12
2.036901389020563113e-01 1.882396299676937263e-09 5.920855853543706675e-12
2.060487595486651946e-01 1.884968349424909138e-09 5.920439332087913344e-12
2.084346917351677098e-01 1.881033765956852948e-09 5.921351856110255417e-12
2.108482517142910850e-01 1.882335949080944733e-09 6.033958658010590624e-12
2.132897594007962527e-01 1.879141722828080880e-09 5.918024135488317981e-12
2.157595384138827066e-01 1.838002398819261095e-09 5.916803919338986556e-12
2.182579161200830231e-01 1.878637892004455852e-09 5.904298319689897939e-12
2.207852236766562060e-01 1.881769511911060490e-09 5.880999873579284594e-12
2.233417960754814913e-01 1.879409172782414362e-09 5.923559186869922422e-12
2.259279721874612734e-01 1.870887251958231701e-09 5.921657987327987713e-12
2.285440948074375367e-01 1.873692794388928295e-09 5.925546508454751506e-12
2.311905106996301473e-01 1.874320420245481156e-09 5.922349773953110821e-12
2.338675706435990320e-01 1.874138924053288037e-09 5.937935378175069568e-12
2.365756294807403182e-01 1.871026890936091246e-09 5.918040933013730443e-12
2.393150461613192392e-01 1.874755780548418746e-09 5.910965086804117949e-12
2.420861837920496862e-01 1.872107382843237286e-09 5.918708172172846600e-12
2.448894096842230417e-01 1.871209904123566659e-09 5.919541272392569156e-12
2.477250954023952345e-01 1.868337222812377485e-09 5.915894145046166087e-12
2.505936168136362330e-01 1.869523241374462673e-09 5.919261302392218354e-12
2.534953541373521912e-01 1.868826504905892996e-09 5.927724805807969561e-12
2.564306919956823583e-01 1.867787777764437952e-09 5.917134091196300378e-12
2.594000194644804358e-01 1.860828367140042111e-09 5.945775930801405988e-12
2.624037301248863807e-01 1.886610412679890576e-09 5.920095160927108212e-12
2.654422221154941752e-01 1.856592737635196406e-09 5.914375274557971510e-12
2.685158981851263338e-01 1.864930941182214948e-09 5.913138981356874727e-12
2.716251657462164792e-01 1.862840985106801729e-09 5.921978634077993586e-12
2.747704369288123671e-01 1.864571899776451223e-09 5.921785118289169687e-12
2.779521286352018006e-01 1.864387121713798291e-09 5.920781488687840035e-12
2.811706625951744809e-01 1.860697547234490202e-09 5.919488275131285102e-12
2.844264654219206268e-01 1.878764577887014239e-09 5.920668619423023575e-12
2.877199686685785740e-01 1.859892290798403766e-09 5.923504175009756470e-12
2.910516088854357419e-01 1.862482761452972374e-09 5.920388523442130056e-12
2.944218276777944565e-01 1.855646199233769701e-09 5.923627352590849190e-12
2.978310717645051287e-01 1.859160996314137709e-09 5.919085562059469615e-12
3.012797930371790001e-01 1.860092777870759050e-09 5.984407498844011574e-12
3.047684486200846199e-01 1.854906226879248260e-09 5.923193603997364836e-12
3.082975009307410419e-01 1.856916524908510064e-09 5.920742217198958340e-12
3.118674177412095183e-01 1.860001614836584107e-09 5.908819791616215253e-12
3.154786722400967913e-01 1.853942507009042212e-09 5.904553539311965729e-12
3.191317430952744227e-01 1.853313981812422857e-09 5.911387915069413545e-12
3.228271145173277623e-01 1.858536692554589139e-09 5.920530035702538183e-12
3.265652763237361089e-01 1.853775426440830518e-09 5.920712231673790717e-12
3.303467240037981645e-01 1.857242626754671866e-09 5.911519827965812201e-12
3.341719587843073880e-01 1.852284527907923802e-09 5.986595296088995623e-12
3.380414876959909054e-01 1.853476371123217030e-09 5.922726021725863105e-12
3.419558236407145846e-01 1.862377762873229108e-09 5.937507298498137142e-12
3.459154854594680972e-01 1.850842805215787822e-09 5.921517595432226488e-12
3.499209980011368515e-01 1.848865143778255920e-09 5.924104751087954235e-12
3.539728921920689553e-01 1.849066519436340636e-09 5.914775661757428379e-12
3.580717051064509215e-01 1.870270772310970901e-09 5.926946578978985876e-12
3.622179800374948910e-01 1.846933373851554629e-09 5.916498799343684485e-12
3.664122665694521941e-01 1.846199063176756789e-09 5.929006088730193024e-12
3.706551206504588025e-01 1.846214145607976442e-09 5.920612178742704895e-12
3.749471046662278817e-01 1.844520917573001748e-09 5.882448962068426238e-12
3.792887875145917187e-01 1.871044986205531329e-09 5.915514279393721838e-12
3.836807446809096245e-01 1.844881615238033629e-09 5.911115791289315549e-12
3.881235583143459178e-01 1.825078902650065959e-09 5.917579178600544180e-12
3.926178173050358100e-01 1.844541004626098803e-09 5.755858427529822823e-12
3.971641173621406340e-01 1.843421766709773779e-09 5.989761206744045137e-12
4.017630610928087931e-01 1.842485540856785302e-09 5.918132470397527653e-12
4.064152580820497018e-01 1.842161305166695813e-09 6.016696594382878242e-12
4.111213249735355402e-01 1.849436446697489760e-09 5.869538876460381117e-12
4.158818855513353729e-01 1.843860855694078425e-09 5.917077609304782140e-12
4.206975708225977328e-01 1.834547545881893193e-09 5.922560839051035783e-12
4.255690191011883283e-01 1.844889816331438319e-09 5.918031524789711189e-12
4.304968760923003068e-01 1.833855054991417080e-09 5.921564909117881903e-12
4.354817949780401820e-01 1.834364371656602977e-09 5.923467462580207592e-12
4.405244365040072441e-01 1.835084359447149929e-09 5.918692576430843502e-12
4.456254690668728924e-01 1.834944602123289803e-09 5.918925161839511768e-12
4.507855688029784313e-01 1.825399690352914942e-09 5.900004610710602488e-12
4.560054196779547708e-01 1.831187068173680476e-09 5.920511004260182057e-12
4.612857135773818507e-01 1.833987283101108671e-09 5.925657631491800546e-12
4.666271503984956714e-01 1.831715387320617547e-09 5.918122218869900899e-12
4.720304381429618057e-01 1.803854136543428700e-09 5.943654536091731689e-12
4.774962930107178871e-01 1.829924211184763721e-09 5.891232891776136613e-12
4.830254394949065055e-01 1.829753938073997613e-09 5.912539262250074876e-12
4.886186104779055572e-01 1.831282578068000590e-09 5.917449163565185188e-12
4.942765473284694844e-01 1.828093235352587472e-09 5.925387063531571751e-12
5.000000000000000000e-01 1.802389991511425009e-09 5.918481594704651196e-12
5.235642740254498051e-01 1.824752993826438265e-09 5.919313512622059785e-12
5.482390980715924345e-01 1.821950693100798064e-09 5.921285232442828350e-12
5.740768107484414129e-01 1.818720399946616478e-09 6.018008952015039358e-12
6.011322173087064735e-01 1.816443811943458781e-09 5.919847054332892791e-12
6.294627058970836408e-01 1.955346619312190338e-09 5.921910067437011525e-12
6.591283692782035075e-01 1.814710169032785118e-09 5.919241230030915343e-12
6.901921323014423848e-01 1.802372152670892904e-09 5.923347740470585420e-12
7.227198853729637218e-01 1.789353788377467607e-09 5.919937461329531825e-12
7.567806242181041032e-01 1.802309867605434543e-09 5.922169267983347541e-12
7.924465962305566880e-01 1.800527312960021771e-09 5.917363006861322884e-12
8.297934537187804382e-01 1.796989965591246952e-09 5.918244248975680662e-12
8.689004143746876796e-01 1.793287105933759056e-09 5.917978700724814840e-12
9.098504293049917147e-01 1.711341672495017852e-09 5.902635766014408055e-12
9.527303589816237261e-01 1.797879442573106168e-09 5.891166925529912651e-12
9.976311574844397567e-01 1.784271599107561222e-09 5.925740405620781908e-12
1.044648065427019823e+00 1.786309998452231964e-09 5.921180541844193367e-12
1.093880811974776268e+00 1.780784851830564367e-09 5.915473206993464592e-12
1.145433826383886577e+00 1.777493499167250094e-09 5.895753595607915561e-12
1.199416459509745181e+00 1.776398101091852974e-09 5.911037887187470946e-12
1.255943215754790065e+00 1.771722407341945825e-09 5.917586424580616993e-12
1.315133995947690870e+00 1.770053730583011964e-09 5.952918786289053375e-12
1.377114351669083137e+00 1.805822652524547880e-09 5.937131837845519175e-12
1.442015751563302972e+00 1.768467235816095133e-09 5.903201492294762699e-12
1.509975860201008047e+00 1.767974346724682606e-09 5.915730601812593263e-12
1.581138830084189761e+00 1.754500874135304017e-09 5.917038961560808516e-12
1.655655607412955810e+00 1.753361733177697750e-09 5.868215355340709752e-12
1.733684252262658321e+00 1.758228623114543344e-09 5.918758985449434949e-12
1.815390273850506997e+00 1.787932939264873127e-09 5.911383364761873406e-12
1.900946981602805952e+00 1.585605565830561155e-09 5.906795218656208402e-12
1.990535852767486347e+00 1.743080634702414101e-09 5.920520570077230705e-12
2.084346917351676876e+00 1.739070527983701924e-09 5.916188899926341574e-12
2.182579161200830065e+00 1.738358006332800229e-09 5.919124467162286874e-12
2.285440948074375367e+00 1.731096429766108858e-09 5.964346877052315818e-12
2.393150461613192004e+00 1.732731613660593511e-09 5.928157443488137150e-12
2.505936168136361886e+00 1.730137757634190587e-09 5.915903738165373101e-12
2.624037301248862697e+00 1.727571489131974326e-09 5.908061417821299508e-12
2.747704369288122894e+00 1.725092828701899135e-09 5.938963773409822546e-12
2.877199686685784741e+00 1.722551806581497872e-09 5.912371029385886864e-12
3.012797930371788890e+00 1.703489416832467953e-09 5.935119999578486711e-12
3.154786722400966692e+00 1.716070613142311369e-09 5.854080859935872706e-12
3.303467240037979646e+00 1.721000095544214183e-09 5.900006073088618830e-12
3.459154854594682416e+00 1.721614133787365969e-09 5.900242882011422739e-12
3.622179800374950798e+00 1.698755433208942078e-09 5.832343806731666041e-12
3.792887875145918741e+00 1.691565967757182920e-09 5.716088957434961001e-12
3.971641173621408338e+00 1.700766627640549185e-09 5.917810958559772766e-12
4.158818855513356283e+00 1.698913981738605255e-09 5.915806116298449916e-12
4.354817949780404263e+00 1.697456969109283846e-09 5.916853838627975442e-12
4.560054196779547375e+00 1.698097403186612350e-09 5.923330464888863106e-12
4.774962930107179204e+00 1.692284530116451923e-09 5.914033921544651141e-12
5.000000000000000888e+00 1.687192963567961469e-09 5.908189624492992282e-12
6.294627058970835520e+00 1.675582615645189177e-09 5.912849686054205030e-12
7.924465962305567324e+00 1.662601556341411116e-09 5.917731513244085446e-12
9.976311574844396901e+00 1.652480081619359915e-09 5.917271186236158666e-12
1.255943215754790288e+01 1.636300933178506264e-09 5.863659415750193911e-12
1.581138830084189451e+01 1.625566702296566452e-09 5.877148549911741510e-12
1.990535852767486347e+01 1.892350589550148915e-09 5.913647460890983963e-12
2.505936168136362241e+01 1.596898166336319100e-09 5.908475590238784265e-12
3.154786722400966070e+01 1.580927716059743367e-09 5.905893482421861867e-12
3.971641173621406296e+01 1.567931817157925106e-09 5.898527213823243730e-12
4.999999999999999289e+01 1.556265478241606513e-09 5.912256366452642585e-12
