2.393150461613189841e-05 3.373725592005658412e-10 8.729368064513502089e-13
2.448894096842228047e-05 1.536291714061915938e-09 9.652751645348054763e-13
2.505936168136361892e-05 1.973273149187038955e-09 1.060546485173004775e-12
2.564306919956823707e-05 1.972319095628976009e-09 1.157230227743943517e-12
2.624037301248861295e-05 1.913721943376190033e-09 1.253316983712186326e-12
2.685158981851265889e-05 1.871001615091750573e-09 1.347816345383434440e-12
2.747704369288123379e-05 1.864874524992293766e-09 1.438725785395419535e-12
2.811706625951745350e-05 1.884767800140071061e-09 1.523581654572003546e-12
2.877199686685782864e-05 1.927315407069255605e-09 1.600518048625160810e-12
2.944218276777941324e-05 1.981881439838613742e-09 1.666727204977113744e-12
3.012797930371789620e-05 2.039526439664373689e-09 1.720055457096880119e-12
3.082975009307410534e-05 2.093260995857203395e-09 1.758553210113970311e-12
3.154786722400964650e-05 2.130909419401189414e-09 1.779965135020560201e-12
3.228271145173280656e-05 2.148549016994412534e-09 1.783182640825121658e-12
3.303467240037981687e-05 2.140575235297371881e-09 1.766717393032146046e-12
3.380414876959908759e-05 2.102896582963749167e-09 1.730633672796793502e-12
3.459154854594680595e-05 2.035313713410328208e-09 1.674672925196273889e-12
3.539728921920685885e-05 1.937457063974911982e-09 1.601620273834476216e-12
3.622179800374952406e-05 1.811514862589876050e-09 1.513151754130767182e-12
3.706551206504588155e-05 1.663609580684702679e-09 1.413437752490283575e-12
3.792887875145917236e-05 1.497836844215536004e-09 1.307430506311777329e-12
3.881235583143463039e-05 1.322666565466764417e-09 1.201244769446641743e-12
3.971641173621410364e-05 1.145929241391806362e-09 1.102036899346881579e-12
4.064152580820497269e-05 9.777721359067555154e-10 1.017719889556084403e-12
4.158818855513353842e-05 8.264265919995607735e-10 9.564850682410909389e-13
4.255690191011879072e-05 7.006622093676816944e-10 9.265666354332103147e-13
4.354817949780397373e-05 6.071915139686552644e-10 9.351478275443878392e-13
4.456254690668728712e-05 5.510031134702092595e-10 9.880918235479901816e-13
4.560054196779547508e-05 5.341283610594222500e-10 1.089187338832552025e-12
4.666271503984951611e-05 5.561805869035896651e-10 1.239163456014967533e-12
4.774962930107183058e-05 6.129924984430821405e-10 1.434806975092153386e-12
4.886186104779055486e-05 6.982540447473945196e-10 1.670021301958316102e-12
4.999999999999999562e-05 8.030272846869662875e-10 1.933165843975399603e-12
5.057897271299490442e-05 8.589532168185510630e-10 2.070867550790642736e-12
5.116464961403767209e-05 9.155820687479830172e-10 2.209740989837115212e-12
5.175710833396714221e-05 9.711924603699745531e-10 2.347164910571961824e-12
5.235642740254491996e-05 1.024805603035662214e-09 2.481235855117140071e-12
5.296268625886447866e-05 1.074400742718379694e-09 2.608566516586253311e-12
5.357596526188034176e-05 1.118983521161032737e-09 2.727166098707543774e-12
5.419634570106018624e-05 1.157209756542819252e-09 2.834195525305899733e-12
5.482390980715924394e-05 1.188368448301124902e-09 2.927198700802167632e-12
5.545874076312003680e-05 1.211567070890398885e-09 3.004113105577077450e-12
5.610092271509814368e-05 1.226360030354434300e-09 3.062546881188404658e-12
5.675054078361571342e-05 1.232764592730955782e-09 3.101774395960269745e-12
5.740768107484407919e-05 1.230385096403962792e-09 3.119319381611643856e-12
5.807243069201718864e-05 1.219782834406786818e-09 3.115728147159099315e-12
5.874487774697651393e-05 1.201608786681546532e-09 3.089997856251211423e-12
5.942511137185094486e-05 1.177043168543336139e-09 3.043262312873662910e-12
6.011322173087064877e-05 1.146516423068815736e-09 2.976344886529615170e-12
6.080930003231839372e-05 1.112201362706467761e-09 2.891536184721645964e-12
6.151343854061905325e-05 1.075554370145059872e-09 2.790760366927957114e-12
6.222573058856921034e-05 1.038159751990863658e-09 2.678155982448918602e-12
6.294627058970830402e-05 1.001649569057941058e-09 2.556908645311917412e-12
6.367515405083314138e-05 9.679065341358311711e-10 2.431990051546819717e-12
6.441247758465673719e-05 9.385925918682477158e-10 2.307533396947839559e-12
6.515833892261499124e-05 9.149210561918430053e-10 2.189117442850402920e-12
6.591283692782035650e-05 8.987105005803764348e-10 2.082197781474851646e-12
6.667607160816619769e-05 8.903188690702860225e-10 1.991146032602903555e-12
6.744814412958265366e-05 8.907833024325235451e-10 1.921594908705321968e-12
6.822915682944618535e-05 9.002573047659991252e-10 1.877457834997029341e-12
6.901921323014417829e-05 9.185137059453420475e-10 1.862585680352854543e-12
6.981841805279680852e-05 9.450739257975736830e-10 1.879377661054597885e-12
7.062687723113775782e-05 9.790571744090990391e-10 1.929763672844357377e-12
7.144469792555517389e-05 1.018639825540789029e-09 2.013543065596482437e-12
7.227198853729638578e-05 1.062803279691413264e-09 2.130024768259580419e-12
7.310885872283590017e-05 1.109290748627971889e-09 2.276081136503213820e-12
7.395541940841035122e-05 1.155645371721378249e-09 2.447544565261903658e-12
7.481178280472162371e-05 1.200537564314558731e-09 2.638954176316067544e-12
7.567806242181034505e-05 1.241348851684644209e-09 2.843519235807539947e-12
7.655437308410142656e-05 1.276326557997615204e-09 3.053019622922058522e-12
7.744083094562412067e-05 1.304032676763144284e-09 3.258848045726662654e-12
7.833755350540750207e-05 1.323186119714246882e-09 3.452127799002316476e-12
7.924465962305569597e-05 1.332674972139007507e-09 3.623785059368261716e-12
8.016226953450208102e-05 1.333710339468084406e-09 3.766127439248883941e-12
8.109050486794647857e-05 1.324874969029610858e-09 3.871352217961758194e-12
8.202948865997692718e-05 1.308359053977714413e-09 3.934359485781249869e-12
8.297934537187796715e-05 1.285485317721495549e-09 3.952047953476622682e-12
8.394020090612794207e-05 1.258733075800375621e-09 3.921501880513719870e-12
8.491218262308729617e-05 1.229529764861741807e-09 3.846864418342529896e-12
8.589541935787945305e-05 1.200861112088176417e-09 3.731494433319528566e-12
8.689004143746880239e-05 1.175133885281263217e-09 3.583534688686006209e-12
8.789618069793464267e-05 1.155052429290609831e-09 3.412064396254763293e-12
8.891397050194613488e-05 1.142319165377324168e-09 3.229171434665049369e-12
8.994354575643935166e-05 1.138514435614580345e-09 3.048568779837482988e-12
9.098504293049911853e-05 1.144346720760033556e-09 2.883953151492936046e-12
9.203860007344770748e-05 1.160192763465257068e-09 2.749737785467849364e-12
9.310435683314326931e-05 1.184989458231504945e-09 2.656263941623881160e-12
9.418245447449009216e-05 1.217832543740418153e-09 2.615269540753817689e-12
9.527303589816242058e-05 1.255741197282416610e-09 2.632496140231933744e-12
9.637624565954682279e-05 1.296752324491306889e-09 2.709589808679847955e-12
9.749222998790225210e-05 1.337687619931264089e-09 2.848055498115780016e-12
9.862113680574265443e-05 1.375887683082944843e-09 3.036011598734199012e-12
9.976311574844392432e-05 1.408067889194385421e-09 3.261707483951872989e-12
1.009183181840780691e-04 1.431777197028368258e-09 3.514743665909152314e-12
1.020868972334764650e-04 1.446173477504821856e-09 3.774782406143955862e-12
1.032690077905264468e-04 1.450122779203523225e-09 4.018248290723655314e-12
1.044648065427019234e-04 1.443572525710869287e-09 4.228814308985930465e-12
1.056744519918323676e-04 1.428688482517443138e-09 4.387294629242941590e-12
1.068981044751116051e-04 1.407422680348264164e-09 4.479562248940892600e-12
1.081359261863509960e-04 1.382598591851880259e-09 4.497025173399148551e-12
1.093880811974775648e-04 1.357994495827430057e-09 4.439033133878776260e-12
1.106547354802819166e-04 1.336605106371680326e-09 4.314335633302399965e-12
1.119360569284169843e-04 1.322267107602989377e-09 4.131225667991161633e-12
1.132322153796529716e-04 1.316900034462891282e-09 3.914119712126858868e-12
1.145433826383885891e-04 1.322263221296422612e-09 3.686888545674633223e-12
1.158697324984239751e-04 1.338274116727912678e-09 3.479447218114896837e-12
1.172114407659961160e-04 1.364283699140719308e-09 3.310895429784966550e-12
1.185686852830827555e-04 1.397473508715755835e-09 3.213102962614816349e-12
1.199416459509744813e-04 1.435609029586866286e-09 3.199694550079919735e-12
1.213305047541206945e-04 1.471183279745089210e-09 3.276545563821999885e-12
1.227354457842515364e-04 1.503853089359681396e-09 3.437921439227349391e-12
1.241566552647784948e-04 1.528787725174762532e-09 3.674063840296660484e-12
1.255943215754789502e-04 1.545370381497663694e-09 3.950734196757820020e-12
1.270486352774653110e-04 1.548377077638748424e-09 4.248959151310129706e-12
1.285197891384432108e-04 1.540035747313253759e-09 4.521509884041267581e-12
1.300079781582635788e-04 1.522975057087332004e-09 4.733678305331646668e-12
1.315133995947690435e-04 1.501868415198927607e-09 4.858306891864386207e-12
1.330362529899404168e-04 1.478970925988030222e-09 4.880006249914884185e-12
1.345767401963458062e-04 1.460798903831467947e-09 4.796153779500534691e-12
1.361350654038956073e-04 1.449640255963515869e-09 4.621040778909634340e-12
1.377114351669082826e-04 1.449876905304642273e-09 4.383396785522113661e-12
1.393060584314884456e-04 1.462561169958178580e-09 4.122598255094731431e-12
1.409191465632227234e-04 1.484938299475762622e-09 3.884987815755380143e-12
1.425509133751954596e-04 1.515347721635485502e-09 3.714319437693217303e-12
1.442015751563302745e-04 1.549422925051100233e-09 3.647933428148567829e-12
1.458713507000582675e-04 1.582569408123249513e-09 3.700341184611395880e-12
1.475604613333193413e-04 1.607403918638447001e-09 3.870876117715051391e-12
1.492691309458980017e-04 1.623991739396558704e-09 4.135223455372053600e-12
1.509975860201007907e-04 1.626766851893425301e-09 4.449774442630934362e-12
1.527460556607755941e-04 1.618081667021641549e-09 4.760475306194632459e-12
1.545147716256795760e-04 1.600813108248124288e-09 5.006867460839058286e-12
1.563039683561977700e-04 1.581270019692023852e-09 5.148030176253071925e-12
1.581138830084189426e-04 1.563859954589112218e-09 5.149939380010150786e-12
1.599447554845698401e-04 1.551099604221214363e-09 5.025480099881996876e-12
1.617968284648140247e-04 1.552078975792920409e-09 4.789311761189720993e-12
1.636703474394191234e-04 1.565442373433274069e-09 4.506058898892077658e-12
1.655655607412955237e-04 1.589709468199790910e-09 4.240543236792666341e-12
1.674827195789137821e-04 1.620135818727546143e-09 4.058842604628116711e-12
1.694220780696013395e-04 1.650831149536843925e-09 4.010795387944831720e-12
1.713838932732252138e-04 1.675361727427818550e-09 4.119111425246503275e-12
1.733684252262658175e-04 1.689334254975827331e-09 4.359203001762331276e-12
1.753759369762839622e-04 1.690602711918522604e-09 4.686275645232159236e-12
1.774066946167876340e-04 1.679532857963233810e-09 5.013289322286651652e-12
1.794609673225026631e-04 1.661936386954813776e-09 5.272581206629830418e-12
1.815390273850506729e-04 1.644213138203325018e-09 5.384168826911011172e-12
1.836411502490422785e-04 1.632014094413462745e-09 5.326497811133399806e-12
1.857676145485863753e-04 1.631917407190225375e-09 5.117313860458800108e-12
1.879187021442221307e-04 1.644692449171671870e-09 4.816020128693666763e-12
1.900946981602805912e-04 1.668765258438475526e-09 4.529818017359052629e-12
1.922958910226767171e-04 1.697359724209794913e-09 4.336681186248621474e-12
1.945225724971402217e-04 1.724022939075201813e-09 4.313558634567556346e-12
1.967750377278886019e-04 1.741189590319866292e-09 4.472254243616656182e-12
1.990535852767486491e-04 1.744886764829587478e-09 4.777059828164288297e-12
2.013585171627295303e-04 1.735266817503817112e-09 5.127886645094088680e-12
2.036901389020563029e-04 1.719356881849682870e-09 5.421486949208210854e-12
2.060487595486651640e-04 1.704243158622258843e-09 5.555616216586177254e-12
2.084346917351677527e-04 1.696168931849983377e-09 5.496603031120546797e-12
2.108482517142910644e-04 1.700334264921197745e-09 5.245799435788058645e-12
2.132897594007962582e-04 1.717444439829754799e-09 4.923688181485325165e-12
2.157595384138824807e-04 1.742593251662852729e-09 4.651271031137988739e-12
2.182579161200830003e-04 1.766631599430492582e-09 4.542504275144717959e-12
2.207852236766562250e-04 1.785434561634425502e-09 4.649692431303612190e-12
2.233417960754814700e-04 1.788546080565800124e-09 4.941453438162870229e-12
2.259279721874612925e-04 1.779867222252441759e-09 5.305408519289057471e-12
2.285440948074375753e-04 1.763358237959334485e-09 5.594392762315724450e-12
2.311905106996301417e-04 1.750492885807931241e-09 5.682721295643298467e-12
2.338675706435990400e-04 1.749747896506367769e-09 5.561151565752837757e-12
2.365756294807400931e-04 1.760273376483275048e-09 5.258231771222925420e-12
2.393150461613192145e-04 1.787667548716958844e-09 4.934836475827716572e-12
2.420861837920496669e-04 1.804776064214922253e-09 4.754089590427534112e-12
2.448894096842230486e-04 1.824196564618836485e-09 4.808836800758500091e-12
2.477250954023952571e-04 1.826202956492679874e-09 5.097677408287388320e-12
2.505936168136362096e-04 1.813976758199499553e-09 5.470748606201603969e-12
2.534953541373522129e-04 1.800742067829745713e-09 5.748841040917966596e-12
2.564306919956823639e-04 1.792015988065540845e-09 5.787730063337902914e-12
2.594000194644804458e-04 1.796859449416221592e-09 5.602615349128084136e-12
2.624037301248860888e-04 1.812878649413024400e-09 5.250060301949082001e-12
2.654422221154941939e-04 1.836824524202477603e-09 4.969934782239520605e-12
2.685158981851263043e-04 1.851243390129343456e-09 4.939400501974073824e-12
2.716251657462165044e-04 1.858070942349713262e-09 5.189503157424955994e-12
2.747704369288123854e-04 1.848772541325935739e-09 5.537675036901606165e-12
2.779521286352018127e-04 1.834028551344280451e-09 5.849944002432089825e-12
2.811706625951744943e-04 1.828545322315848354e-09 5.886021226631439170e-12
2.844264654219206255e-04 1.834103463754324451e-09 5.629688979769162157e-12
2.877199686685782661e-04 1.852880738031335479e-09 5.291498105189028316e-12
2.910516088854357393e-04 1.882432211039934572e-09 5.074770611889692315e-12
2.944218276777944713e-04 1.895319916407272202e-09 5.159242387945225826e-12
2.978310717645051204e-04 1.880780057689321056e-09 5.487685300719824169e-12
3.012797930371790027e-04 1.870660167107883718e-09 5.858596382036001143e-12
3.047684486200846234e-04 1.859535872636920869e-09 5.980398780076347585e-12
3.082975009307410805e-04 1.855282697838605246e-09 5.791725111292681839e-12
3.118674177412095313e-04 1.887442723308273671e-09 5.450223488953180003e-12
3.154786722400964379e-04 1.902320238689280969e-09 5.204599573841083221e-12
3.191317430952743915e-04 1.907241317923742964e-09 5.297422155497795648e-12
3.228271145173277810e-04 1.904725257770014826e-09 5.648031495137045341e-12
3.265652763237360972e-04 1.891432042915260282e-09 5.992622573771342186e-12
3.303467240037981823e-04 1.888478360752314782e-09 6.036362050169301729e-12
3.341719587843073962e-04 1.872421768492707619e-09 5.765684984843443806e-12
3.380414876959908759e-04 1.922639275137039082e-09 5.398578498141875015e-12
3.419558236407145655e-04 1.927929882800747799e-09 5.323773372464134421e-12
3.459154854594680595e-04 1.935387509540060019e-09 5.592276920682207190e-12
3.499209980011365223e-04 1.913549398685819789e-09 5.989281416061094234e-12
3.539728921920689544e-04 1.910561318701661192e-09 6.114400199643288046e-12
3.580717051064509363e-04 1.921605694123479199e-09 5.865367230643792019e-12
3.622179800374948611e-04 1.944306665476796636e-09 5.519068350398534736e-12
3.664122665694521551e-04 1.943824831003564288e-09 5.431602172279546796e-12
3.706551206504588155e-04 1.943279907417332588e-09 5.704279322105005604e-12
3.749471046662278739e-04 1.929058908378768867e-09 6.085916671082149583e-12
3.792887875145917642e-04 1.931526303659561499e-09 6.161779957051832251e-12
3.836807446809092350e-04 1.938763980560015316e-09 5.841802682866641447e-12
3.881235583143459651e-04 1.938046715288300867e-09 5.515223719130062760e-12
3.926178173050358226e-04 1.971117958177448683e-09 5.583225998458837658e-12
3.971641173621406028e-04 1.945678676327835232e-09 5.989621765153632852e-12
4.017630610928087857e-04 1.942302444567187502e-09 6.232831160425642336e-12
4.064152580820497404e-04 1.945660214394799412e-09 6.035578746660615020e-12
4.111213249735356265e-04 1.945611464160261211e-09 5.675463224826997251e-12
4.158818855513353842e-04 1.975940131745297391e-09 5.607921784863619505e-12
4.206975708225972393e-04 1.970548521180622488e-09 5.960701571374313023e-12
4.255690191011882867e-04 1.968123489552862618e-09 6.260648026719343024e-12
4.304968760923003155e-04 1.959910885435655577e-09 6.141548832830760477e-12
4.354817949780401981e-04 1.990052644223323586e-09 5.739474354045980761e-12
4.405244365040072822e-04 1.976379047346911512e-09 5.670694009148150498e-12
4.456254690668729119e-04 1.969193114975904871e-09 6.042444742657029012e-12
4.507855688029784470e-04 1.975492034285932445e-09 6.299404135692174115e-12
4.560054196779547643e-04 1.966356630275687616e-09 6.081826987320222335e-12
4.612857135773813463e-04 1.997989802034133061e-09 5.737224224247363061e-12
4.666271503984952018e-04 1.992408174265453262e-09 5.832167660571360993e-12
4.720304381429617636e-04 2.008584057754633941e-09 6.230862252953555869e-12
4.774962930107179535e-04 1.987712938613433764e-09 6.267894133034171657e-12
4.830254394949064418e-04 1.958218026796406828e-09 5.928866805759440632e-12
4.886186104779055486e-04 2.009263707088317142e-09 5.775961607169492713e-12
4.942765473284694211e-04 1.991692148010848628e-09 6.113042082633130158e-12
4.999999999999999020e-04 1.997828470315715737e-09 6.345350693574195862e-12
5.057897271299491120e-04 2.012278078965463542e-09 6.102936708362636815e-12
5.116464961403767615e-04 2.017321877304772924e-09 5.816170783714335120e-12
5.175710833396719507e-04 2.026822463524513643e-09 6.038875459291334111e-12
5.235642740254497010e-04 2.012441425583611253e-09 6.373789240083157432e-12
5.296268625886442309e-04 2.005801803199586718e-09 6.183186363529063120e-12
5.357596526188034176e-04 2.030856255640234610e-09 5.871431653270915992e-12
5.419634570106019031e-04 2.006694165911550625e-09 6.117620295433677170e-12
5.482390980715924666e-04 2.017831794380793359e-09 6.420225385697345002e-12
5.545874076312003274e-04 2.027134334721942602e-09 6.145008625238418958e-12
5.610092271509814097e-04 2.036914129582287174e-09 5.910537101926143692e-12
5.675054078361570394e-04 2.019204497265986927e-09 6.218714217640030324e-12
5.740768107484413340e-04 2.034901390309666501e-09 6.457631763442885356e-12
5.807243069201712630e-04 2.035444531117410032e-09 6.119335428862182050e-12
5.874487774697650716e-04 1.989819089235229689e-09 5.991374505908586980e-12
5.942511137185093944e-04 2.062948427265396348e-09 6.302042269368748840e-12
6.011322173087065013e-04 2.037339709344098784e-09 6.363374646571221689e-12
6.080930003231838424e-04 2.042509639663816284e-09 5.990899497082361882e-12
6.151343854061905054e-04 2.053107629983100437e-09 6.238223049696566274e-12
6.222573058856920762e-04 2.041923746836934411e-09 6.407322014885866117e-12
6.294627058970836365e-04 2.059904000078382315e-09 6.167352183858781660e-12
6.367515405083307633e-04 2.044273370292416962e-09 6.055580198669463068e-12
6.441247758465673719e-04 2.065710433441042755e-09 6.479783304631565164e-12
6.515833892261499666e-04 2.003398750988218144e-09 6.329226397601028422e-12
6.591283692782036463e-04 2.067472701672727249e-09 6.038215010577654917e-12
6.667607160816619227e-04 2.064959276912401508e-09 6.446772381499063321e-12
6.744814412958265908e-04 2.052815028119738580e-09 6.459734070693883030e-12
6.822915682944618535e-04 2.071805217775640516e-09 6.136590304197525977e-12
6.901921323014425418e-04 2.060660639896716319e-09 6.448153875144724255e-12
6.981841805279687899e-04 2.064894333417423853e-09 6.444574008352641786e-12
7.062687723113776324e-04 2.077992076221354526e-09 6.095544580645058054e-12
7.144469792555517389e-04 2.060195808317714944e-09 6.412390764341889229e-12
7.227198853729638849e-04 2.066793188785488341e-09 6.492148111227700575e-12
7.310885872283591101e-04 2.063323728852105060e-09 6.157389766068646735e-12
7.395541940841035122e-04 2.061350286058630761e-09 6.467311613402135735e-12
7.481178280472162642e-04 2.071244662209835393e-09 6.458330604279512957e-12
7.567806242181035047e-04 2.087575938652481475e-09 6.213887343514607109e-12
7.655437308410150245e-04 2.061818329772237499e-09 6.541914454895153976e-12
7.744083094562404478e-04 2.060371811240601334e-09 6.370003988101294873e-12
7.833755350540749394e-04 2.079780581082615358e-09 6.235019399071308695e-12
7.924465962305569326e-04 2.074799301183958184e-09 6.568574836992068004e-12
8.016226953450208102e-04 2.082784524132137728e-09 6.256199992275893200e-12
8.109050486794648670e-04 2.077123908131854157e-09 6.422265423589493520e-12
8.202948865997692447e-04 2.080678168408726404e-09 6.541456727495752547e-12
8.297934537187797799e-04 2.097720937249560481e-09 6.302400022824349693e-12
8.394020090612803152e-04 2.041658286437378382e-09 6.657217781356608468e-12
8.491218262308720130e-04 2.076388617405879457e-09 6.389695937256187912e-12
8.589541935787945847e-04 2.076341184384109950e-09 6.436485715486295808e-12
8.689004143746880239e-04 2.106762921305033394e-09 6.530513453235534516e-12
8.789618069793465622e-04 2.060658872581861400e-09 6.283584538713729993e-12
8.891397050194613759e-04 2.079262938367526367e-09 6.584473255567165004e-12
8.994354575643935708e-04 2.099222908093834297e-09 6.355294952479817303e-12
9.098504293049911040e-04 2.083123248548520062e-09 6.562194007876300922e-12
9.203860007344779421e-04 2.089395625763971289e-09 6.483825713675542597e-12
9.310435683314336689e-04 2.095966135823185743e-09 6.413173593352211429e-12
9.418245447449009487e-04 2.104731718817669226e-09 6.556962996897677770e-12
9.527303589816240974e-04 2.102361393215377553e-09 6.329770648492572355e-12
9.637624565954682008e-04 2.076343891961966996e-09 6.725292679856269780e-12
9.749222998790225752e-04 2.104794979530011261e-09 6.382407324052441318e-12
9.862113680574266256e-04 2.093778176760894249e-09 6.645790590387065148e-12
9.976311574844392432e-04 2.089891878820045268e-09 6.402610061151576002e-12
1.009183181840779715e-03 2.095124715471725917e-09 6.598309783647705040e-12
1.020868972334764650e-03 2.118482594732358670e-09 6.449974457849615216e-12
1.032690077905264441e-03 2.081690547923376560e-09 6.639079562052074195e-12
1.044648065427020373e-03 2.092705645956249989e-09 6.444951267715102989e-12
1.056744519918323758e-03 2.078834098683730249e-09 6.626150425000486934e-12
1.068981044751116105e-03 2.105398240492784791e-09 6.465967336896521095e-12
1.081359261863509879e-03 2.099118682869374979e-09 6.642055447483314166e-12
1.093880811974775810e-03 2.087254827119903532e-09 6.489862804075178773e-12
1.106547354802818028e-03 2.105200667110381031e-09 6.675497842940916939e-12
1.119360569284169951e-03 2.122881234086459906e-09 6.471352624768449394e-12
1.132322153796529608e-03 2.097041133158478220e-09 6.737975984944601635e-12
1.145433826383887273e-03 2.126736996053352464e-09 6.456510105052804073e-12
1.158697324984239805e-03 2.107515788738815338e-09 6.724720872867793485e-12
1.172114407659961268e-03 2.105709095784980299e-09 6.462293798617193623e-12
1.185686852830827474e-03 2.104249923146700208e-09 6.679814772528971917e-12
1.199416459509744732e-03 2.122508194361076046e-09 6.556110208617076216e-12
1.213305047541207108e-03 2.114102902925516621e-09 6.606673943543892091e-12
1.227354457842515364e-03 2.104464514694943588e-09 6.694176830765625617e-12
1.241566552647785111e-03 2.116195738958160062e-09 6.502854507246514218e-12
1.255943215754791020e-03 2.120298766667725970e-09 6.707314873875201186e-12
1.270486352774653164e-03 2.117713828064327492e-09 6.503091842046041830e-12
1.285197891384432054e-03 2.105987649374134220e-09 6.660127560193675072e-12
1.300079781582635843e-03 2.107163086800278761e-09 6.683541924779331714e-12
1.315133995947690652e-03 2.119067750539713336e-09 6.533370402001787066e-12
1.330362529899404168e-03 2.121517139931272467e-09 6.755020428337303672e-12
1.345767401963456761e-03 2.111891679778082612e-09 6.589001010307534839e-12
1.361350654038956127e-03 2.124312178133782383e-09 6.616222144297392505e-12
1.377114351669082772e-03 2.114217577491322646e-09 6.774591177191048352e-12
1.393060584314885974e-03 2.114471513399130339e-09 6.552223127614282425e-12
1.409191465632227396e-03 2.121896097925918524e-09 6.609936021846597403e-12
1.425509133751954758e-03 2.116849804779237949e-09 6.754471224053429413e-12
1.442015751563302745e-03 2.121800354892065631e-09 6.579465339394315667e-12
1.458713507000582730e-03 2.120820336118597652e-09 6.604303248344071149e-12
1.475604613333191895e-03 2.116621624172834461e-09 6.765148735601103693e-12
1.492691309458979909e-03 2.116104825132270781e-09 6.653307856998622511e-12
1.509975860201007852e-03 2.123324501507925288e-09 6.595442656456301727e-12
1.527460556607757513e-03 2.126310315689069708e-09 6.752898410686854757e-12
1.545147716256795598e-03 2.111273201693094863e-09 6.754397574163750885e-12
1.563039683561977646e-03 2.123338065842751661e-09 6.622759415621984012e-12
1.581138830084189264e-03 2.129074759538269517e-09 6.657047410743391409e-12
1.599447554845698184e-03 2.122080536597429053e-09 6.770060621049243112e-12
1.617968284648140355e-03 2.117750895643387293e-09 6.740112740460934209e-12
1.636703474394191234e-03 2.114656805849176121e-09 6.635918050136840984e-12
1.655655607412955454e-03 2.123770136538290290e-09 6.645856810289143218e-12
1.674827195789139501e-03 2.117691516758738371e-09 6.760827330808730905e-12
1.694220780696013232e-03 2.121186400456689604e-09 6.809942359388322343e-12
1.713838932732252192e-03 2.116832436205266890e-09 6.728556370838157964e-12
1.733684252262658338e-03 2.119899591593271170e-09 6.649933518740997071e-12
1.753759369762839188e-03 2.120845447631043202e-09 6.668970053924390835e-12
1.774066946167876394e-03 2.134474466232957690e-09 6.738646740680033163e-12
1.794609673225024951e-03 2.117705734947791922e-09 6.782982182241109079e-12
1.815390273850507000e-03 2.135016791705257964e-09 6.833492318530155469e-12
1.836411502490423002e-03 2.122475662798289144e-09 6.780649161700341028e-12
1.857676145485863753e-03 2.124465947338720250e-09 6.691569570406213379e-12
1.879187021442221307e-03 2.125504896115943306e-09 6.676256632695966987e-12
1.900946981602806129e-03 2.125358209808220530e-09 6.680862513768009421e-12
1.922958910226767659e-03 2.129870757043420622e-09 6.701288177874276298e-12
1.945225724971402217e-03 2.127761103872273613e-09 6.736176039039542876e-12
1.967750377278885965e-03 2.126399007567154237e-09 6.773096940227198462e-12
1.990535852767486274e-03 2.123259208885495269e-09 6.814619565224958359e-12
2.013585171627295303e-03 2.127048745061270617e-09 6.821411277064615384e-12
2.036901389020564709e-03 2.122423188170931758e-09 6.844740728193038120e-12
2.060487595486651911e-03 2.121603932423201746e-09 6.845342362345158233e-12
2.084346917351677202e-03 2.129157768765717392e-09 6.853860113276433510e-12
2.108482517142911024e-03 2.119371426856830153e-09 6.838626803342840099e-12
2.132897594007962527e-03 2.122415750343952129e-09 6.841094178990932260e-12
2.157595384138824915e-03 2.122105373902140248e-09 6.848268109532411177e-12
2.182579161200830058e-03 2.125863237128824968e-09 6.865002519269876926e-12
2.207852236766562250e-03 2.121527331316169373e-09 6.849975856938147718e-12
2.233417960754816977e-03 2.121898778266044796e-09 6.848211056204807547e-12
2.259279721874612925e-03 2.122903722201756895e-09 6.822021766754828707e-12
2.285440948074375644e-03 2.120898584580191974e-09 6.791397853013036776e-12
2.311905106996301525e-03 2.119663741292197784e-09 6.758557552211453262e-12
2.338675706435990129e-03 2.126821432085521948e-09 6.739738254253267306e-12
2.365756294807401256e-03 2.112758723761172603e-09 6.729357192005938661e-12
2.393150461613189652e-03 2.115966730102346433e-09 6.762049533408131769e-12
2.420861837920496723e-03 2.122670550361411176e-09 6.821810040990216308e-12
2.448894096842230486e-03 2.121158600549166152e-09 6.865197579405862506e-12
2.477250954023952571e-03 2.125857836365559294e-09 6.858158660863074157e-12
2.505936168136362312e-03 2.125095702704387507e-09 6.785707068936228220e-12
2.534953541373521912e-03 2.117385434456865660e-09 6.749598924027090624e-12
2.564306919956823531e-03 2.125863539437717350e-09 6.781891481152963940e-12
2.594000194644804566e-03 2.114667754623117618e-09 6.856906898622019628e-12
2.624037301248860997e-03 2.123640278035187061e-09 6.854966795539063820e-12
2.654422221154942047e-03 2.124731026611858906e-09 6.774120059192972557e-12
2.685158981851263043e-03 2.121542095938063783e-09 6.783567342626415113e-12
2.716251657462167863e-03 2.123920153106130500e-09 6.873641250107815093e-12
2.747704369288123637e-03 2.120576491174167587e-09 6.852104968782100601e-12
2.779521286352018127e-03 2.117401216447898064e-09 6.767758036244468179e-12
2.811706625951745052e-03 2.122132882713316190e-09 6.854396641696127741e-12
2.844264654219206146e-03 2.124010578529920644e-09 6.862217551423606122e-12
2.877199686685782878e-03 2.118111715430601408e-09 6.780104660646315737e-12
2.910516088854357610e-03 2.120486084968198026e-09 6.881697619159139453e-12
2.944218276777944496e-03 2.123494418545957019e-09 6.817375397048335986e-12
2.978310717645054131e-03 2.116742907436692816e-09 6.815625955309658412e-12
3.012797930371790243e-03 2.113553868128426191e-09 6.886303591957371683e-12
3.047684486200846234e-03 2.114383545705407907e-09 6.787167132281728694e-12
3.082975009307411130e-03 2.116268731322269407e-09 6.890451659603917223e-12
3.118674177412095096e-03 2.127961944544569700e-09 6.803276652992605112e-12
3.154786722400964704e-03 2.121410733303331469e-09 6.887256842863769550e-12
3.191317430952740879e-03 2.119969925798823256e-09 6.808516387181284732e-12
3.228271145173277051e-03 2.117913665227931137e-09 6.887950095167193238e-12
3.265652763237360864e-03 2.117194084421110992e-09 6.804619159715711331e-12
3.303467240037981281e-03 2.111369801091927479e-09 6.892487748190657683e-12
3.341719587843073637e-03 2.116479594413672948e-09 6.808108528006110574e-12
3.380414876959909193e-03 2.115812643944080427e-09 6.879400701327260921e-12
3.419558236407146089e-03 2.117499770654458463e-09 6.866841089123551647e-12
3.459154854594680487e-03 2.115290126141179284e-09 6.821788025175003050e-12
3.499209980011365548e-03 2.117911061933580121e-09 6.900869403807033656e-12
3.539728921920689327e-03 2.113120046559374351e-09 6.855475914349081328e-12
3.580717051064509580e-03 2.113709992657478078e-09 6.828818152860757417e-12
3.622179800374952189e-03 2.112378976513292378e-09 6.904078950086993714e-12
3.664122665694521767e-03 2.111228368581237531e-09 6.886318066372130369e-12
3.706551206504588372e-03 2.111588159067892165e-09 6.828807452854078058e-12
3.749471046662278956e-03 2.117365386052754127e-09 6.854543506203064565e-12
3.792887875145917100e-03 2.112039552241739634e-09 6.906182786265343226e-12
3.836807446809092133e-03 2.113014473270233100e-09 6.900342168617216407e-12
3.881235583143458675e-03 2.106739430281716469e-09 6.862195071268271568e-12
3.926178173050358551e-03 2.108468178588214471e-09 6.840702450389103583e-12
3.971641173621410364e-03 2.107908154457860206e-09 6.839076976618138395e-12
4.017630610928087966e-03 2.114476027176523843e-09 6.870189620072160375e-12
4.064152580820497296e-03 2.109998663352736090e-09 6.890401344310487537e-12
4.111213249735355506e-03 2.108952891399571081e-09 6.903432237406644386e-12
4.158818855513353625e-03 2.111230284220972348e-09 6.918507980650541258e-12
4.206975708225973477e-03 2.107900391447816718e-09 6.917712770681652722e-12
4.255690191011879397e-03 2.107544279199792075e-09 6.920073363806902089e-12
4.304968760923003589e-03 2.108282069725816511e-09 6.901713797939453366e-12
4.354817949780402306e-03 2.109492600291377600e-09 6.909231689894485722e-12
4.405244365040072822e-03 2.108580165477540862e-09 6.900782800257145336e-12
4.456254690668728577e-03 2.105050702146687649e-09 6.876949003882970299e-12
4.507855688029784903e-03 2.106447201238742090e-09 6.860072957500072016e-12
4.560054196779547535e-03 2.106730809058772184e-09 6.858203707337670933e-12
4.612857135773813788e-03 2.106564687066922826e-09 6.891350726975284007e-12
4.666271503984952343e-03 2.105510126890868850e-09 6.925290664078528642e-12
4.720304381429616877e-03 2.106356449584231995e-09 6.919122212626051916e-12
4.774962930107178559e-03 2.104297067811453640e-09 6.871380622226408584e-12
4.830254394949069947e-03 2.103683974650346147e-09 6.876783251473180362e-12
4.886186104779055052e-03 2.106252711396699961e-09 6.928842230484368476e-12
4.942765473284694427e-03 2.106445958306852787e-09 6.895720878448086354e-12
4.999999999999999237e-03 2.104891680481519407e-09 6.884053716116949068e-12
5.057897271299491120e-03 2.104594837333549092e-09 6.935574866929298615e-12
5.116464961403772820e-03 2.099303759144124262e-09 6.880389557491371791e-12
5.175710833396719723e-03 2.100930115924512368e-09 6.919650191892539091e-12
5.235642740254497010e-03 2.102315835201741484e-09 6.901840232039429122e-12
5.296268625886442309e-03 2.100583567868989781e-09 6.905036669677458213e-12
5.357596526188034176e-03 2.097888710489484048e-09 6.894426319508017562e-12
5.419634570106018380e-03 2.098814074055420300e-09 6.923299126337610922e-12
5.482390980715924449e-03 2.099313604326026568e-09 6.886865708437880464e-12
5.545874076312003707e-03 2.098635182855449537e-09 6.943841001913470501e-12
5.610092271509814314e-03 2.099297506163855870e-09 6.897373693296708694e-12
5.675054078361576465e-03 2.096371022954299405e-09 6.904422861652594069e-12
5.740768107484413990e-03 2.096634661216406007e-09 6.942663726591878750e-12
5.807243069201712196e-03 2.094107116823951852e-09 6.912546323466754459e-12
5.874487774697644861e-03 2.095319933831309577e-09 6.888565240697374647e-12
5.942511137185094161e-03 2.097510986292590756e-09 6.912455306134347113e-12
6.011322173087065013e-03 2.098111637601298824e-09 6.940532439541379875e-12
6.080930003231838424e-03 2.095467581535193012e-09 6.946324375820553002e-12
6.151343854061904620e-03 2.094311673806801577e-09 6.936504361409532274e-12
6.222573058856928352e-03 2.093736941067353606e-09 6.921301323267612742e-12
6.294627058970836582e-03 2.093311767809793146e-09 6.916043998741130032e-12
6.367515405083307850e-03 2.090484884793058176e-09 6.921174657924056590e-12
6.441247758465666780e-03 2.088589108218426759e-09 6.923816057091840674e-12
6.515833892261499449e-03 2.090244653319352801e-09 6.932972725376746085e-12
6.591283692782036463e-03 2.091237427405327395e-09 6.947161703180810588e-12
6.667607160816618576e-03 2.089868944870591828e-09 6.949654957308658919e-12
6.744814412958264824e-03 2.090211830209171691e-09 6.931325527056367724e-12
6.822915682944625040e-03 2.088745861490771383e-09 6.908586511484652515e-12
6.901921323014426068e-03 2.089674043685379233e-09 6.900177794995140604e-12
6.981841805279687466e-03 2.088058817944689071e-09 6.947604351561671042e-12
7.062687723113769168e-03 2.086878391475027846e-09 6.931616753709564204e-12
7.144469792555517389e-03 2.086390065685596294e-09 6.912733823437787782e-12
7.227198853729639716e-03 2.082913188759141545e-09 6.952834112070518700e-12
7.310885872283589583e-03 2.085100120037282150e-09 6.910044046351842515e-12
7.395541940841033821e-03 2.084816722753107003e-09 6.952089876519262239e-12
7.481178280472170448e-03 2.085617611507171449e-09 6.916211386295275722e-12
7.567806242181042420e-03 2.083181181623404942e-09 6.950670052296300976e-12
7.655437308410150896e-03 2.081718126257700768e-09 6.909805751875002352e-12
7.744083094562405345e-03 2.082150048266633417e-09 6.941216483248562035e-12
7.833755350540741805e-03 2.082612173811354672e-09 6.949318680493843793e-12
7.924465962305568892e-03 2.081508885813161222e-09 6.920788996061698053e-12
8.016226953450207235e-03 2.081153876732370136e-09 6.923613611261618015e-12
8.109050486794647586e-03 2.080854771586884645e-09 6.948181264963228256e-12
8.202948865997691796e-03 2.079159300739659391e-09 6.958564274185871950e-12
8.297934537187806256e-03 2.079190157030400944e-09 6.957144618124636129e-12
8.394020090612802285e-03 2.078424688406524180e-09 6.952808137006637930e-12
8.491218262308719913e-03 2.077184818987816331e-09 6.955751857893822936e-12
8.589541935787937607e-03 2.077255859452812667e-09 6.956155851440746017e-12
8.689004143746880890e-03 2.076677256117833457e-09 6.961190706021101950e-12
8.789618069793463453e-03 2.075857070514848258e-09 6.959406404575954334e-12
8.891397050194612892e-03 2.075231066292220071e-09 6.940984044288876955e-12
8.994354575643936575e-03 2.074002944705223292e-09 6.925315517412477483e-12
9.098504293049921449e-03 2.074037508413027812e-09 6.948600732655323230e-12
9.203860007344780506e-03 2.073272729110079163e-09 6.959349270139118581e-12
9.310435683314336255e-03 2.073133598220395943e-09 6.929421171665346613e-12
9.418245447449000163e-03 2.071587612774081480e-09 6.961310275526497742e-12
9.527303589816240106e-03 2.071217965330645330e-09 6.935131268022715866e-12
9.637624565954681574e-03 2.070120281470724532e-09 6.961839099066741183e-12
9.749222998790225969e-03 2.070389096484857156e-09 6.931177623563141433e-12
9.862113680574265823e-03 2.070157247729176805e-09 6.965042163396214663e-12
9.976311574844402841e-03 2.066952598438102454e-09 6.953455202399186672e-12
1.009183181840780756e-02 2.067801445189359385e-09 6.933796929535014520e-12
1.020868972334764736e-02 2.067249104492378195e-09 6.944386342434839137e-12
1.032690077905264354e-02 2.066177301985491924e-09 6.956773331044705077e-12
1.044648065427019289e-02 2.063893170285794057e-09 6.964457412432624476e-12
1.056744519918323758e-02 2.064788831151387250e-09 6.967966998742735279e-12
1.068981044751116105e-02 2.064660230058297387e-09 6.966983445398482946e-12
1.081359261863509835e-02 2.064226106317653566e-09 6.960859405826070894e-12
1.093880811974775810e-02 2.060591965935913691e-09 6.955349384322265612e-12
1.106547354802819155e-02 2.063055998051321786e-09 6.939817482503183645e-12
1.119360569284169951e-02 2.057676229618910271e-09 6.934022913021627080e-12
1.132322153796529694e-02 2.061453987653962279e-09 6.969642044154018705e-12
1.145433826383886015e-02 2.061001214472313313e-09 6.942369297865627675e-12
1.158697324984239718e-02 2.060023407817989544e-09 6.962922869928392515e-12
1.172114407659961138e-02 2.060240649707999155e-09 6.944103646723927307e-12
1.185686852830827517e-02 2.058789635561536324e-09 6.969640045755860077e-12
1.199416459509744862e-02 2.058565351956886014e-09 6.942501984882606156e-12
1.213305047541208236e-02 2.056633821010297119e-09 6.953877276659292697e-12
1.227354457842515234e-02 2.056724161428106472e-09 6.969801920657594961e-12
1.241566552647785024e-02 2.054960177127106276e-09 6.968790778966410482e-12
1.255943215754789372e-02 2.055000190524446834e-09 6.965561716594601625e-12
1.270486352774653077e-02 2.053021267929346980e-09 6.957442478648060072e-12
1.285197891384432141e-02 2.055180490015585573e-09 6.959833390800744456e-12
1.300079781582635929e-02 2.053814655595656191e-09 6.968895266585552899e-12
1.315133995947690738e-02 2.054618531581103578e-09 6.970669837016401184e-12
1.330362529899405469e-02 2.051604714813411878e-09 6.959289992874020701e-12
1.345767401963458149e-02 2.050805286473917420e-09 6.950239372320709612e-12
1.361350654038956387e-02 2.050679505634187343e-09 6.976759702323984206e-12
1.377114351669082859e-02 2.049841397728358611e-09 6.949583771870070254e-12
1.393060584314884456e-02 2.049332242238741214e-09 6.973331207238288399e-12
1.409191465632227136e-02 2.048347398624617288e-09 6.958541023999142700e-12
1.425509133751954628e-02 2.047161628498772047e-09 6.951729045789901666e-12
1.442015751563302701e-02 2.046662526897318668e-09 6.972799873883797578e-12
1.458713507000582686e-02 2.046594258683980890e-09 6.975070199913426945e-12
1.475604613333193239e-02 2.045682257752818746e-09 6.974278453584298761e-12
1.492691309458979952e-02 2.045364703791964576e-09 6.973794967691989705e-12
1.509975860201007852e-02 2.044247643773857772e-09 6.975361745312911999e-12
1.527460556607755995e-02 2.043845407679171243e-09 6.974741832814347043e-12
1.545147716256795728e-02 2.042252863724409635e-09 6.961606423585772594e-12
1.563039683561977602e-02 2.042298836223372571e-09 6.953425967240082446e-12
1.581138830084189567e-02 2.041900149629850528e-09 6.967417215444927183e-12
1.599447554845698227e-02 2.042120514991134583e-09 6.962426642362199879e-12
1.617968284648142047e-02 2.039794856897040571e-09 6.962640163264541471e-12
1.636703474394191060e-02 2.039815243119236864e-09 6.976926547449631996e-12
1.655655607412955324e-02 2.037645928502743281e-09 6.969832271819852941e-12
1.674827195789137593e-02 2.037339530914617008e-09 6.961513016219001623e-12
1.694220780696013492e-02 2.037346511383839421e-09 6.953167293391576946e-12
1.713838932732252018e-02 2.038999687151273676e-09 6.961932646772779394e-12
1.733684252262658251e-02 2.035598125889580330e-09 6.967692092877294128e-12
1.753759369762839665e-02 2.034500275429466839e-09 6.976556959064607213e-12
1.774066946167878259e-02 2.034903923735403885e-09 6.966615560091852184e-12
1.794609673225026555e-02 2.034433070846962018e-09 6.948007238014335510e-12
1.815390273850506567e-02 2.034303466848070303e-09 6.999560106074819035e-12
1.836411502490422828e-02 2.031941641481327223e-09 6.976769053311319329e-12
1.857676145485861671e-02 2.030915029348978088e-09 6.965005886977428723e-12
1.879187021442221481e-02 2.031407979739267931e-09 6.961438954028304627e-12
1.900946981602805869e-02 2.030167036756887736e-09 6.963651330813513876e-12
1.922958910226767529e-02 2.030511540948552500e-09 6.965297187237167610e-12
1.945225724971402087e-02 2.028062694017823355e-09 6.963815530670495915e-12
1.967750377278888047e-02 2.027778816401795683e-09 6.973019548201331555e-12
1.990535852767486361e-02 2.027157296523015184e-09 7.000724192960018967e-12
2.013585171627295042e-02 2.028281872802194066e-09 6.963327646045813566e-12
2.036901389020562628e-02 2.025480336614228348e-09 7.021614871350416527e-12
2.060487595486651738e-02 2.024715902475086055e-09 6.979477943423152069e-12
2.084346917351677375e-02 2.023831214441795532e-09 6.966228259875010686e-12
2.108482517142910850e-02 2.024025923522494160e-09 6.966836472199960318e-12
2.132897594007962527e-02 2.023303549916252230e-09 6.966166444555798478e-12
2.157595384138826997e-02 2.021672032344543621e-09 6.975335386692498658e-12
2.182579161200830231e-02 2.021453071580716208e-09 6.981348192101276671e-12
2.207852236766562337e-02 2.020988366782881645e-09 6.972297230535779528e-12
2.233417960754814982e-02 2.020550561535116966e-09 6.977391975396804304e-12
2.259279721874612665e-02 2.019553888884681650e-09 6.969076748570247159e-12
2.285440948074375644e-02 2.018978109320829346e-09 6.978816809510770126e-12
2.311905106996301265e-02 2.017713760195250042e-09 6.981154605939324642e-12
2.338675706435990390e-02 2.017318373010526524e-09 6.982129409270465473e-12
2.365756294807403598e-02 2.016711609273852979e-09 6.979573594226700158e-12
2.393150461613192254e-02 2.016077398353440256e-09 6.970377863864916683e-12
2.420861837920496723e-02 2.014125171647959409e-09 6.968534067988836438e-12
2.448894096842230139e-02 2.015539540130612924e-09 6.976381275992161680e-12
2.477250954023950055e-02 2.012071498077313920e-09 6.978867375065791785e-12
2.505936168136361705e-02 2.011986727947622945e-09 6.970999364284070373e-12
2.534953541373521912e-02 2.012481788603873369e-09 6.969695247365272798e-12
2.564306919956824138e-02 2.011775010131878808e-09 6.969362887972719738e-12
2.594000194644804566e-02 2.012441192538953815e-09 6.974690781773420633e-12
2.624037301248863946e-02 2.010099404106781065e-09 6.982321174311484778e-12
2.654422221154941960e-02 2.009512905115108011e-09 6.971543141494603602e-12
2.685158981851263477e-02 2.008451738334130546e-09 6.978497358589276153e-12
2.716251657462165348e-02 2.007926107296937906e-09 6.982020533941213821e-12
2.747704369288124157e-02 2.007058047333938666e-09 6.979266145265718406e-12
2.779521286352018214e-02 2.006145575989305925e-09 6.989208117392640425e-12
2.811706625951744531e-02 2.005612464263938900e-09 6.983339610484243027e-12
2.844264654219206059e-02 2.005168805480906643e-09 6.972099988981103784e-12
2.877199686685785740e-02 2.003894966196352856e-09 6.983298078264684413e-12
2.910516088854357350e-02 2.000885828614252381e-09 6.979810025345525557e-12
2.944218276777944496e-02 2.002565867176123727e-09 6.972948985517994787e-12
2.978310717645051356e-02 2.001809006604941475e-09 6.974769659919400440e-12
3.012797930371789723e-02 2.000590784149562478e-09 6.973617786947104341e-12
3.047684486200846060e-02 1.998617965613506009e-09 6.982812137880247649e-12
3.082975009307410696e-02 1.999485987777549135e-09 6.976590161295126170e-12
3.118674177412094836e-02 1.999432275684237074e-09 6.984451028599333837e-12
3.154786722400967913e-02 1.998244244178549378e-09 6.980898071763972075e-12
3.191317430952744089e-02 1.997904070152889480e-09 6.981166024828973094e-12
3.228271145173277484e-02 1.996473563862031390e-09 6.984254818158432987e-12
3.265652763237360950e-02 1.995295000473596040e-09 6.948804526191285307e-12
3.303467240037978592e-02 1.993648213430507967e-09 6.990221332409677974e-12
3.341719587843074157e-02 1.994276940407871056e-09 6.974361597681898525e-12
3.380414876959909193e-02 1.993249877183938672e-09 6.976343900896725144e-12
3.419558236407145568e-02 1.992707910600285212e-09 6.975600256552533463e-12
3.459154854594680834e-02 1.992299076126442100e-09 6.985061180215279652e-12
3.499209980011368931e-02 1.991486817232850084e-09 6.980025614181871026e-12
3.539728921920690108e-02 1.994473700680638516e-09 6.980491957774407429e-12
3.580717051064509493e-02 1.989450550544492218e-09 6.981072405484386015e-12
3.622179800374948633e-02 1.990858267816274032e-09 6.979747694899675738e-12
3.664122665694521941e-02 1.987354081154305053e-09 6.987702232087874667e-12
3.706551206504588025e-02 1.987080556916485061e-09 6.968955816984654031e-12
3.749471046662278956e-02 1.987961755553246817e-09 6.980088387997843454e-12
3.792887875145917187e-02 1.986151727702987955e-09 6.977907847442955789e-12
3.836807446809096384e-02 1.986039439758394074e-09 6.976875925886931613e-12
3.881235583143459456e-02 1.983779693314885786e-09 6.986179997611080606e-12
3.926178173050358378e-02 1.984683829815635210e-09 6.980811268700939207e-12
3.971641173621406201e-02 1.982764248650129331e-09 6.985679217163627862e-12
4.017630610928087792e-02 1.981537086195808592e-09 6.984062497447178316e-12
4.064152580820497296e-02 1.981255857661804431e-09 6.985600901666165670e-12
4.111213249735355679e-02 1.980533794541150129e-09 6.982573064799060417e-12
4.158818855513353452e-02 1.980228685273585573e-09 6.986496684197246209e-12
4.206975708225977467e-02 1.978854891440743604e-09 7.044971104618274819e-12
4.255690191011883561e-02 1.978677097009198981e-09 6.974882535969102866e-12
4.304968760923003068e-02 1.981475326810637382e-09 6.987067522773614522e-12
4.354817949780401959e-02 1.983385036573805437e-09 6.986384745587837474e-12
4.405244365040068139e-02 1.975629491498278999e-09 6.988441425840392149e-12
4.456254690668728924e-02 1.974801952716812731e-09 6.964113286001983361e-12
4.507855688029784730e-02 1.974422605273292425e-09 6.986720633711744535e-12
4.560054196779547708e-02 1.971742941437202247e-09 6.980711506574868632e-12
4.612857135773813788e-02 1.978864037012179099e-09 6.983106014753457930e-12
4.666271503984956853e-02 1.969866628396335044e-09 6.986954830746511552e-12
4.720304381429617224e-02 1.979301942070013628e-09 6.978604328681512157e-12
4.774962930107178732e-02 1.971529652005946907e-09 6.977202251918223241e-12
4.830254394949064917e-02 1.973805749636819032e-09 6.985784425364804701e-12
4.886186104779054878e-02 1.963617240048991837e-09 6.995191873700143905e-12
4.942765473284694427e-02 1.968032059530956282e-09 6.980509658217305818e-12
4.999999999999999584e-02 1.969671839492226299e-09 6.987674758550018477e-12
5.057897271299489905e-02 1.968154367245987659e-09 6.983775723892971333e-12
5.116464961403772993e-02 1.952655740366488784e-09 6.980118485744704044e-12
5.175710833396719723e-02 1.965488952279826069e-09 6.986518017928512584e-12
5.235642740254497357e-02 1.964048032503660408e-09 6.984728103349513985e-12
5.296268625886443177e-02 1.963777834967431819e-09 6.980718631996509483e-12
5.357596526188034697e-02 1.958056491375775518e-09 6.977562585829525198e-12
5.419634570106018900e-02 1.963387841736425063e-09 7.010982296244023451e-12
5.482390980715923928e-02 1.961951711331641465e-09 6.974884347070463069e-12
5.545874076312004575e-02 1.959826388321225046e-09 6.986548869775375092e-12
5.610092271509819345e-02 1.957848978795192642e-09 6.979907863285961603e-12
5.675054078361576465e-02 1.969748676819126233e-09 6.985556195521547431e-12
5.740768107484413990e-02 1.942190862143403220e-09 6.985590686470742069e-12
5.807243069201712543e-02 1.957365146375258096e-09 6.975476217125520794e-12
5.874487774697651626e-02 1.957979058661928079e-09 6.990392248997955658e-12
5.942511137185094161e-02 1.945321275611648832e-09 6.992997660121467648e-12
6.011322173087065013e-02 1.957043958674608460e-09 6.986689922266099763e-12
6.080930003231839465e-02 1.953985151306927476e-09 6.981438032829963500e-12
6.151343854061905314e-02 1.966736720336691918e-09 7.008891539633741183e-12
6.222573058856927658e-02 1.953454671480865914e-09 6.986072493351278310e-12
6.294627058970836408e-02 1.953089487699160241e-09 6.994197517151346447e-12
6.367515405083307156e-02 1.950182081047161999e-09 6.987400067788510109e-12
6.441247758465666606e-02 1.949081775851276592e-09 6.981147510297960566e-12
6.515833892261499449e-02 1.948440052790193489e-09 6.984624962311595294e-12
6.591283692782036463e-02 1.950726584402554669e-09 6.989940763027280018e-12
6.667607160816618750e-02 1.943486446396909594e-09 6.993331905694577036e-12
6.744814412958265171e-02 1.949032538124395654e-09 6.981035482814645577e-12
6.822915682944624693e-02 1.930885504686746570e-09 6.987452083950624206e-12
6.901921323014424681e-02 1.944949194375163710e-09 6.974731304273301934e-12
6.981841805279687119e-02 1.945330784699958042e-09 6.986828707557903701e-12
7.062687723113769689e-02 1.943824228955821415e-09 6.961864847542968191e-12
7.144469792555517562e-02 1.944469853142947143e-09 7.001505978670334694e-12
7.227198853729638328e-02 1.943138357331783461e-09 6.967105085284494652e-12
7.310885872283590103e-02 1.941793566023173853e-09 6.987056407356029400e-12
7.395541940841035555e-02 1.950497317292907402e-09 7.051631487805377032e-12
7.481178280472171316e-02 1.940780408724051529e-09 6.987020415594544958e-12
7.567806242181042420e-02 1.940137752857914795e-09 6.983924002400574951e-12
7.655437308410151243e-02 1.939656479226013651e-09 6.980074246370832095e-12
7.744083094562405345e-02 1.935362324983879223e-09 6.991293020345741379e-12
7.833755350540749784e-02 1.937041987093000023e-09 6.990922169954372652e-12
7.924465962305569933e-02 1.964393566101231066e-09 6.984808005380140687e-12
8.016226953450207582e-02 1.931786487785186566e-09 6.984644845644476432e-12
8.109050486794648627e-02 1.935825856026509805e-09 6.979868074789566872e-12
8.202948865997693184e-02 1.935991024293693602e-09 6.989044887742064096e-12
8.297934537187805215e-02 1.934164354783663247e-09 7.028911710877778826e-12
8.394020090612802631e-02 1.933393277585559686e-09 6.988000379877577036e-12
8.491218262308720954e-02 1.935593352969195172e-09 6.983557426129299355e-12
8.589541935787936566e-02 1.931707295499863370e-09 6.986615676977047591e-12
8.689004143746879849e-02 1.931081099782481953e-09 6.984749903553160827e-12
8.789618069793464494e-02 1.928467729489198271e-09 6.991073905498587244e-12
8.891397050194613239e-02 1.928570062622444971e-09 6.984985536712115269e-12
8.994354575643935534e-02 1.922786463177880762e-09 6.984616097418672584e-12
9.098504293049920755e-02 1.927563638868226663e-09 6.985870083976404511e-12
9.203860007344780159e-02 1.930341141820927573e-09 6.978716975924345097e-12
9.310435683314335908e-02 1.926223630739936045e-09 6.982080043230269958e-12
9.418245447449000163e-02 1.925047670914668039e-09 6.989810487854891138e-12
9.527303589816239759e-02 1.925746248294157470e-09 6.978928077050569965e-12
9.637624565954681921e-02 1.925111557418427733e-09 6.988036759646506715e-12
9.749222998790227357e-02 1.922753368462064573e-09 6.984041930074140040e-12
9.862113680574267904e-02 1.922961349134457400e-09 6.952848285186324154e-12
9.976311574844402841e-02 1.921086141573560776e-09 6.979763511483231193e-12
1.009183181840780791e-01 1.921062397973503372e-09 6.989466226214559175e-12
1.020868972334764702e-01 1.920131066044010454e-09 6.988090551885331497e-12
1.032690077905264597e-01 1.919477246101130945e-09 6.989683229084912309e-12
1.044648065427020295e-01 1.917697007809788510e-09 6.980367551513107485e-12
1.056744519918323688e-01 1.915827950262565902e-09 6.988064609627709279e-12
1.068981044751116244e-01 1.915477553193227493e-09 6.985402704551475337e-12
1.081359261863509974e-01 1.915652666434273981e-09 6.984542141714662194e-12
1.093880811974775741e-01 1.916254184098127258e-09 6.989997121837064759e-12
1.106547354802819294e-01 1.914534655752302735e-09 6.963376781062698643e-12
1.119360569284169743e-01 1.914140324944601098e-09 6.980274596658097361e-12
1.132322153796529590e-01 1.914851953182413275e-09 6.985084201197800300e-12
1.145433826383886050e-01 1.912061007350358377e-09 6.983169944595743091e-12
1.158697324984239718e-01 1.912134370646050310e-09 6.984228469779076238e-12
1.172114407659961138e-01 1.912157920314391065e-09 6.986063997646587256e-12
1.185686852830827587e-01 1.912774166110585147e-09 6.990576534504456194e-12
1.199416459509744792e-01 1.910099670120621782e-09 6.987397664541286021e-12
1.213305047541208270e-01 1.906249261105029050e-09 6.982302831383046088e-12
1.227354457842515234e-01 1.922090601176556177e-09 6.986635176737081151e-12
1.241566552647785093e-01 1.907100419567295173e-09 6.984070392392178755e-12
1.255943215754789510e-01 1.906797187304058082e-09 6.987053493753013471e-12
1.270486352774652938e-01 1.906834153652500160e-09 6.982456696320735603e-12
1.285197891384432245e-01 1.903530248240259707e-09 7.019899593717924107e-12
1.300079781582635929e-01 1.904378438390652778e-09 6.968352716149190313e-12
1.315133995947690704e-01 1.863653914470016735e-09 6.983134159042691125e-12
1.330362529899405399e-01 1.901994303895007482e-09 6.971944441237880164e-12
1.345767401963458287e-01 1.895609114358909506e-09 6.987146216920201166e-12
1.361350654038956109e-01 1.900642419361878331e-09 6.987655661212020065e-12
1.377114351669082859e-01 1.900224210513751764e-09 6.980818473157164040e-12
1.393060584314885775e-01 1.898914099660747252e-09 6.989717625763242207e-12
1.409191465632227414e-01 1.909453996071255937e-09 6.982519388722321386e-12
1.425509133751954594e-01 1.899427414838205218e-09 6.990892081753438056e-12
1.442015751563302528e-01 1.896943742748622306e-09 6.942083025070246103e-12
1.458713507000582721e-01 1.896210656990496957e-09 6.985306851314088736e-12
1.475604613333193205e-01 1.894078207039560940e-09 6.983188281977972932e-12
1.492691309458979987e-01 1.895358761329471787e-09 6.990931722068546798e-12
1.509975860201007714e-01 1.893271556602598762e-09 6.980330947038004508e-12
1.527460556607755926e-01 1.891915183664807834e-09 7.033650131044035156e-12
1.545147716256795867e-01 1.893213789067499080e-09 6.984972900172583006e-12
1.563039683561977533e-01 1.891612916831639787e-09 6.985724590049188155e-12
1.581138830084189428e-01 1.891425448673197902e-09 6.995105941900474182e-12
1.599447554845698505e-01 1.890565584553028506e-09 6.991223757072116675e-12
1.617968284648141908e-01 1.889899811376991477e-09 6.661898500936332163e-12
1.636703474394191060e-01 1.887791859262621181e-09 6.992611264669313822e-12
1.655655607412955255e-01 1.887804987534964276e-09 6.984718904212931753e-12
1.674827195789137801e-01 1.886164300425237996e-09 6.981634076572648401e-12
1.694220780696013562e-01 1.889909624835526329e-09 6.992696336528599345e-12
1.713838932732252018e-01 1.885203974493165438e-09 6.988405878146991423e-12
1.733684252262658043e-01 1.880871781904776515e-09 6.991678186417225945e-12
1.753759369762839526e-01 1.883615516971490001e-09 6.986392634954201000e-12
1.774066946167878189e-01 1.885321558892366055e-09 6.991288482913382989e-12
1.794609673225026625e-01 1.882844990372087535e-09 6.985963123714905487e-12
1.815390273850506775e-01 1.893378807273415629e-09 7.009559721354823163e-12
1.836411502490422898e-01 1.913662272512345802e-09 6.898150854545914572e-12
1.857676145485863684e-01 1.879700500686877325e-09 6.985641440452237223e-12
1.879187021442221273e-01 1.879017118293139671e-09 6.988975730877276508e-12
1.900946981602806007e-01 1.878573270990130173e-09 7.005849779951565703e-12
1.922958910226767459e-01 1.892966913352965463e-09 6.987647161361734849e-12
1.945225724971402226e-01 1.924454640462774774e-09 6.986173547846312024e-12
1.967750377278887908e-01 1.877671665872346394e-09 6.988446339903422626e-12
1.990535852767486014e-01 1.875364619209220224e-09 6.980990887837416414e-12
2.013585171627295112e-01 1.874895696298822207e-09 6.990441717402806148e-12
2.036901389020562558e-01 1.871908009087686815e-09 7.010060159905183505e-12
2.060487595486651391e-01 1.871964393861591494e-09 6.982964540719533719e-12
2.084346917351677375e-01 1.873007670036709127e-09 6.853986168691698276e-12
2.108482517142911128e-01 1.871411443128449248e-09 6.984839280414192699e-12
2.132897594007962527e-01 1.872067950420669211e-09 6.982180568967910561e-12
2.157595384138827066e-01 1.870263702669052570e-09 6.982296150995726381e-12
2.182579161200830509e-01 1.869449836739302521e-09 6.983248449180932129e-12
2.207852236766562337e-01 1.868556291815293167e-09 6.987661954901675258e-12
2.233417960754814913e-01 1.867562440906497951e-09 6.989049839237176523e-12
2.259279721874612734e-01 1.857078125402842111e-09 7.047943502820691096e-12
2.285440948074375644e-01 1.864306900762375552e-09 6.985640599676855565e-12
2.311905106996301473e-01 1.864935805633163539e-09 6.949667176484132662e-12
2.338675706435990320e-01 1.845729302131603885e-09 6.993415860408525052e-12
2.365756294807403459e-01 1.864036729028753288e-09 7.005726217520028792e-12
2.393150461613192392e-01 1.863539818369514085e-09 6.984169128771184284e-12
2.420861837920496862e-01 1.855212086073371617e-09 6.988907613669940135e-12
2.448894096842230694e-01 1.858486603839174778e-09 6.931618553014952441e-12
2.477250954023952345e-01 1.861129847791579260e-09 6.984964319767482666e-12
2.505936168136362330e-01 1.861467333015128838e-09 6.981874326778494144e-12
2.534953541373521912e-01 1.857571489307094010e-09 6.992879827084695362e-12
2.564306919956823583e-01 1.857676857395484128e-09 6.966078787258812881e-12
2.594000194644804358e-01 1.857354178696713056e-09 6.985701906527100760e-12
2.624037301248863807e-01 1.855376319637867775e-09 6.982125026968470353e-12
2.654422221154941752e-01 1.854880806911623161e-09 6.980808443318095932e-12
2.685158981851263338e-01 1.855612713624823153e-09 6.986305516137346787e-12
2.716251657462164792e-01 1.854697852277088798e-09 6.984501651546450222e-12
2.747704369288123671e-01 1.852911780319253908e-09 6.989637134688223323e-12
2.779521286352018006e-01 1.850050788771894705e-09 6.865345162123782726e-12
2.811706625951744809e-01 1.853555143516793136e-09 6.976888470070943921e-12
2.844264654219206268e-01 1.854034058463390570e-09 7.003032322066092985e-12
2.877199686685785740e-01 1.824727187365693680e-09 6.984720628502991256e-12
2.910516088854357419e-01 1.850047197594816418e-09 6.982180710532877715e-12
2.944218276777944565e-01 1.872648067506780053e-09 6.925309133699984782e-12
2.978310717645051287e-01 1.848606541982349073e-09 6.967743126346340391e-12
3.012797930371790001e-01 1.846955661415276561e-09 6.975315420928831083e-12
3.047684486200846199e-01 1.847672039344124852e-09 6.983957860202582224e-12
3.082975009307410419e-01 1.848222751166003822e-09 7.017708577083812536e-12
3.118674177412095183e-01 1.846027962019746025e-09 7.091132629609986806e-12
3.154786722400967913e-01 1.842912039346905531e-09 7.053352506736548266e-12
3.191317430952744227e-01 1.844947337573888014e-09 6.962664283249214749e-12
3.228271145173277623e-01 1.842825543656173173e-09 6.983652248694293506e-12
3.265652763237361089e-01 1.771959006835357818e-09 6.977034278986934875e-12
3.303467240037981645e-01 1.843677959252872270e-09 6.959862500396592735e-12
3.341719587843073880e-01 1.841174431582524154e-09 7.020565325994143839e-12
3.380414876959909054e-01 1.839724963460731261e-09 6.978769122447096123e-12
3.419558236407145846e-01 1.838381304672548702e-09 6.882007101144790521e-12
3.459154854594680972e-01 1.837599123211743745e-09 6.990445523913903987e-12
3.499209980011368515e-01 1.837569209897437142e-09 6.982657800583741518e-12
3.539728921920689553e-01 1.837826651871168384e-09 7.000786001102715579e-12
3.580717051064509215e-01 1.837165187971138183e-09 6.981304113313978944e-12
3.622179800374948910e-01 1.836870067954830665e-09 6.974169054757482255e-12
3.664122665694521941e-01 1.837874822814919974e-09 6.984894793223173876e-12
3.706551206504588025e-01 1.831218844390525398e-09 6.996738499010447503e-12
3.749471046662278817e-01 1.832728039199697064e-09 6.988027628403193407e-12
3.792887875145917187e-01 1.832773360237211562e-09 6.983283439118212940e-12
3.836807446809096245e-01 1.832882973407083922e-09 6.981519279262499974e-12
3.881235583143459733e-01 1.825776050317357622e-09 6.988375800243260726e-12
3.926178173050358655e-01 1.826214310686693098e-09 6.986497467044777790e-12
3.971641173621406340e-01 1.830959294554347259e-09 6.977970302445227654e-12
4.017630610928087931e-01 1.828616441933770740e-09 6.985864873391733767e-12
4.064152580820497018e-01 1.828404304591352988e-09 6.982798736481583319e-12
4.111213249735355402e-01 1.828448353570564943e-09 6.982554864487577636e-12
4.158818855513353729e-01 1.961655932874083181e-09 6.958619224052683971e-12
4.206975708225977328e-01 1.826201619456133442e-09 6.965434837865249216e-12
4.255690191011883283e-01 1.817261471241038638e-09 6.990687069649489544e-12
4.304968760923003068e-01 1.821818235754192178e-09 6.983820534252775207e-12
4.354817949780401820e-01 1.823270093052876768e-09 6.978751855008445104e-12
4.405244365040072996e-01 1.823120744728826328e-09 6.942100094836403112e-12
4.456254690668728924e-01 1.818623690846324229e-09 6.981578249339440971e-12
4.507855688029784313e-01 1.821391259475251387e-09 6.987587649774470471e-12
4.560054196779547708e-01 1.819658564414876649e-09 6.981279349920405620e-12
4.612857135773818507e-01 1.815571428067383208e-09 7.153820489859774817e-12
4.666271503984956714e-01 1.820359176567840050e-09 6.981253871790778916e-12
4.720304381429616947e-01 1.819443804447866628e-09 6.990956331892258119e-12
4.774962930107178871e-01 1.815750792584147455e-09 7.256472007556646307e-12
4.830254394949065055e-01 1.814033523785461126e-09 6.998844386729300921e-12
4.886186104779055572e-01 1.817947263747416353e-09 6.966112124777453787e-12
4.942765473284694844e-01 1.815232721362839063e-09 7.140654778562533412e-12
5.000000000000000000e-01 1.769464958232925260e-09 6.989209988359848447e-12
5.235642740254498051e-01 1.814869616887320309e-09 6.983834340129032240e-12
5.482390980715924345e-01 1.807272355945109841e-09 6.988649220245350966e-12
5.740768107484414129e-01 1.816155698754065134e-09 6.983778094762715311e-12
6.011322173087064735e-01 1.802333250846130619e-09 6.984387961696697689e-12
6.294627058970836408e-01 1.797137289833917213e-09 6.959231390467469671e-12
6.591283692782035075e-01 1.768648346856796576e-09 6.995523899939756667e-12
6.901921323014423848e-01 1.788580170687544225e-09 6.981983608446429447e-12
7.227198853729637218e-01 1.787723909054207427e-09 6.978687035733829573e-12
7.567806242181041032e-01 1.785611127290821643e-09 6.971865044112252223e-12
7.924465962305567990e-01 1.784678669483294551e-09 6.986383514830422212e-12
8.297934537187802162e-01 1.691267895955611284e-09 6.981227199429321845e-12
8.689004143746876796e-01 1.826144481807696899e-09 6.984024864141448990e-12
9.098504293049917147e-01 1.775253659358524759e-09 6.995281217171250023e-12
9.527303589816235041e-01 1.772001659670634706e-09 6.984722124561983797e-12
9.976311574844397567e-01 1.771616806889446228e-09 6.994674430191212911e-12
1.044648065427019823e+00 1.768627844681805061e-09 6.974685952414416742e-12
1.093880811974776268e+00 1.761979364662525730e-09 6.991272714813336505e-12
1.145433826383886577e+00 1.759357581079592901e-09 6.970807900621609125e-12
1.199416459509745181e+00 1.749797924143653057e-09 6.996214191293958520e-12
1.255943215754790065e+00 1.753978386018904657e-09 6.983363108666119261e-12
1.315133995947690870e+00 1.758277399553925743e-09 6.979287243964188550e-12
1.377114351669083137e+00 1.749242938309081855e-09 6.961466535946234765e-12
1.442015751563302972e+00 1.744615869950247491e-09 6.975830871705990978e-12
1.509975860201008047e+00 1.742785378980317535e-09 7.015493635952605696e-12
1.581138830084189983e+00 1.738242032600550104e-09 6.959426619261380816e-12
1.655655607412955366e+00 1.735875858629106302e-09 7.002179663653744253e-12
1.733684252262658321e+00 1.732373888124933178e-09 6.979446354772490464e-12
1.815390273850506997e+00 1.727526273071066904e-09 6.981479099053473280e-12
1.900946981602805952e+00 1.725251988008593887e-09 7.097769479440266004e-12
1.990535852767486347e+00 1.724618423111131521e-09 6.985345621084959630e-12
2.084346917351676876e+00 1.720609745413237015e-09 6.981024399946773462e-12
2.182579161200830065e+00 1.710147356425550286e-09 6.976919024624837206e-12
2.285440948074375367e+00 1.716356999128026865e-09 6.996483405493488237e-12
2.393150461613192004e+00 1.711986552308887464e-09 6.978667571972794015e-12
2.505936168136361886e+00 1.708881307985789194e-09 7.011510428601435862e-12
2.624037301248862697e+00 1.706726270602759160e-09 6.885415398256114778e-12
2.747704369288122894e+00 1.707720807881960059e-09 6.981139675217735195e-12
2.877199686685784741e+00 1.703544822085543862e-09 6.976570328190188250e-12
3.012797930371788890e+00 1.697314986423100118e-09 6.969281918462253898e-12
3.154786722400966692e+00 1.696105449884015263e-09 6.991213528626018179e-12
3.303467240037980091e+00 1.689922356581571956e-09 6.991756772589988529e-12
3.459154854594682860e+00 1.688945854320580404e-09 6.972556599567258912e-12
3.622179800374950798e+00 1.684649146632240539e-09 6.975396972660470912e-12
3.792887875145918741e+00 1.675074626878531423e-09 6.974898368902762815e-12
3.971641173621408338e+00 1.681595495662416114e-09 6.976003090669266511e-12
4.158818855513356283e+00 1.675156414159115164e-09 6.985653469516978998e-12
4.354817949780404263e+00 1.673862816609839754e-09 6.971308580165641642e-12
4.560054196779547375e+00 1.671546058119290838e-09 6.979333961572026313e-12
4.774962930107179204e+00 1.663190669567848804e-09 6.972080625178549310e-12
5.000000000000000888e+00 1.664008735813535830e-09 6.981652168422788355e-12
6.294627058970836408e+00 1.652330395886274832e-09 6.982015783903663218e-12
7.924465962305567324e+00 1.543042850928865261e-09 7.033574636567392370e-12
9.976311574844396901e+00 1.630899364080323625e-09 6.996758904832591024e-12
1.255943215754790288e+01 1.607135497248355679e-09 6.934790154692895170e-12
1.581138830084189451e+01 1.590448085860228828e-09 6.962804533605815401e-12
1.990535852767486347e+01 1.580347076460717753e-09 6.947334167964635051e-12
2.505936168136362596e+01 1.510241651452200203e-09 6.969098825412849145e-12
3.154786722400966070e+01 1.559405813883342326e-09 7.469740959793618301e-12
3.971641173621406296e+01 1.535805527184197409e-09 6.970944133006896021e-12
4.999999999999999289e+01 1.519661666178961270e-09 7.004652973428987063e-12
