6.744814412958264011e-05 2.308277280388636654e-11 1.068537110012057972e-12
6.822915682944618535e-05 5.449396781418036394e-11 1.052449461224493671e-12
6.901921323014417829e-05 1.064678199328582055e-10 1.034219520416585903e-12
6.981841805279680852e-05 1.722934412486390372e-10 1.013559221465134864e-12
7.062687723113775782e-05 2.462429813916612857e-10 9.908226603533103406e-13
7.144469792555517389e-05 3.268123157648860596e-10 9.661288441877703778e-13
7.227198853729638578e-05 4.108243834346970989e-10 9.395656420528223975e-13
7.310885872283590017e-05 4.967364232640685103e-10 9.112697912573363551e-13
7.395541940841035122e-05 5.834869492604506720e-10 8.814579859729080769e-13
7.481178280472162371e-05 6.691813378511431036e-10 8.505317273314979166e-13
7.567806242181034505e-05 7.527014642180162340e-10 8.181736572078913321e-13
7.655437308410142656e-05 8.330890531450551209e-10 7.856675449472835736e-13
7.744083094562412067e-05 9.090601822689246125e-10 7.528606137929934958e-13
7.833755350540750207e-05 9.803797000751336291e-10 7.201407218556170052e-13
7.924465962305569597e-05 1.045013905280086682e-09 6.879069884976733429e-13
8.016226953450208102e-05 1.103838933299541754e-09 6.567399117995534503e-13
8.109050486794647857e-05 1.155659492305110335e-09 6.269107045857263453e-13
8.202948865997692718e-05 1.200135342440870687e-09 5.991457212284106067e-13
8.297934537187796715e-05 1.235891845239766788e-09 5.737242794997842237e-13
8.394020090612794207e-05 1.264408404493395517e-09 5.512774167844637419e-13
8.491218262308729617e-05 1.285160906301034475e-09 5.324687845828957285e-13
8.589541935787945305e-05 1.298017305254482240e-09 5.176113640891249593e-13
8.689004143746880239e-05 1.302928940061040553e-09 5.074066759490644993e-13
8.789618069793464267e-05 1.300090050340574681e-09 5.023910869227127151e-13
8.891397050194613488e-05 1.290124008573348325e-09 5.029901565090737855e-13
8.994354575643936521e-05 1.273713597885504927e-09 5.096775203160847229e-13
9.098504293049911853e-05 1.250314937092671781e-09 5.231023708825480736e-13
9.203860007344770748e-05 1.222037396453835199e-09 5.434314430625231077e-13
9.310435683314328287e-05 1.188188583003165541e-09 5.711085931651466260e-13
9.418245447449009216e-05 1.150999294788155859e-09 6.063643347400278080e-13
9.527303589816240703e-05 1.109307159629871348e-09 6.495192292015777905e-13
9.637624565954682279e-05 1.065432925997404676e-09 7.004668719935853626e-13
9.749222998790226565e-05 1.020045065043689660e-09 7.593571631658399887e-13
9.862113680574265443e-05 9.734553109787333987e-10 8.260728361493033767e-13
9.976311574844392432e-05 9.270066173348985384e-10 9.001206696962483623e-13
1.009183181840780691e-04 8.814312961213195290e-10 9.814365558583541508e-13
1.020868972334764650e-04 8.373865454385541572e-10 1.069679920338540888e-12
1.032690077905264468e-04 7.960525510830423025e-10 1.163616293784541379e-12
1.044648065427019234e-04 7.579962024407131300e-10 1.262798611540813032e-12
1.056744519918323676e-04 7.234343930294179539e-10 1.366508648265924927e-12
1.068981044751116051e-04 6.935956895232569301e-10 1.473397730044679774e-12
1.081359261863509960e-04 6.679908828247968497e-10 1.582260230049268275e-12
1.093880811974775783e-04 6.479130007656786111e-10 1.691869287714676726e-12
1.106547354802819166e-04 6.332670134198397356e-10 1.800932536873803811e-12
1.119360569284169843e-04 6.239102405653265635e-10 1.907232643112949208e-12
1.132322153796529580e-04 6.199112631470381202e-10 2.009982520175231715e-12
1.145433826383886026e-04 6.215823054737483281e-10 2.107155306377053000e-12
1.158697324984239751e-04 6.279369797769212731e-10 2.197254069727943850e-12
1.172114407659961160e-04 6.391332826586908125e-10 2.278453707043795887e-12
1.185686852830827555e-04 6.547787836541911564e-10 2.349628450491682810e-12
1.199416459509744813e-04 6.733385322080012121e-10 2.408462849901048568e-12
1.213305047541206945e-04 6.952340810964001551e-10 2.454352203621454475e-12
1.227354457842515364e-04 7.192565861923675592e-10 2.486133121014577788e-12
1.241566552647784948e-04 7.447046846171779249e-10 2.502626321956305440e-12
1.255943215754789502e-04 7.707361364021672115e-10 2.503416150426679842e-12
1.270486352774653110e-04 7.967997594180414691e-10 2.488019907565495743e-12
1.285197891384432108e-04 8.222692906186532770e-10 2.457012961296021193e-12
1.300079781582635788e-04 8.455191571159828610e-10 2.410231533457574808e-12
1.315133995947690435e-04 8.672372139365061877e-10 2.349130750217274797e-12
1.330362529899404168e-04 8.859337845319650454e-10 2.274610655962337757e-12
1.345767401963458062e-04 9.014122677587568934e-10 2.188726896785217815e-12
1.361350654038956073e-04 9.134028563816211342e-10 2.095437660510912213e-12
1.377114351669082826e-04 9.219316695123297088e-10 1.993166059444838121e-12
1.393060584314884456e-04 9.270947450024428645e-10 1.888188021987059167e-12
1.409191465632227234e-04 9.283667814966242906e-10 1.781668259031615361e-12
1.425509133751954596e-04 9.265246365650778216e-10 1.679126837780471306e-12
1.442015751563302745e-04 9.219749605127120218e-10 1.581239216206121327e-12
1.458713507000582675e-04 9.152619286423784627e-10 1.495873492967790027e-12
1.475604613333193413e-04 9.064728788902813544e-10 1.424951100086743227e-12
1.492691309458980017e-04 8.971407627279268269e-10 1.371819010000229635e-12
1.509975860201007907e-04 8.871816442036029327e-10 1.339471755585920331e-12
1.527460556607755941e-04 8.779289672513406039e-10 1.330725080501041788e-12
1.545147716256795760e-04 8.700107282337444223e-10 1.347862167611444971e-12
1.563039683561977700e-04 8.640183546367051631e-10 1.391915626938902358e-12
1.581138830084189426e-04 8.603623932329590252e-10 1.463635164688164589e-12
1.599447554845698401e-04 8.598161049858009832e-10 1.562500848857501957e-12
1.617968284648140247e-04 8.626961183973634256e-10 1.686516139989774828e-12
1.636703474394191234e-04 8.690079496138937505e-10 1.833601270540330965e-12
1.655655607412955237e-04 8.786805364265427746e-10 1.999961068504895947e-12
1.674827195789137821e-04 8.917307126030875911e-10 2.179892891754881730e-12
1.694220780696013395e-04 9.080083091823261426e-10 2.369936309382470765e-12
1.713838932732252138e-04 9.261411141536999065e-10 2.563068372601800420e-12
1.733684252262658175e-04 9.463325259977739549e-10 2.752535496393990261e-12
1.753759369762839622e-04 9.675163591008864198e-10 2.931283137431326036e-12
1.774066946167876340e-04 9.889590976728900816e-10 3.091580623221762417e-12
1.794609673225026631e-04 1.009914257169866296e-09 3.228036113182427866e-12
1.815390273850506729e-04 1.029405818408038650e-09 3.333106987874789961e-12
1.836411502490422785e-04 1.046540797788235916e-09 3.402997007207787128e-12
1.857676145485863753e-04 1.060882084095969391e-09 3.434170501656730063e-12
1.879187021442221307e-04 1.072086699994093464e-09 3.424820712342344897e-12
1.900946981602805912e-04 1.079881051467961162e-09 3.374360631183544372e-12
1.922958910226767442e-04 1.084367297358936812e-09 3.286755930209950733e-12
1.945225724971402217e-04 1.088964348862400499e-09 3.165386954743394886e-12
1.967750377278886019e-04 1.083903987342181776e-09 3.017606932243908951e-12
1.990535852767486491e-04 1.080018345599907703e-09 2.852316177729839325e-12
2.013585171627295032e-04 1.074910365674708515e-09 2.678180715383308683e-12
2.036901389020562758e-04 1.069529413529507487e-09 2.507119317272557819e-12
2.060487595486651640e-04 1.064673197044534534e-09 2.353453870992658948e-12
2.084346917351677256e-04 1.060895316606715459e-09 2.221137790411148166e-12
2.108482517142910915e-04 1.060019005396264428e-09 2.128160609862052002e-12
2.132897594007962310e-04 1.061586676658619578e-09 2.081125427107352292e-12
2.157595384138825078e-04 1.066712123130166689e-09 2.085991213757744250e-12
2.182579161200830275e-04 1.074364195168746885e-09 2.146554762688051817e-12
2.207852236766562250e-04 1.087533737481712090e-09 2.261830375437841966e-12
2.233417960754814700e-04 1.102665447395674032e-09 2.426260514778522813e-12
2.259279721874612654e-04 1.119846987792220872e-09 2.636067465712055252e-12
2.285440948074375482e-04 1.139089778307111488e-09 2.874682590133450149e-12
2.311905106996301417e-04 1.158332633861083266e-09 3.129784535679492817e-12
2.338675706435990400e-04 1.176969209486325923e-09 3.383134327246462214e-12
2.365756294807401202e-04 1.193914520414264809e-09 3.618008434983978459e-12
2.393150461613192145e-04 1.208078816279093394e-09 3.816446975893604903e-12
2.420861837920496669e-04 1.218891284159521583e-09 3.963136625906878823e-12
2.448894096842230486e-04 1.228074157075567673e-09 4.043945916408451026e-12
2.477250954023952571e-04 1.230977678069462222e-09 4.063362759368296366e-12
2.505936168136362096e-04 1.230988983771705067e-09 4.004674655858029684e-12
2.534953541373522129e-04 1.228217110464761015e-09 3.880761186350875679e-12
2.564306919956823639e-04 1.224197939338759776e-09 3.702843935090090724e-12
2.594000194644804458e-04 1.220462472931026182e-09 3.489039285462309867e-12
2.624037301248860888e-04 1.217607852138972260e-09 3.260568321702969909e-12
2.654422221154941939e-04 1.216838689452571523e-09 3.041655256307922913e-12
2.685158981851263043e-04 1.218902923151988246e-09 2.858345962230619349e-12
2.716251657462165044e-04 1.225137592697540189e-09 2.733504772260921400e-12
2.747704369288123854e-04 1.234523063629118015e-09 2.684151744800864735e-12
2.779521286352018127e-04 1.247982370796970402e-09 2.720735671935480718e-12
2.811706625951744943e-04 1.264211400241636779e-09 2.847077498378373592e-12
2.844264654219206255e-04 1.281972031694636458e-09 3.050398559194433989e-12
2.877199686685782661e-04 1.299217275879249096e-09 3.315546454431949221e-12
2.910516088854357393e-04 1.318418568258012764e-09 3.612613217910883765e-12
2.944218276777944713e-04 1.329677741053446322e-09 3.910194205485003868e-12
2.978310717645051204e-04 1.339401915239957545e-09 4.178873593976283778e-12
3.012797930371790027e-04 1.345309208850000135e-09 4.381535202604330887e-12
3.047684486200846776e-04 1.347646848337758249e-09 4.492355970348500230e-12
3.082975009307410805e-04 1.346628045611559038e-09 4.502228443202579708e-12
3.118674177412095313e-04 1.344412941426894187e-09 4.404622165074354393e-12
3.154786722400964379e-04 1.341326094325881131e-09 4.219235467223353475e-12
3.191317430952743915e-04 1.339246889581280247e-09 3.972575089722771645e-12
3.228271145173277810e-04 1.339530524140308074e-09 3.700602469726891231e-12
3.265652763237360972e-04 1.343575498391875524e-09 3.450350267868421446e-12
3.303467240037981823e-04 1.352105600722007742e-09 3.263660498394685714e-12
3.341719587843073962e-04 1.364541519101456938e-09 3.175436896443282780e-12
3.380414876959908759e-04 1.379296416941003335e-09 3.207406241122411120e-12
3.419558236407145655e-04 1.395940237013572629e-09 3.359187743266907597e-12
3.459154854594680595e-04 1.411519927148017526e-09 3.615259251589799190e-12
3.499209980011365223e-04 1.425269752138539717e-09 3.939978409716308464e-12
3.539728921920689544e-04 1.434773448561208105e-09 4.271517375060158465e-12
3.580717051064509363e-04 1.440591993148819607e-09 4.570635647118155569e-12
3.622179800374948611e-04 1.442274378838468118e-09 4.770256202342553825e-12
3.664122665694521551e-04 1.440618405217147073e-09 4.841615093828221799e-12
3.706551206504588155e-04 1.438128783699947261e-09 4.771391372434074748e-12
3.749471046662278739e-04 1.435832485574648162e-09 4.575418130386704389e-12
3.792887875145917642e-04 1.435858372781508981e-09 4.293331880390295517e-12
3.836807446809092350e-04 1.440371869078477905e-09 3.990780182347188024e-12
3.881235583143459109e-04 1.449259295587000947e-09 3.733369132311752533e-12
3.926178173050358768e-04 1.461603964692210210e-09 3.585511974717712969e-12
3.971641173621406028e-04 1.477192324915512455e-09 3.587966214161579207e-12
4.017630610928087857e-04 1.491150696599265888e-09 3.748787497168227542e-12
4.064152580820496862e-04 1.504512995934274458e-09 4.034914536850642231e-12
4.111213249735355723e-04 1.512472606366526952e-09 4.399968258679044025e-12
4.158818855513353842e-04 1.518294566394219440e-09 4.744605410700300650e-12
4.206975708225972935e-04 1.517665830610745317e-09 4.997573142830960816e-12
4.255690191011883409e-04 1.516660339670951562e-09 5.096628669276075260e-12
4.304968760923003155e-04 1.514339283580906916e-09 5.019789802817654891e-12
4.354817949780401981e-04 1.513747513155580446e-09 4.783053437699529723e-12
4.405244365040072822e-04 1.517312434665050785e-09 4.458717402509746275e-12
4.456254690668729119e-04 1.525948125574151347e-09 4.145904751020670043e-12
4.507855688029784470e-04 1.538108822728357325e-09 3.938251153959934083e-12
4.560054196779547643e-04 1.552203754951019900e-09 3.901666946095088871e-12
4.612857135773813463e-04 1.565673378778790242e-09 4.064174023743443118e-12
4.666271503984952018e-04 1.575717672397119138e-09 4.382363947231322059e-12
4.720304381429617094e-04 1.579905135251513071e-09 4.767967742555893739e-12
4.774962930107178993e-04 1.582270652393852170e-09 5.103144843788492345e-12
4.830254394949064960e-04 1.580763210957216981e-09 5.283308896706911388e-12
4.886186104779055486e-04 1.577947566981123545e-09 5.253363228387875705e-12
4.942765473284694211e-04 1.578695896053115021e-09 5.026269148264915219e-12
4.999999999999999020e-04 1.583414786084719295e-09 4.682486816568494256e-12
5.057897271299491120e-04 1.593183918667479822e-09 4.358035368928215649e-12
5.116464961403767615e-04 1.604453762874027019e-09 4.175180481555258789e-12
5.175710833396719507e-04 1.618598158342714326e-09 4.214959418720607131e-12
5.235642740254497010e-04 1.627979306292364141e-09 4.476411789583679806e-12
5.296268625886442309e-04 1.634048263489563634e-09 4.865376214823314717e-12
5.357596526188034176e-04 1.635008493220682533e-09 5.245935095852201934e-12
5.419634570106019031e-04 1.633214610261633350e-09 5.444114025902600475e-12
5.482390980715924666e-04 1.631705043706437066e-09 5.407879679880341773e-12
5.545874076312003274e-04 1.634855326435527530e-09 5.144395837501631128e-12
5.610092271509814097e-04 1.640654288997041437e-09 4.775769417201447841e-12
5.675054078361569309e-04 1.651507108722789672e-09 4.477235173802991758e-12
5.740768107484413340e-04 1.663404017833532895e-09 4.395857846795672532e-12
5.807243069201712630e-04 1.673785075594274623e-09 4.582218863198413054e-12
5.874487774697650716e-04 1.676458263484991250e-09 4.963734865426503892e-12
5.942511137185093944e-04 1.682579866523981341e-09 5.363218747962931151e-12
6.011322173087065013e-04 1.677492173914035142e-09 5.584448953320821076e-12
6.080930003231838424e-04 1.676847073114941776e-09 5.530231159526748380e-12
6.151343854061905054e-04 1.680176690288378552e-09 5.226585632236153528e-12
6.222573058856920762e-04 1.688598927458150006e-09 4.834940397596733989e-12
6.294627058970836365e-04 1.703333647409893060e-09 4.603993169338932872e-12
6.367515405083307633e-04 1.710427198560330394e-09 4.657005784640604398e-12
6.441247758465673719e-04 1.715662683959154412e-09 4.983012311512413710e-12
6.515833892261499666e-04 1.716412347030709868e-09 5.409526751285019846e-12
6.591283692782036463e-04 1.715772104286796738e-09 5.710361715058636539e-12
6.667607160816619227e-04 1.715661258885135562e-09 5.646075256375805364e-12
6.744814412958265908e-04 1.719931534727872455e-09 5.334309700061166073e-12
6.822915682944618535e-04 1.728666202059629284e-09 4.945543212490895545e-12
6.901921323014425418e-04 1.738010766210193437e-09 4.754567117154697126e-12
6.981841805279687899e-04 1.746617279001835979e-09 4.909734148765511186e-12
7.062687723113776324e-04 1.750199455793242185e-09 5.301601671518404178e-12
7.144469792555517389e-04 1.749077382416004767e-09 5.674020382926535672e-12
7.227198853729639933e-04 1.749109456468958951e-09 5.802716935461992958e-12
7.310885872283591101e-04 1.751096414592170527e-09 5.547402505843495662e-12
7.395541940841035122e-04 1.758883961387348865e-09 5.149173738523182530e-12
7.481178280472162642e-04 1.767875186159087511e-09 4.910714634255356618e-12
7.567806242181035047e-04 1.773945033890364060e-09 5.038334316878918533e-12
7.655437308410149161e-04 1.779862431442020408e-09 5.431614632503823816e-12
7.744083094562404478e-04 1.788740645515652448e-09 5.825459142116037390e-12
7.833755350540749394e-04 1.787869404538096645e-09 5.863904168664206535e-12
7.924465962305569326e-04 1.782627394636756199e-09 5.546611954593463436e-12
8.016226953450208102e-04 1.798590389838512600e-09 5.156836165571745981e-12
8.109050486794647586e-04 1.797477432540072940e-09 5.039749242363330633e-12
8.202948865997692447e-04 1.819100020317203438e-09 5.332010216604722370e-12
8.297934537187797799e-04 1.783032790877670078e-09 5.765101340164585140e-12
8.394020090612802068e-04 1.804546911434471623e-09 5.962726247921727124e-12
8.491218262308720130e-04 1.800676955493468255e-09 5.728782364739703289e-12
8.589541935787945847e-04 1.821817079828599328e-09 5.309931289927372927e-12
8.689004143746880239e-04 1.825745760062066009e-09 5.147570005771875722e-12
8.789618069793463453e-04 1.820987322474344114e-09 5.418461070493029017e-12
8.891397050194612675e-04 1.829786027990820522e-09 5.873925620859590350e-12
8.994354575643935708e-04 1.828928013259031268e-09 6.017618413358272842e-12
9.098504293049911040e-04 1.827020105213528524e-09 5.724983767561845181e-12
9.203860007344780506e-04 1.834939671163368167e-09 5.333074975142370040e-12
9.310435683314336689e-04 1.836861259604415381e-09 5.294882898445583650e-12
9.418245447449009487e-04 1.844231055098416703e-09 5.685050563220184130e-12
9.527303589816239890e-04 1.836933932264541877e-09 6.050097879416078410e-12
9.637624565954682008e-04 1.843412336698099544e-09 5.968223720005780243e-12
9.749222998790225752e-04 1.841425143575116153e-09 5.552198273314793505e-12
9.862113680574266256e-04 1.856238565388464602e-09 5.337211312914883568e-12
9.976311574844392432e-04 1.863611309995608274e-09 5.618817823468228759e-12
1.009183181840779715e-03 1.864593781546749944e-09 6.046352532534741977e-12
1.020868972334764650e-03 1.872168099827673435e-09 6.065616508347708183e-12
1.032690077905264441e-03 1.863407269133776791e-09 5.655752240161252165e-12
1.044648065427020373e-03 1.865125069974531843e-09 5.418797925245042469e-12
1.056744519918323758e-03 1.872440035796375217e-09 5.709006792579111396e-12
1.068981044751116105e-03 1.873290280337687652e-09 6.134212590267822111e-12
1.081359261863510095e-03 1.865083447755089098e-09 6.049893018903166656e-12
1.093880811974775810e-03 1.888476183668132033e-09 5.633343263427102830e-12
1.106547354802818028e-03 1.889583655485185115e-09 5.470009070075520280e-12
1.119360569284169951e-03 1.891169188095095389e-09 5.917009285836454203e-12
1.132322153796529608e-03 1.891435463200002665e-09 6.211452073954597327e-12
1.145433826383887273e-03 1.887973818238688978e-09 5.947928823444512919e-12
1.158697324984239805e-03 1.896531052204870797e-09 5.578412989925784255e-12
1.172114407659961268e-03 1.897866691733027468e-09 5.754108964764706025e-12
1.185686852830827474e-03 1.899371957019323600e-09 6.189158683455944180e-12
1.199416459509744732e-03 1.901283970542096101e-09 6.136613076404338412e-12
1.213305047541207108e-03 1.910893024741851756e-09 5.710297716170852979e-12
1.227354457842515147e-03 1.915483645727847068e-09 5.711509382426220954e-12
1.241566552647785111e-03 1.901100042204501838e-09 6.146762554297405848e-12
1.255943215754791020e-03 1.917803091026482799e-09 6.212826368192540465e-12
1.270486352774653164e-03 1.932361414109591698e-09 5.815163734189208154e-12
1.285197891384432054e-03 1.913080124912896034e-09 5.729337533845108212e-12
1.300079781582635843e-03 1.920679932560232282e-09 6.210020933807261338e-12
1.315133995947690652e-03 1.916253162838365933e-09 6.283495406941153435e-12
1.330362529899404168e-03 1.930162571732391193e-09 5.808593966760591913e-12
1.345767401963456761e-03 1.905464614656797115e-09 5.844743064373615124e-12
1.361350654038956127e-03 1.914768671278085105e-09 6.285406580547072799e-12
1.377114351669082772e-03 1.935676334007460595e-09 6.207968084572353315e-12
1.393060584314885757e-03 1.955853674528490462e-09 5.798229336411974407e-12
1.409191465632227396e-03 1.929674138961939464e-09 6.008536658417691066e-12
1.425509133751954758e-03 1.950460535076046342e-09 6.331947808175892592e-12
1.442015751563302745e-03 1.933648336089785191e-09 6.068001440533068566e-12
1.458713507000582730e-03 1.957374883876395472e-09 5.847518854594401290e-12
1.475604613333191678e-03 1.930446068249121021e-09 6.194921361121576615e-12
1.492691309458979909e-03 1.949147294748344445e-09 6.331618407538056048e-12
1.509975860201007852e-03 1.960497878923283883e-09 5.912892794310107962e-12
1.527460556607757513e-03 1.943197177961027419e-09 6.114165416777370097e-12
1.545147716256796032e-03 1.953346525635200895e-09 6.424565228200315774e-12
1.563039683561977646e-03 1.979360031492995665e-09 6.043455319286438444e-12
1.581138830084189480e-03 1.962845375757980206e-09 6.006051087083092956e-12
1.599447554845698401e-03 1.975155316627894286e-09 6.424960685687766137e-12
1.617968284648140572e-03 1.964140815954267622e-09 6.154753531721017988e-12
1.636703474394191234e-03 1.963348813558639895e-09 5.996709287852588355e-12
1.655655607412955237e-03 1.974765271475735726e-09 6.353228206649324627e-12
1.674827195789139501e-03 1.944870697376255415e-09 6.210072493076424201e-12
1.694220780696013449e-03 1.981976911221395352e-09 5.991138644359742053e-12
1.713838932732252192e-03 1.978710688636826262e-09 6.441181949143644044e-12
1.733684252262658121e-03 1.990954250886122345e-09 6.245030126625878191e-12
1.753759369762839405e-03 1.940663253359912935e-09 6.013904288571154569e-12
1.774066946167876394e-03 1.974994227274183916e-09 6.468860332283942599e-12
1.794609673225024734e-03 1.978331932549716665e-09 6.200292591782336556e-12
1.815390273850506784e-03 1.981419077916613283e-09 6.107628018745411495e-12
1.836411502490422785e-03 1.992779734700459678e-09 6.544313999726752413e-12
1.857676145485863753e-03 2.004507612135037576e-09 6.164571433844812341e-12
1.879187021442221307e-03 1.948221388114474786e-09 6.265231396169867757e-12
1.900946981602806129e-03 1.957075271103173818e-09 6.492091217569247894e-12
1.922958910226767442e-03 1.983148338202735228e-09 6.100468708927023858e-12
1.945225724971402000e-03 1.997825371677747450e-09 6.410961303089829297e-12
1.967750377278885965e-03 1.983443337159347540e-09 6.297106043722812447e-12
1.990535852767486274e-03 2.002747749263093788e-09 6.168216786089146437e-12
2.013585171627295303e-03 1.999044181174781101e-09 6.551192025681434494e-12
2.036901389020564709e-03 1.999942356597051535e-09 6.205534659030611428e-12
2.060487595486651911e-03 2.004210559853699938e-09 6.394216566822779466e-12
2.084346917351677202e-03 2.013244628532910931e-09 6.457447901702297023e-12
2.108482517142911024e-03 2.002482831978323915e-09 6.270781927947812769e-12
2.132897594007962527e-03 2.002715120625259273e-09 6.533531578807698587e-12
2.157595384138824915e-03 2.020297851075673403e-09 6.199936840574405494e-12
2.182579161200830058e-03 1.998136493136477976e-09 6.504774147954944501e-12
2.207852236766562250e-03 2.023418780171361602e-09 6.303875490775603938e-12
2.233417960754816977e-03 2.007855274797738495e-09 6.408396002946329444e-12
2.259279721874612925e-03 2.011990952466103432e-09 6.501018425544230721e-12
2.285440948074375644e-03 1.998560842436540102e-09 6.277943312943975158e-12
2.311905106996301525e-03 1.998436984355569732e-09 6.566543063322143776e-12
2.338675706435990129e-03 2.030948942033931801e-09 6.237629877618344382e-12
2.365756294807401256e-03 2.020861152251001166e-09 6.595687831111652730e-12
2.393150461613189652e-03 2.020041031362732727e-09 6.228505394824315411e-12
2.420861837920496723e-03 2.020844046777074658e-09 6.607132072371157738e-12
2.448894096842230486e-03 2.014484416394737952e-09 6.278911540210424924e-12
2.477250954023952571e-03 2.034972601937140834e-09 6.608976213657280013e-12
2.505936168136362312e-03 2.026055563203452967e-09 6.357837886150609817e-12
2.534953541373521912e-03 2.028280214545902841e-09 6.610279725719354130e-12
2.564306919956823531e-03 2.005272086330512288e-09 6.319157374151761426e-12
2.594000194644804566e-03 2.028376003014646866e-09 6.575605375694553273e-12
2.624037301248860997e-03 2.028899588872276885e-09 6.378605771170829488e-12
2.654422221154942047e-03 2.017778021199461834e-09 6.677563620510554517e-12
2.685158981851263043e-03 2.015210803386698657e-09 6.345519580950131041e-12
2.716251657462167863e-03 2.023944011362561083e-09 6.658642216543710849e-12
2.747704369288123637e-03 2.027189213591179714e-09 6.361786496330622861e-12
2.779521286352018127e-03 2.018035086353851593e-09 6.581711685185465845e-12
2.811706625951745052e-03 2.032486570526768158e-09 6.394247337611618310e-12
2.844264654219206146e-03 2.020871666681976386e-09 6.599332166349729619e-12
2.877199686685782878e-03 2.020855014758477542e-09 6.496452549794660600e-12
2.910516088854357610e-03 2.022065489382411029e-09 6.464609399962205271e-12
2.944218276777944496e-03 2.019656527255361047e-09 6.667887071832364859e-12
2.978310717645054131e-03 2.032046879736043757e-09 6.391553177683284220e-12
3.012797930371790243e-03 2.038841108830985081e-09 6.689317153694098129e-12
3.047684486200846234e-03 2.031276735566742459e-09 6.466537592775778799e-12
3.082975009307410696e-03 2.051031821148615078e-09 6.574492947951300083e-12
3.118674177412095096e-03 2.041547020194987779e-09 6.656906205592705833e-12
3.154786722400964704e-03 2.033920181299060598e-09 6.395492886654982392e-12
3.191317430952740879e-03 2.030529613957663153e-09 6.685192158898375387e-12
3.228271145173277484e-03 2.040487287315322019e-09 6.587835980452516535e-12
3.265652763237360864e-03 2.035734234642317493e-09 6.475402568879438946e-12
3.303467240037981714e-03 2.049936627263725553e-09 6.754891238135484752e-12
3.341719587843074071e-03 2.037143406163968469e-09 6.513516585251775548e-12
3.380414876959909193e-03 2.031668306199216749e-09 6.535677575379062876e-12
3.419558236407146089e-03 2.044334276154802275e-09 6.724072506794139922e-12
3.459154854594680920e-03 2.024418390279694569e-09 6.554680701990117487e-12
3.499209980011365115e-03 2.039721513926879453e-09 6.530363038036908669e-12
3.539728921920689761e-03 2.052166051281818453e-09 6.692048771148087312e-12
3.580717051064509580e-03 2.024928962118073998e-09 6.609136065595315100e-12
3.622179800374952623e-03 2.043438385115412654e-09 6.519205488695466894e-12
3.664122665694521767e-03 2.043889691787085793e-09 6.672994492511893783e-12
3.706551206504587938e-03 2.047412922295450855e-09 6.702545717103477304e-12
3.749471046662278522e-03 2.041643563571058781e-09 6.529037684528223286e-12
3.792887875145917534e-03 2.046014217739456245e-09 6.587601740867144216e-12
3.836807446809092133e-03 2.051883345652064060e-09 6.751737346587323152e-12
3.881235583143459109e-03 2.040497546387986588e-09 6.714486814874889031e-12
3.926178173050358551e-03 2.030149301277775515e-09 6.573577936182349718e-12
3.971641173621410364e-03 2.042024640222592583e-09 6.580054073779841900e-12
4.017630610928087966e-03 2.047950077119671587e-09 6.730056196038264429e-12
4.064152580820497296e-03 2.052222965593141073e-09 6.810753784576463006e-12
4.111213249735355506e-03 2.052288750401044631e-09 6.672490670138887703e-12
4.158818855513353625e-03 2.048119498872190108e-09 6.578597156560928663e-12
4.206975708225973477e-03 2.054243625421223993e-09 6.587770554968107165e-12
4.255690191011879397e-03 2.046368010697573263e-09 6.691538910809818945e-12
4.304968760923003589e-03 2.053986826019042341e-09 6.771311977810428609e-12
4.354817949780402306e-03 2.043658597908864169e-09 6.797438462321989848e-12
4.405244365040072822e-03 2.052810818972610246e-09 6.695340031126972072e-12
4.456254690668728577e-03 2.047718622913488204e-09 6.672822265960553641e-12
4.507855688029784036e-03 2.044463512472660309e-09 6.603853360349600513e-12
4.560054196779547535e-03 2.061019208010612821e-09 6.604920477838573229e-12
4.612857135773813788e-03 2.050441911506544290e-09 6.666589305568218972e-12
4.666271503984952343e-03 2.055895980441506188e-09 6.711770707467743541e-12
4.720304381429616877e-03 2.052346205264091267e-09 6.752374513600419628e-12
4.774962930107178559e-03 2.051836728189727566e-09 6.783533037742266188e-12
4.830254394949070815e-03 2.044408700707697242e-09 6.803105777745152811e-12
4.886186104779055052e-03 2.049622650553532534e-09 6.803828979410283389e-12
4.942765473284694427e-03 2.054622511326503121e-09 6.829177618519876805e-12
4.999999999999999237e-03 2.054554907436996441e-09 6.812344241548309213e-12
5.057897271299491120e-03 2.046395973866954306e-09 6.808604029555140441e-12
5.116464961403772820e-03 2.049416332706546266e-09 6.813922270231917904e-12
5.175710833396719723e-03 2.048180246949826427e-09 6.825776024738628849e-12
5.235642740254497010e-03 2.050364602228473951e-09 6.828937213172248015e-12
5.296268625886442309e-03 2.049514513767609083e-09 6.827770930894928308e-12
5.357596526188035044e-03 2.049033086407321561e-09 6.827774076559823555e-12
5.419634570106018380e-03 2.051560847559158507e-09 6.815451982595042666e-12
5.482390980715924449e-03 2.055120234767801039e-09 6.778661397138432605e-12
5.545874076312003707e-03 2.049391556702243497e-09 6.758323577154757299e-12
5.610092271509814314e-03 2.053326034700932228e-09 6.697197672513741101e-12
5.675054078361576465e-03 2.054017662275152235e-09 6.689336819244268114e-12
5.740768107484413990e-03 2.048078569295992643e-09 6.681161969496196383e-12
5.807243069201712196e-03 2.054395149322750385e-09 6.735156114638113984e-12
5.874487774697644861e-03 2.052275330193085410e-09 6.830468702358015390e-12
5.942511137185094161e-03 2.051366866283015150e-09 6.835936755999430510e-12
6.011322173087065013e-03 2.050507872048731585e-09 6.781895791585369115e-12
6.080930003231838424e-03 2.048384756964250482e-09 6.725504035896654450e-12
6.151343854061905488e-03 2.050479891905794624e-09 6.710065922104629934e-12
6.222573058856927485e-03 2.050496619124013808e-09 6.792526219004953761e-12
6.294627058970836582e-03 2.052216203540203775e-09 6.855246074384782857e-12
6.367515405083306983e-03 2.054390686967786191e-09 6.781709074949735914e-12
6.441247758465666780e-03 2.052929602440970427e-09 6.717179491903617531e-12
6.515833892261499449e-03 2.046155060391499426e-09 6.799620981256716825e-12
6.591283692782036463e-03 2.049940302517280329e-09 6.859413398216864459e-12
6.667607160816619444e-03 2.056572320874442050e-09 6.729873173401439634e-12
6.744814412958265691e-03 2.050508891113626230e-09 6.772791084415496491e-12
6.822915682944625040e-03 2.042328248120156969e-09 6.859750310876167218e-12
6.901921323014425201e-03 2.053472031939936324e-09 6.747449511222833147e-12
6.981841805279687466e-03 2.049893345553699143e-09 6.806318287650875485e-12
7.062687723113769168e-03 2.047391290367133834e-09 6.849989565991397823e-12
7.144469792555517389e-03 2.050070804258446542e-09 6.741621004627791463e-12
7.227198853729638849e-03 2.050788647016499419e-09 6.868724418708888321e-12
7.310885872283590450e-03 2.050063417454078474e-09 6.768283731424201337e-12
7.395541940841034688e-03 2.045511788578323661e-09 6.826145004688774641e-12
7.481178280472170448e-03 2.056501417493059788e-09 6.808091807847312780e-12
7.567806242181042420e-03 2.054111950352820504e-09 6.812759155695206429e-12
7.655437308410150896e-03 2.041568338058797830e-09 6.818994028852016644e-12
7.744083094562404478e-03 2.043429378267258008e-09 6.811188046698486568e-12
7.833755350540741805e-03 2.046246774421324965e-09 6.825090635660163633e-12
7.924465962305568892e-03 2.043065589070856202e-09 6.855336207335681198e-12
8.016226953450207235e-03 2.040885106024332475e-09 6.781221095603847142e-12
8.109050486794647586e-03 2.048079758157131334e-09 6.876489821490890840e-12
8.202948865997691796e-03 2.048271370642845587e-09 6.780712955108564247e-12
8.297934537187806256e-03 2.044820655948088464e-09 6.847643693628125361e-12
8.394020090612802285e-03 2.034142860267317570e-09 6.859455379596818048e-12
8.491218262308719913e-03 2.049334746253564030e-09 6.780327609447529343e-12
8.589541935787939342e-03 2.043949926143775033e-09 6.858888485669342276e-12
8.689004143746880890e-03 2.043296684663113515e-09 6.858496891573819814e-12
8.789618069793463453e-03 2.042396251842242007e-09 6.794123212637674651e-12
8.891397050194612892e-03 2.046738379148606701e-09 6.827522773854614516e-12
8.994354575643936575e-03 2.043210299096855785e-09 6.884310851223406853e-12
9.098504293049921449e-03 2.046924995068569778e-09 6.873561172371020001e-12
9.203860007344778771e-03 2.038615106961315283e-09 6.824783623359078035e-12
9.310435683314336255e-03 2.045437496348460765e-09 6.803352631389037216e-12
9.418245447449000163e-03 2.043152159609017395e-09 6.832147887287391274e-12
9.527303589816240106e-03 2.041190714341592812e-09 6.879875529640867549e-12
9.637624565954681574e-03 2.042247816924401719e-09 6.905902275806988993e-12
9.749222998790225969e-03 2.036509329863581937e-09 6.898820817453953130e-12
9.862113680574265823e-03 2.032764049554289410e-09 6.892259866014172101e-12
9.976311574844401106e-03 2.042057724343736798e-09 6.887344002187600199e-12
1.009183181840780583e-02 2.037452283561707424e-09 6.872430481876764711e-12
1.020868972334764736e-02 2.041360101008146742e-09 6.870350951671404302e-12
1.032690077905264354e-02 2.039726039591296352e-09 6.874904354741306582e-12
1.044648065427019289e-02 2.042671604099887652e-09 6.889442516903546086e-12
1.056744519918323758e-02 2.039381216934385621e-09 6.902522548393227321e-12
1.068981044751116105e-02 2.040997134915774444e-09 6.907008389791528543e-12
1.081359261863509835e-02 2.042421751737438080e-09 6.905075532186285192e-12
1.093880811974775810e-02 2.037977187146748963e-09 6.874523944166523131e-12
1.106547354802819155e-02 2.039570385176248384e-09 6.843938531982855545e-12
1.119360569284169951e-02 2.034227799295618937e-09 6.841671979262564889e-12
1.132322153796529694e-02 2.036744632206057076e-09 6.883952768967539361e-12
1.145433826383886015e-02 2.040997871964343548e-09 6.916723486067289686e-12
1.158697324984239718e-02 2.035050699439918628e-09 6.869867704287728645e-12
1.172114407659961138e-02 2.035751022255631492e-09 6.842681598278882912e-12
1.185686852830827517e-02 2.038113469436446870e-09 6.917367148481054066e-12
1.199416459509744862e-02 2.036750087468022283e-09 6.887994195010156969e-12
1.213305047541208236e-02 2.030670964478778645e-09 6.853020978222190767e-12
1.227354457842515408e-02 2.036656442351406205e-09 6.922005521910174004e-12
1.241566552647785024e-02 2.031648911318789781e-09 6.847675688136080579e-12
1.255943215754789545e-02 2.034009566251068196e-09 6.916470678958057109e-12
1.270486352774653077e-02 2.037050450765815237e-09 6.865566572968204742e-12
1.285197891384432141e-02 2.034185990461796849e-09 6.916652552881610765e-12
1.300079781582635929e-02 2.035448690616997941e-09 6.857424196442008285e-12
1.315133995947690738e-02 2.032806103175404233e-09 6.926461710004162369e-12
1.330362529899405469e-02 2.031805947800965766e-09 6.864209882375019374e-12
1.345767401963458149e-02 2.027821832851943615e-09 6.904783236857440445e-12
1.361350654038956387e-02 2.032374416984815335e-09 6.917823257939264130e-12
1.377114351669082859e-02 2.030092391295211050e-09 6.865494221113747636e-12
1.393060584314884456e-02 2.029070667349008757e-09 6.899959359053814158e-12
1.409191465632227136e-02 2.027853449883831630e-09 6.931597894187327992e-12
1.425509133751954628e-02 2.027671139706385625e-09 6.912414379750196677e-12
1.442015751563302701e-02 2.028336931461795048e-09 6.877955218939466945e-12
1.458713507000582686e-02 2.028414352090532497e-09 6.870393981058214304e-12
1.475604613333193239e-02 2.028397318942283943e-09 6.885419862959497497e-12
1.492691309458979952e-02 2.030644685951708946e-09 6.901472994071585837e-12
1.509975860201007852e-02 2.025993202706069817e-09 6.913733204691081906e-12
1.527460556607755995e-02 2.025845266318036918e-09 6.914110173627308728e-12
1.545147716256795728e-02 2.025498824409547439e-09 6.914472179921159355e-12
1.563039683561977602e-02 2.025072651302186530e-09 6.903215937229054547e-12
1.581138830084189567e-02 2.023926572485343024e-09 6.886424285860310028e-12
1.599447554845698227e-02 2.025753034575046233e-09 6.875560545351689398e-12
1.617968284648142047e-02 2.023516351713526283e-09 6.891516356851045487e-12
1.636703474394191060e-02 2.022699164024970735e-09 6.926028973497758358e-12
1.655655607412955324e-02 2.022959857416281100e-09 6.939414322434020597e-12
1.674827195789137593e-02 2.022900389578930321e-09 6.896683646794533903e-12
1.694220780696013492e-02 2.021865072840569996e-09 6.895985834627444881e-12
1.713838932732252365e-02 2.021176555122217902e-09 6.943097243119910915e-12
1.733684252262658251e-02 2.018717157178589913e-09 6.892000911496614001e-12
1.753759369762839665e-02 2.019309433512731528e-09 6.927837321197137466e-12
1.774066946167878259e-02 2.020081670848932270e-09 6.913406611600000217e-12
1.794609673225026555e-02 2.023863176346708206e-09 6.924097416223508363e-12
1.815390273850506567e-02 2.019197014868693614e-09 6.912094186809751180e-12
1.836411502490422828e-02 2.017256034716443663e-09 6.939672019356563918e-12
1.857676145485861671e-02 2.016441215598422007e-09 6.896387070632967193e-12
1.879187021442221481e-02 2.017039768284754875e-09 6.937645684825246829e-12
1.900946981602805522e-02 2.016571912948949574e-09 6.943527913889503896e-12
1.922958910226767529e-02 2.015619273728954571e-09 6.910765718583967522e-12
1.945225724971402087e-02 2.015763656718890745e-09 6.903119262715353475e-12
1.967750377278888047e-02 2.015399500190751297e-09 6.921353800079700104e-12
1.990535852767486361e-02 2.013601684438014024e-09 6.931722329697052618e-12
2.013585171627295042e-02 2.014080460466435277e-09 6.944235877943254775e-12
2.036901389020562628e-02 2.012817023176000127e-09 6.945800495840226673e-12
2.060487595486651738e-02 2.011107515191948388e-09 6.945275874751077715e-12
2.084346917351677375e-02 2.013243886110753642e-09 6.938078838065539097e-12
2.108482517142910850e-02 2.011183073660997067e-09 6.927505264185172416e-12
2.132897594007962527e-02 2.009771402797028327e-09 6.909695388359583732e-12
2.157595384138826997e-02 2.008822190042550307e-09 6.925569748461813829e-12
2.182579161200830231e-02 2.008965782036737623e-09 6.949829512858608448e-12
2.207852236766562337e-02 2.009299609798749644e-09 6.928612545803041634e-12
2.233417960754815329e-02 2.007292292322947397e-09 6.917909113232384267e-12
2.259279721874612665e-02 2.007315085503585879e-09 6.956681603684612136e-12
2.285440948074375297e-02 2.007078710379845373e-09 6.913825561328291088e-12
2.311905106996301265e-02 2.006605427554502632e-09 6.957437519537407553e-12
2.338675706435990390e-02 2.005124141875441411e-09 6.918476847289056118e-12
2.365756294807403598e-02 2.005018514622092065e-09 6.950929599964740134e-12
2.393150461613192254e-02 2.003468795297313547e-09 6.950976231952987581e-12
2.420861837920496723e-02 2.004294473591235826e-09 6.922173026781492087e-12
2.448894096842230486e-02 2.003358157646662958e-09 6.925271930739953224e-12
2.477250954023949708e-02 2.004047308228424111e-09 6.941216107790203592e-12
2.505936168136362052e-02 2.002066596433977692e-09 6.955994952931459589e-12
2.534953541373521912e-02 2.001133588596785039e-09 6.956754117221452595e-12
2.564306919956823791e-02 2.001049052802106522e-09 6.959782354458134946e-12
2.594000194644804566e-02 2.000609312068597775e-09 6.955418217239748586e-12
2.624037301248863946e-02 1.999777846062213345e-09 6.941061037598561018e-12
2.654422221154941960e-02 1.998042294192417205e-09 6.925685081997986889e-12
2.685158981851263130e-02 1.996665165725926842e-09 6.937918305006266113e-12
2.716251657462165001e-02 1.997747317320516020e-09 6.959966325605769422e-12
2.747704369288123810e-02 1.998045343247785363e-09 6.936067300211750569e-12
2.779521286352018214e-02 1.995832462399561127e-09 6.947023673610784209e-12
2.811706625951744878e-02 1.997142461242411001e-09 6.943914200467812687e-12
2.844264654219205712e-02 1.994543593152998346e-09 6.952672881461836539e-12
2.877199686685785740e-02 1.994052575658826765e-09 6.930295475072296593e-12
2.910516088854357350e-02 1.993695430385819746e-09 6.969474634557471012e-12
2.944218276777944496e-02 1.992659190370183107e-09 6.950373776065752908e-12
2.978310717645051009e-02 1.992245967036403832e-09 6.942929535365566975e-12
3.012797930371790070e-02 1.991624983777199550e-09 6.933020525694956294e-12
3.047684486200846407e-02 1.990674734268413975e-09 6.933415195796896804e-12
3.082975009307410696e-02 1.991024047163008794e-09 6.934706213703407516e-12
3.118674177412095183e-02 1.989960317550726272e-09 6.916813356381223649e-12
3.154786722400967913e-02 1.988973968500757176e-09 6.972114282886850798e-12
3.191317430952744089e-02 1.988358310354302618e-09 6.965113991540218576e-12
3.228271145173277484e-02 1.988722477510825373e-09 6.947081099071045626e-12
3.265652763237360950e-02 1.988007036679619774e-09 6.949755509254254650e-12
3.303467240037978592e-02 1.985799816995598054e-09 6.962466019869520945e-12
3.341719587843074157e-02 1.985803363969198856e-09 6.947930566387486127e-12
3.380414876959909193e-02 1.985182039326796115e-09 6.951310541280568506e-12
3.419558236407145568e-02 1.984358055446609786e-09 6.966059709948601125e-12
3.459154854594680834e-02 1.984268981467655621e-09 6.954262737259250719e-12
3.499209980011368931e-02 1.983094948516493706e-09 6.941856520077623952e-12
3.539728921920690108e-02 1.982650895668851139e-09 6.942637911947884807e-12
3.580717051064510187e-02 1.982329789453934044e-09 6.943664525085160533e-12
3.622179800374948633e-02 1.981172824249619556e-09 6.940514990501160230e-12
3.664122665694521941e-02 1.980100306439866914e-09 6.949092208120278882e-12
3.706551206504588025e-02 1.979626175038369743e-09 6.967784271761410254e-12
3.749471046662278956e-02 1.978332674839846828e-09 6.961231388020041957e-12
3.792887875145917187e-02 1.980362214713401788e-09 6.948991785810688052e-12
3.836807446809096384e-02 1.977203747620048052e-09 6.969334218304660138e-12
3.881235583143459456e-02 1.976124917580869760e-09 6.955316071861743853e-12
3.926178173050358378e-02 1.976850831690679033e-09 6.950393611539841115e-12
3.971641173621406201e-02 1.975381397144023989e-09 6.967777623209285104e-12
4.017630610928087792e-02 1.975109802691378694e-09 6.971888079099985927e-12
4.064152580820497296e-02 1.974341261523770351e-09 6.970005523951603045e-12
4.111213249735355679e-02 1.973630383837796243e-09 6.970166386686431426e-12
4.158818855513353452e-02 1.972939792339839293e-09 6.968035711529215716e-12
4.206975708225977467e-02 1.970859695844513708e-09 6.965460273410087217e-12
4.255690191011883561e-02 1.970287673590635104e-09 6.953321766626717954e-12
4.304968760923003068e-02 1.970986687129279997e-09 6.971687495156239071e-12
4.354817949780401959e-02 1.970996408447296636e-09 6.950743704624179177e-12
4.405244365040068139e-02 1.969848011733779872e-09 6.966212405530537484e-12
4.456254690668728924e-02 1.964557307183696822e-09 6.967414984529861544e-12
4.507855688029784730e-02 1.970844653725874620e-09 6.954371024449118481e-12
4.560054196779547708e-02 1.967566632692046214e-09 6.952673859296391998e-12
4.612857135773813788e-02 1.967302729495148078e-09 6.953304453147365293e-12
4.666271503984956853e-02 1.963793069214235209e-09 6.961023267113067555e-12
4.720304381429617224e-02 1.966433270448145042e-09 6.972771335823099264e-12
4.774962930107178732e-02 1.965181660697486533e-09 6.956851237314081964e-12
4.830254394949064917e-02 1.963087721297792064e-09 6.956235810564019985e-12
4.886186104779054878e-02 1.963068364987585653e-09 6.967958562254827489e-12
4.942765473284694427e-02 1.970931663523620549e-09 6.965818310234919913e-12
4.999999999999999584e-02 1.961858232085092637e-09 6.958193512381849556e-12
5.057897271299490599e-02 1.961650823360211627e-09 6.958230571319600276e-12
5.116464961403772993e-02 1.960544220491328032e-09 6.956877954412556372e-12
5.175710833396719723e-02 1.960740206862471985e-09 6.940703465362119318e-12
5.235642740254496663e-02 1.958653219281535659e-09 6.970719079205594119e-12
5.296268625886442483e-02 1.958990698770319392e-09 6.970894974492600668e-12
5.357596526188034697e-02 1.957659888514059537e-09 6.958366412296958981e-12
5.419634570106018900e-02 1.957310101912469046e-09 6.974263260762039084e-12
5.482390980715924622e-02 1.957874445790712114e-09 6.973116171268847853e-12
5.545874076312003881e-02 1.955438690525584954e-09 6.951892920150294846e-12
5.610092271509820039e-02 1.955929301220016617e-09 6.962360083860574418e-12
5.675054078361576465e-02 1.954526385796512268e-09 6.972825512432449193e-12
5.740768107484413990e-02 1.953716244071875925e-09 6.972812448528283579e-12
5.807243069201712543e-02 1.952245127249810345e-09 6.970853111579893752e-12
5.874487774697650933e-02 1.951534232137618136e-09 6.970244380344051335e-12
5.942511137185094161e-02 1.950779757422140761e-09 6.937834663737196432e-12
6.011322173087065013e-02 1.950616756590785934e-09 6.975042406671339177e-12
6.080930003231838771e-02 1.950101012677872606e-09 6.976777272045404280e-12
6.151343854061904620e-02 1.949238749695130794e-09 6.977904535365510288e-12
6.222573058856927658e-02 1.950263081027371467e-09 6.971353805594740227e-12
6.294627058970836408e-02 1.947840096419294978e-09 6.969971150629177377e-12
6.367515405083307156e-02 1.947258099003347005e-09 6.971509190255800258e-12
6.441247758465666606e-02 1.946163557499052056e-09 6.965002670870579720e-12
6.515833892261499449e-02 1.948966851180435508e-09 6.975921405703339265e-12
6.591283692782036463e-02 1.944651577188539974e-09 6.978049976943317995e-12
6.667607160816618750e-02 1.943956449938523607e-09 6.976506263420580522e-12
6.744814412958265171e-02 1.942805871731230955e-09 6.975334153579467690e-12
6.822915682944624693e-02 1.943044478806033487e-09 6.965764916699486519e-12
6.901921323014424681e-02 1.942211576690485590e-09 6.978086051879812318e-12
6.981841805279687119e-02 1.937286886288787220e-09 6.967906256561268713e-12
7.062687723113769689e-02 1.940359176365658910e-09 6.961875870972333863e-12
7.144469792555517562e-02 1.940468334620539731e-09 6.969068892215203004e-12
7.227198853729638328e-02 1.939189748853921123e-09 6.966362875516950177e-12
7.310885872283590103e-02 1.937510686014276783e-09 7.009857843622850009e-12
7.395541940841035555e-02 1.932876761315108493e-09 6.972635235341835034e-12
7.481178280472171316e-02 1.936057249166469933e-09 6.976982064428510613e-12
7.567806242181042420e-02 1.934881988327104362e-09 6.971550940733741690e-12
7.655437308410149855e-02 1.936521422927506304e-09 6.966323082364123941e-12
7.744083094562405345e-02 1.934494019162298194e-09 6.971731538120400302e-12
7.833755350540749784e-02 1.934182042243382915e-09 6.980253331445618091e-12
7.924465962305569933e-02 1.933508010712128787e-09 6.971661561289124204e-12
8.016226953450207582e-02 1.932158358784398336e-09 6.978963895327689910e-12
8.109050486794648627e-02 1.933220542296863836e-09 6.983291678712036796e-12
8.202948865997693184e-02 1.930884279100046824e-09 6.978964405062259417e-12
8.297934537187805215e-02 1.929251067796587864e-09 6.979147702138398086e-12
8.394020090612802631e-02 1.929650628533914145e-09 6.970439198689963485e-12
8.491218262308720954e-02 1.927420027852281662e-09 6.980695500228468012e-12
8.589541935787935178e-02 1.929929308710286253e-09 6.979525644103951672e-12
8.689004143746879849e-02 1.926080095191849799e-09 6.977254732705279376e-12
8.789618069793464494e-02 1.926429017303933123e-09 6.979646037303354153e-12
8.891397050194613239e-02 1.923099325164955013e-09 6.975088857637567876e-12
8.994354575643935534e-02 1.925146635688405057e-09 6.978470179467667466e-12
9.098504293049920755e-02 1.924984437271867799e-09 6.974878980872947691e-12
9.203860007344780159e-02 1.924382767889209675e-09 6.977757606041423640e-12
9.310435683314335908e-02 1.928965344621223300e-09 6.984426822338686271e-12
9.418245447449000163e-02 1.920386595143879438e-09 6.965250724605671175e-12
9.527303589816239759e-02 1.921641880807397444e-09 6.977625415605803296e-12
9.637624565954681921e-02 1.921170784816843577e-09 6.974386672516316127e-12
9.749222998790225969e-02 1.919408195062548106e-09 6.976961492509928271e-12
9.862113680574266517e-02 1.920672807452277564e-09 6.983295248008152746e-12
9.976311574844402841e-02 1.918300804263548333e-09 6.973465153378476837e-12
1.009183181840780791e-01 1.917472469781036233e-09 6.977026288230653407e-12
1.020868972334764702e-01 1.917357820521675818e-09 6.977380908243413006e-12
1.032690077905264459e-01 1.921048816893249635e-09 6.975731692572134967e-12
1.044648065427020295e-01 1.914926971672475312e-09 6.977495648660931124e-12
1.056744519918323688e-01 1.914169430272073727e-09 6.963538388941257518e-12
1.068981044751116105e-01 1.912412351864541140e-09 6.982413918121199727e-12
1.081359261863509835e-01 1.912850825025687599e-09 6.975434616394155219e-12
1.093880811974775741e-01 1.906044802864496317e-09 6.978681764838815331e-12
1.106547354802819155e-01 1.900078841561097149e-09 6.977064652527257317e-12
1.119360569284169882e-01 1.912151186808785159e-09 6.985062700517670942e-12
1.132322153796529590e-01 1.911675859655398545e-09 6.978288781401625729e-12
1.145433826383886050e-01 1.908839230141622709e-09 6.968801880262471585e-12
1.158697324984239718e-01 1.908291553346390096e-09 6.977609233375899363e-12
1.172114407659961138e-01 1.908439842933878306e-09 6.982306429321073500e-12
1.185686852830827448e-01 1.906921356725157758e-09 6.981414788480269785e-12
1.199416459509744792e-01 1.905373275034578029e-09 6.966553499988088718e-12
1.213305047541208270e-01 1.904639681697606199e-09 7.005764182244223455e-12
1.227354457842515373e-01 1.907514498481432828e-09 6.977874935688095256e-12
1.241566552647784955e-01 1.903855878776409963e-09 6.973880844805365381e-12
1.255943215754789510e-01 1.903801165344018731e-09 6.982520812674917683e-12
1.270486352774652938e-01 1.902074678046569961e-09 6.916680186913206308e-12
1.285197891384432245e-01 1.902048776436374406e-09 6.982652406522343476e-12
1.300079781582635929e-01 1.873050959272238221e-09 6.968249534936434051e-12
1.315133995947690704e-01 1.900696214578549053e-09 6.983374289537225095e-12
1.330362529899405399e-01 1.899657675660670103e-09 6.981639272147825623e-12
1.345767401963458287e-01 1.893330829584457435e-09 6.976750281830624340e-12
1.361350654038956109e-01 1.899222641092374879e-09 6.985172204473232678e-12
1.377114351669082859e-01 1.898878828271445969e-09 6.978087139676498155e-12
1.393060584314885775e-01 1.896912160992468177e-09 6.979561129574843589e-12
1.409191465632227414e-01 1.896076586411311902e-09 6.976887618264503757e-12
1.425509133751954594e-01 1.895428784533740834e-09 6.975681528908604989e-12
1.442015751563302528e-01 1.894464746416835520e-09 6.977116143592392262e-12
1.458713507000582721e-01 1.893896272645173440e-09 6.984063009755447597e-12
1.475604613333193205e-01 1.893032954320065041e-09 6.984881245391471396e-12
1.492691309458979709e-01 1.892059229528002741e-09 6.984377194737281226e-12
1.509975860201007714e-01 1.892043451740765076e-09 6.895359324542843598e-12
1.527460556607755926e-01 1.894006849251733231e-09 7.012639666104712657e-12
1.545147716256795867e-01 1.889571154731593536e-09 6.981120266709054217e-12
1.563039683561977533e-01 1.889666985748759610e-09 6.978942576024176442e-12
1.581138830084189428e-01 1.887882354270406170e-09 6.986229159898114421e-12
1.599447554845698505e-01 1.889366693218062628e-09 6.980343469303262161e-12
1.617968284648141630e-01 1.887489144822294183e-09 6.980613383239366760e-12
1.636703474394191060e-01 1.886301061767992015e-09 6.981202566032010774e-12
1.655655607412955255e-01 1.885484090285117792e-09 6.982319565932718590e-12
1.674827195789137801e-01 1.886842112586057929e-09 6.989219886319399923e-12
1.694220780696013562e-01 1.885284094746234295e-09 6.945473699817230652e-12
1.713838932732252018e-01 1.883592253659456129e-09 7.004589273993535795e-12
1.733684252262658043e-01 1.883940066375960552e-09 6.983762653448380705e-12
1.753759369762839526e-01 1.879957468610148687e-09 6.995796648858935266e-12
1.774066946167878189e-01 1.882000756255399678e-09 6.984844724508637605e-12
1.794609673225026625e-01 1.879979510465207249e-09 6.984057046883166431e-12
1.815390273850506775e-01 1.879169015193120711e-09 6.974907398737018319e-12
1.836411502490422898e-01 1.879380238474380764e-09 6.902550892629299737e-12
1.857676145485863684e-01 1.877854017700071666e-09 6.976214418239138973e-12
1.879187021442221273e-01 1.876960381038157718e-09 6.977178568177056807e-12
1.900946981602806007e-01 1.876423877140823263e-09 6.984825031018729101e-12
1.922958910226767459e-01 1.874943139716999249e-09 6.985007884039863040e-12
1.945225724971402226e-01 1.875421077236291527e-09 6.974630468587331991e-12
1.967750377278887908e-01 1.875717680044840857e-09 6.984595937109338533e-12
1.990535852767486291e-01 1.874365880102151699e-09 6.903096611894728765e-12
2.013585171627295112e-01 1.872918413738684244e-09 6.979307653223929098e-12
2.036901389020562836e-01 1.911298786801695402e-09 6.991573233834683255e-12
2.060487595486651669e-01 1.871533921366494242e-09 6.979587241941167616e-12
2.084346917351677375e-01 1.877305239395004542e-09 6.980938244103372057e-12
2.108482517142910850e-01 1.870022600704826664e-09 6.979900875452574298e-12
2.132897594007962527e-01 1.868895385504473928e-09 6.985571175423831475e-12
2.157595384138827066e-01 1.867166363069892859e-09 7.008729480780276188e-12
2.182579161200830231e-01 1.867654279893273742e-09 6.981490079218102939e-12
2.207852236766562337e-01 1.866700746531245405e-09 6.935376281882179602e-12
2.233417960754814913e-01 1.865947656276740196e-09 6.977853322265188727e-12
2.259279721874612734e-01 1.864573651433158477e-09 6.982067305158263577e-12
2.285440948074375644e-01 1.864200997863974133e-09 6.984156446705227306e-12
2.311905106996301473e-01 1.864829265460210200e-09 6.985076004824475258e-12
2.338675706435990320e-01 1.861645826217043233e-09 6.985068924097447429e-12
2.365756294807403459e-01 1.879919296445727787e-09 6.992199588965882991e-12
2.393150461613192392e-01 1.861506006919858082e-09 6.982959153559045841e-12
2.420861837920496584e-01 1.857104392681315511e-09 6.994036176479050803e-12
2.448894096842230417e-01 1.859729062265369660e-09 6.989270635727860180e-12
2.477250954023952345e-01 1.862764479428703975e-09 6.980790453734385678e-12
2.505936168136362330e-01 1.858545350274302732e-09 6.983030439558470290e-12
2.534953541373521912e-01 1.844629758396507523e-09 6.972958780362019704e-12
2.564306919956823583e-01 1.857093243637080897e-09 6.959310001763262460e-12
2.594000194644804358e-01 1.856370408821207902e-09 6.993013157721116396e-12
2.624037301248863807e-01 1.856522476987703306e-09 6.989175693091707263e-12
2.654422221154941752e-01 1.854531930556927803e-09 6.934938127340421575e-12
2.685158981851263338e-01 1.853130286374857638e-09 7.031952582375135084e-12
2.716251657462164792e-01 1.849685241135060072e-09 6.985820888422875798e-12
2.747704369288123671e-01 1.849193712434905483e-09 6.947099412130481111e-12
2.779521286352018006e-01 1.852454913810360448e-09 6.985994761666234381e-12
2.811706625951744809e-01 1.850589905022660207e-09 6.984474693849301769e-12
2.844264654219206268e-01 1.852446098849582791e-09 6.980890492259374731e-12
2.877199686685785740e-01 1.848712747852611798e-09 6.978546090981744713e-12
2.910516088854357419e-01 1.848405514412789454e-09 6.994350751183525020e-12
2.944218276777944565e-01 1.847654019170589767e-09 6.983753747270577970e-12
2.978310717645051287e-01 1.848608667347635191e-09 6.996540421933443394e-12
3.012797930371790001e-01 1.846250836351649110e-09 6.973220795568046355e-12
3.047684486200846199e-01 1.845973871708332753e-09 6.979139646421984909e-12
3.082975009307410419e-01 1.845182901170891451e-09 6.988965107094582968e-12
3.118674177412095183e-01 1.841887695688247879e-09 7.053956945529672643e-12
3.154786722400967913e-01 1.842802015326581108e-09 6.978446560652118145e-12
3.191317430952743672e-01 1.841558764112389684e-09 6.980449935442904176e-12
3.228271145173277623e-01 1.841990304334980060e-09 6.978508724971635126e-12
3.265652763237361089e-01 1.842703298303244603e-09 6.972899258966358622e-12
3.303467240037981645e-01 1.841378481927470782e-09 6.984274647979712676e-12
3.341719587843073880e-01 1.836982058866780215e-09 6.984863873129834706e-12
3.380414876959909054e-01 1.837917002835122954e-09 6.983723078250156822e-12
3.419558236407146401e-01 1.837841165360215085e-09 6.995832998774586251e-12
3.459154854594680972e-01 1.836113419218601058e-09 7.015382192739008986e-12
3.499209980011368515e-01 1.838043445413996178e-09 6.991161433565220866e-12
3.539728921920690108e-01 1.834563876878139136e-09 6.992274510876150584e-12
3.580717051064509215e-01 1.833999179931180995e-09 6.984073809002450479e-12
3.622179800374948910e-01 1.832009530617612067e-09 6.982679375290507944e-12
3.664122665694521941e-01 1.832616208709602481e-09 6.986253053181859467e-12
3.706551206504588025e-01 1.831689259508641814e-09 6.980984897799081213e-12
3.749471046662278817e-01 1.831264225090909263e-09 6.984846568034875206e-12
3.792887875145917187e-01 1.830972915956939809e-09 6.795658240087161591e-12
3.836807446809096245e-01 1.831395884058735542e-09 6.984321456414312182e-12
3.881235583143459733e-01 1.828787928824612261e-09 6.982364284727628041e-12
3.926178173050358655e-01 1.831297663323140614e-09 6.990260127138542809e-12
3.971641173621406340e-01 1.829306373333528071e-09 6.984315740656433404e-12
4.017630610928087931e-01 1.827399176985697790e-09 6.980343257342328131e-12
4.064152580820497018e-01 1.827121961511978459e-09 6.981904237775160328e-12
4.111213249735354847e-01 1.825396483515575463e-09 6.988321130778111132e-12
4.158818855513353729e-01 1.825214020913162797e-09 6.981590165594458068e-12
4.206975708225977328e-01 1.823211174127402329e-09 7.051530457138663805e-12
4.255690191011883283e-01 1.823027725331768246e-09 6.979495365724587969e-12
4.304968760923003068e-01 1.819962404199995425e-09 7.036918558402330864e-12
4.354817949780401820e-01 1.819632161502540245e-09 6.978959864347512647e-12
4.405244365040072996e-01 1.823822458915263689e-09 6.984538832151520214e-12
4.456254690668728924e-01 1.822407283148808583e-09 6.978503210021766519e-12
4.507855688029784313e-01 1.820443810098469221e-09 6.972540245826304959e-12
4.560054196779547708e-01 1.822475706371388831e-09 6.982283664953189197e-12
4.612857135773818507e-01 1.818587687459496802e-09 6.981095214642485708e-12
4.666271503984956714e-01 1.817781194603235738e-09 6.983309910585964251e-12
4.720304381429617502e-01 1.813683622337876988e-09 6.948839184168838700e-12
4.774962930107178871e-01 1.815985139931074052e-09 6.984516621843615583e-12
4.830254394949065055e-01 1.817729777342476459e-09 6.982824751205258943e-12
4.886186104779055017e-01 1.815185774711328351e-09 6.989462780877644907e-12
4.942765473284694844e-01 1.813816048438259254e-09 6.984122694713009558e-12
5.000000000000000000e-01 1.811993019654506796e-09 6.982422660909658405e-12
5.235642740254498051e-01 1.818485533439402238e-09 6.985737519729604857e-12
5.482390980715924345e-01 1.821114159409541577e-09 7.136110151657572264e-12
5.740768107484414129e-01 1.803979433433370869e-09 6.980996807888381266e-12
6.011322173087064735e-01 1.801245341190866784e-09 6.981801321405022121e-12
6.294627058970836408e-01 1.798500940110862461e-09 7.137791907402814833e-12
6.591283692782035075e-01 1.794220167016188062e-09 6.834675893841997556e-12
6.901921323014423848e-01 1.896920446920169840e-09 7.071004269599386354e-12
7.227198853729637218e-01 1.785187527266587532e-09 6.978451780523913172e-12
7.567806242181041032e-01 1.788339041256807173e-09 6.981579937020941447e-12
7.924465962305567990e-01 1.781733439620471367e-09 6.978047230874112606e-12
8.297934537187803272e-01 1.781434431701342401e-09 6.987681110495216517e-12
8.689004143746876796e-01 1.776230434592970840e-09 6.992973670609366446e-12
9.098504293049917147e-01 1.774182614597912607e-09 7.033558986134006126e-12
9.527303589816236151e-01 1.771130470759259663e-09 7.031617014321637272e-12
9.976311574844397567e-01 1.768445596518314779e-09 6.984354062030155499e-12
1.044648065427019823e+00 1.768240918016454444e-09 6.993127296130308303e-12
1.093880811974776268e+00 1.763057578191940432e-09 6.982321026975928764e-12
1.145433826383886577e+00 1.758841486915648344e-09 6.982162295032591320e-12
1.199416459509745181e+00 1.756690759643018765e-09 6.950155390127284464e-12
1.255943215754790065e+00 1.748844855129021717e-09 6.979032162909061448e-12
1.315133995947690870e+00 1.753968357628111941e-09 6.980243414397915936e-12
1.377114351669083137e+00 1.745472684209964801e-09 6.718130251423976393e-12
1.442015751563302972e+00 1.747087914030382535e-09 7.030849933612848524e-12
1.509975860201008047e+00 1.804391393108098477e-09 6.981908552766646574e-12
1.581138830084189761e+00 1.736994264797279839e-09 6.980601933365766919e-12
1.655655607412955588e+00 1.735493922808754490e-09 6.976427060422896078e-12
1.733684252262658321e+00 1.732870955837865561e-09 6.968832947269159728e-12
1.815390273850506997e+00 1.730385857356461479e-09 6.985015360267430850e-12
1.900946981602805730e+00 1.726786864788601363e-09 6.984932758274352874e-12
1.990535852767486125e+00 1.721499603407851958e-09 6.976225179854286901e-12
2.084346917351676876e+00 1.719720446791473597e-09 6.979701367228131075e-12
2.182579161200830065e+00 1.717169911037553930e-09 6.920465398559719484e-12
2.285440948074375367e+00 1.961200705208043728e-09 6.978817022001792835e-12
2.393150461613192004e+00 1.717809822647348031e-09 6.986227816115064185e-12
2.505936168136361886e+00 1.709008321752134219e-09 6.983597958344574470e-12
2.624037301248862697e+00 1.705381180258334546e-09 6.962835207444175068e-12
2.747704369288122894e+00 1.699850770830622506e-09 6.978431332585953582e-12
2.877199686685784741e+00 1.702562783044729763e-09 6.986691270970734088e-12
3.012797930371788890e+00 1.884807914341954398e-09 6.977835486540369013e-12
3.154786722400966692e+00 1.693540484705750882e-09 6.977774345145097806e-12
3.303467240037980091e+00 1.729068548734848821e-09 8.331850656924032303e-12
3.459154854594682416e+00 1.685789515773900707e-09 6.973522241634355366e-12
3.622179800374950798e+00 1.692692302699856084e-09 6.977625394254466267e-12
3.792887875145919185e+00 1.674693872259189286e-09 6.974723187268760421e-12
3.971641173621408338e+00 1.679867641564702232e-09 6.983347013500113885e-12
4.158818855513356283e+00 1.659318020832616723e-09 6.983742558195582871e-12
4.354817949780404263e+00 1.665633963647697164e-09 6.963890792720291787e-12
4.560054196779547375e+00 1.669220598130115560e-09 7.618366715297363778e-12
4.774962930107179204e+00 1.667419073194460694e-09 6.963537783289064191e-12
5.000000000000000888e+00 1.664261188334234360e-09 6.977374775359963835e-12
6.294627058970835520e+00 1.649133653942327493e-09 6.980723610637354284e-12
7.924465962305567324e+00 1.635090341365892172e-09 6.973995823407149815e-12
9.976311574844396901e+00 1.619510212507551114e-09 6.941987915086414440e-12
1.255943215754790288e+01 1.606168329505018484e-09 6.973549327064209752e-12
1.581138830084189451e+01 1.592076333696666368e-09 6.978511769612933888e-12
1.990535852767486347e+01 1.577648767740919627e-09 7.142443610310124624e-12
2.505936168136362241e+01 1.591213661161444398e-09 6.962457321895827311e-12
3.154786722400966070e+01 1.549426381441801759e-09 6.967476493057323791e-12
3.971641173621406296e+01 1.533738383205635625e-09 6.959458126235460526e-12
4.999999999999998579e+01 1.525347428952387995e-09 6.933180075365208512e-12
