2.393150461613189841e-05 9.505598370076687150e-11 8.180768340893135804e-13
2.448894096842227708e-05 9.125686752886958046e-11 9.100415517603830340e-13
2.505936168136362570e-05 1.452278512772300274e-10 1.005659086509940393e-12
2.564306919956823707e-05 2.161081365171347856e-10 1.103702722840766776e-12
2.624037301248861295e-05 2.976510248611676778e-10 1.202972660365320878e-12
2.685158981851265889e-05 3.855913549396127102e-10 1.301494307194005337e-12
2.747704369288124057e-05 4.769250529866942136e-10 1.397943731618178911e-12
2.811706625951745350e-05 5.688844545020184503e-10 1.489569081695805879e-12
2.877199686685782864e-05 6.587911530768651838e-10 1.574514626166314331e-12
2.944218276777941324e-05 7.431247207964814061e-10 1.650038438719253531e-12
3.012797930371789620e-05 8.203933247770364873e-10 1.714329769647647974e-12
3.082975009307410534e-05 8.889954711651928887e-10 1.764638560230393326e-12
3.154786722400964650e-05 9.463594887776272635e-10 1.798839463896307056e-12
3.228271145173280656e-05 9.909355683587663450e-10 1.815061506459746431e-12
3.303467240037981687e-05 1.022677028176125100e-09 1.812066966009244920e-12
3.380414876959908759e-05 1.040243918754557378e-09 1.788669224763631169e-12
3.459154854594680595e-05 1.044527211398849156e-09 1.745209033570551648e-12
3.539728921920685885e-05 1.034951608890166152e-09 1.682272065506917686e-12
3.622179800374952406e-05 1.013997296254810924e-09 1.601856804472568776e-12
3.706551206504588155e-05 9.830421986306765566e-10 1.506985154852896443e-12
3.792887875145917236e-05 9.449756362855239462e-10 1.402709827254037571e-12
3.881235583143463039e-05 9.015247332646949177e-10 1.293583620461427899e-12
3.971641173621410364e-05 8.568236679369802806e-10 1.187336390442748548e-12
4.064152580820497269e-05 8.137727559376438031e-10 1.091377604867876690e-12
4.158818855513353842e-05 7.752140937268421648e-10 1.013817730158029421e-12
4.255690191011879072e-05 7.444524239607113528e-10 9.629843979932635879e-13
4.354817949780397373e-05 7.233247842328277793e-10 9.473503404581071147e-13
4.456254690668728712e-05 7.137364086210372807e-10 9.735928975694036351e-13
4.560054196779547508e-05 7.168240755467609754e-10 1.046961615712034140e-12
4.666271503984951611e-05 7.321224745406176098e-10 1.169955931776747916e-12
4.774962930107184414e-05 7.587245195933153238e-10 1.341935413113676948e-12
4.886186104779054808e-05 7.944991080959745338e-10 1.557888128642196868e-12
4.999999999999999562e-05 8.368924976280961577e-10 1.809477807756244021e-12
5.057897271299489764e-05 8.592852733620218939e-10 1.944512911346237563e-12
5.116464961403766531e-05 8.820053580285236258e-10 2.082908885824943731e-12
5.175710833396715576e-05 9.047661757963098082e-10 2.223123947477724547e-12
5.235642740254491996e-05 9.265383912165589817e-10 2.361795319541065593e-12
5.296268625886447188e-05 9.473578834855709670e-10 2.496766992290450466e-12
5.357596526188034176e-05 9.667295315947070329e-10 2.625944305903565489e-12
5.419634570106018624e-05 9.841941575656810893e-10 2.746205252160928119e-12
5.482390980715925750e-05 9.996871896850178759e-10 2.854786039259119056e-12
5.545874076312003680e-05 1.012765248989524585e-09 2.949823037407881829e-12
5.610092271509814368e-05 1.022993923909222786e-09 3.028244739845544881e-12
5.675054078361571342e-05 1.030662341555451431e-09 3.087986067170097555e-12
5.740768107484407919e-05 1.036082908178574079e-09 3.127985208933100209e-12
5.807243069201718186e-05 1.038220241220251869e-09 3.146648482949662549e-12
5.874487774697651393e-05 1.038468283320507109e-09 3.143782001150750508e-12
5.942511137185094486e-05 1.036394459354053409e-09 3.118993249176761096e-12
6.011322173087064877e-05 1.032731811640296681e-09 3.072226387315674495e-12
6.080930003231839372e-05 1.028197647361049933e-09 3.005074265655891416e-12
6.151343854061905325e-05 1.022206076103590789e-09 2.920213684405733254e-12
6.222573058856921034e-05 1.015967571429979890e-09 2.819314667025458577e-12
6.294627058970830402e-05 1.010024855091167928e-09 2.705867563859720407e-12
6.367515405083314138e-05 1.005112015070885695e-09 2.584157410084082391e-12
6.441247758465673719e-05 1.001484986047435355e-09 2.458430014838599195e-12
6.515833892261499124e-05 9.993138575695005472e-10 2.333282463535375811e-12
6.591283692782035650e-05 9.993773370670392904e-10 2.214392818401896741e-12
6.667607160816619769e-05 1.001830155974017177e-09 2.106988692993353443e-12
6.744814412958265366e-05 1.007046633092426334e-09 2.016057221279659278e-12
6.822915682944618535e-05 1.015074588926993992e-09 1.946495898274148935e-12
6.901921323014417829e-05 1.026057036544776128e-09 1.902765578814090879e-12
6.981841805279680852e-05 1.039214200858926840e-09 1.888556855097869668e-12
7.062687723113775782e-05 1.054770280290084667e-09 1.906680899916151658e-12
7.144469792555517389e-05 1.072331777694970674e-09 1.958242989650215665e-12
7.227198853729638578e-05 1.091112479227296110e-09 2.043561954975006045e-12
7.310885872283590017e-05 1.110743780144565443e-09 2.161645959992464855e-12
7.395541940841035122e-05 1.130460008463242853e-09 2.309212687798755129e-12
7.481178280472162371e-05 1.149836999058997998e-09 2.482179052018621283e-12
7.567806242181034505e-05 1.168201231163246371e-09 2.674977486034634340e-12
7.655437308410142656e-05 1.184327287009725654e-09 2.880509758965727122e-12
7.744083094562412067e-05 1.198553283238784426e-09 3.090559414644742179e-12
7.833755350540750207e-05 1.210324579193844401e-09 3.296276980406507854e-12
7.924465962305569597e-05 1.218861582271252544e-09 3.488838296939959358e-12
8.016226953450208102e-05 1.224980487822206901e-09 3.659091951813692273e-12
8.109050486794647857e-05 1.228037622664473013e-09 3.798970878912038038e-12
8.202948865997692718e-05 1.228590345336040656e-09 3.900879259917484585e-12
8.297934537187796715e-05 1.227012538813683651e-09 3.960219108951358978e-12
8.394020090612794207e-05 1.224334150216559327e-09 3.974660377848953578e-12
8.491218262308729617e-05 1.220811087607236916e-09 3.939315485980524186e-12
8.589541935787945305e-05 1.217198269582274454e-09 3.860407916468381331e-12
8.689004143746880239e-05 1.214443556385500655e-09 3.741352415501061937e-12
8.789618069793464267e-05 1.213399490897742810e-09 3.590427493386425491e-12
8.891397050194613488e-05 1.214458531462520080e-09 3.416871458032633989e-12
8.994354575643935166e-05 1.218131092811386214e-09 3.233491522937886655e-12
9.098504293049911853e-05 1.224883106899197681e-09 3.053827734949658819e-12
9.203860007344770748e-05 1.234567794146951597e-09 2.891718400080541064e-12
9.310435683314326931e-05 1.246996652723203587e-09 2.761613633868095159e-12
9.418245447449009216e-05 1.262250653203652583e-09 2.673926188704763034e-12
9.527303589816240703e-05 1.279015330388540873e-09 2.639283576822910667e-12
9.637624565954682279e-05 1.296755648138402358e-09 2.664107516956087212e-12
9.749222998790227921e-05 1.314658401930884182e-09 2.750180664142564086e-12
9.862113680574264088e-05 1.331432597572680290e-09 2.894044670675641049e-12
9.976311574844392432e-05 1.346939871753436725e-09 3.085502240043163773e-12
1.009183181840780691e-04 1.359716909145622539e-09 3.317682790367308148e-12
1.020868972334764650e-04 1.369699557156194041e-09 3.572663619129916739e-12
1.032690077905264468e-04 1.376439608764176422e-09 3.830721335463885656e-12
1.044648065427019234e-04 1.379747043644786251e-09 4.070704826860312204e-12
1.056744519918323541e-04 1.380753718399677079e-09 4.272664665280723490e-12
1.068981044751116051e-04 1.379100934913134509e-09 4.425731254706365950e-12
1.081359261863509960e-04 1.376623362135450115e-09 4.504867358397094154e-12
1.093880811974775648e-04 1.373676419716797690e-09 4.511965107900988698e-12
1.106547354802819166e-04 1.371868567547265118e-09 4.446864449411475576e-12
1.119360569284169843e-04 1.372090034106291335e-09 4.306390161940028496e-12
1.132322153796529580e-04 1.375063774349357483e-09 4.119086268811624590e-12
1.145433826383886162e-04 1.381049676543888362e-09 3.897037959637973415e-12
1.158697324984239751e-04 1.390325220504359008e-09 3.671557221072662947e-12
1.172114407659961160e-04 1.403273493091222639e-09 3.467426683620047142e-12
1.185686852830827555e-04 1.417897009123856243e-09 3.312238559937648118e-12
1.199416459509744813e-04 1.434348351472224125e-09 3.227962027306834939e-12
1.213305047541206945e-04 1.450444318160625169e-09 3.229556091296683470e-12
1.227354457842515364e-04 1.465842834401330400e-09 3.321935947525231879e-12
1.241566552647784948e-04 1.478723709625003481e-09 3.498738789385047479e-12
1.255943215754789502e-04 1.489880122661306533e-09 3.741129641881690842e-12
1.270486352774653110e-04 1.491133777272209270e-09 4.027937395174711785e-12
1.285197891384432108e-04 1.498650790154185219e-09 4.321339823426360518e-12
1.300079781582635788e-04 1.497175037102378688e-09 4.581817029936385955e-12
1.315133995947690435e-04 1.494742360602336086e-09 4.779247710046575184e-12
1.330362529899404168e-04 1.492069241918752472e-09 4.886493568420548616e-12
1.345767401963458062e-04 1.490462289028069508e-09 4.888278556250036373e-12
1.361350654038956073e-04 1.490941425142016635e-09 4.785986955084608688e-12
1.377114351669082826e-04 1.495105207816122604e-09 4.598277421619565473e-12
1.393060584314884456e-04 1.503240359941008190e-09 4.352136420685260760e-12
1.409191465632227234e-04 1.514832539610053796e-09 4.091930971811985810e-12
1.425509133751954596e-04 1.528702715074496611e-09 3.866788008317590231e-12
1.442015751563302745e-04 1.543618808556869233e-09 3.713516919855835215e-12
1.458713507000582675e-04 1.558369222363309300e-09 3.670101374370220576e-12
1.475604613333193413e-04 1.570930216973951656e-09 3.747463100013459497e-12
1.492691309458980017e-04 1.581197355042374585e-09 3.938854091568438022e-12
1.509975860201007907e-04 1.587887012833363571e-09 4.217379798875195759e-12
1.527460556607755941e-04 1.589732228081799238e-09 4.532493164894916089e-12
1.545147716256795760e-04 1.588336802056751228e-09 4.835001261500954660e-12
1.563039683561977700e-04 1.585215594960259507e-09 5.062127660685442630e-12
1.581138830084189426e-04 1.585927168137942129e-09 5.174504651558819514e-12
1.599447554845698401e-04 1.583964979670734588e-09 5.150747156317894457e-12
1.617968284648140247e-04 1.586751331717234867e-09 4.995495232172100540e-12
1.636703474394191234e-04 1.595452084326250213e-09 4.746890479465955855e-12
1.655655607412955237e-04 1.606811318730586343e-09 4.460891853829704313e-12
1.674827195789137821e-04 1.620870935586769807e-09 4.214007698205913126e-12
1.694220780696013395e-04 1.635483835707489898e-09 4.054342643071440055e-12
1.713838932732252138e-04 1.647578082176863859e-09 4.041123907642556627e-12
1.733684252262658175e-04 1.656574169602941275e-09 4.180836486867242957e-12
1.753759369762839622e-04 1.661384849257860586e-09 4.445956853221772732e-12
1.774066946167876340e-04 1.662447448245465338e-09 4.786380601163058745e-12
1.794609673225026631e-04 1.660437287688499438e-09 5.100079490791034115e-12
1.815390273850506729e-04 1.657181858520436176e-09 5.324349254431047404e-12
1.836411502490422785e-04 1.655697217751177780e-09 5.397853117655342428e-12
1.857676145485863753e-04 1.660276020762072226e-09 5.302282632909213242e-12
1.879187021442221307e-04 1.667834457580817896e-09 5.063992767460336867e-12
1.900946981602805912e-04 1.678854795118565387e-09 4.764444821633925217e-12
1.922958910226767713e-04 1.692100466862331060e-09 4.488701012951050750e-12
1.945225724971402217e-04 1.705084217988533790e-09 4.328446225750374026e-12
1.967750377278886019e-04 1.714937574042770183e-09 4.353755378819176470e-12
1.990535852767486491e-04 1.718531617633048360e-09 4.557404698132119786e-12
2.013585171627295032e-04 1.720454727136426417e-09 4.876225196038306273e-12
2.036901389020562758e-04 1.719403517152437403e-09 5.224441887069924829e-12
2.060487595486651640e-04 1.717795413703749818e-09 5.482788344980997383e-12
2.084346917351677527e-04 1.717387208875712636e-09 5.568171909710115265e-12
2.108482517142911186e-04 1.721484278682368052e-09 5.451568904432548827e-12
2.132897594007962582e-04 1.731255884395131877e-09 5.183220403636372033e-12
2.157595384138824807e-04 1.742022369125814600e-09 4.863706381928317399e-12
2.182579161200830003e-04 1.754279978473115971e-09 4.620225883021527885e-12
2.207852236766562250e-04 1.762616843478970122e-09 4.565514653392569665e-12
2.233417960754814700e-04 1.769117200351859186e-09 4.724278278701955100e-12
2.259279721874612925e-04 1.769386078804533080e-09 5.037637315386028707e-12
2.285440948074375753e-04 1.768915611962723833e-09 5.404002581518074041e-12
2.311905106996301417e-04 1.766329120361289381e-09 5.653284456128580819e-12
2.338675706435990400e-04 1.767534525938958553e-09 5.694893138072005465e-12
2.365756294807400931e-04 1.774215285931632727e-09 5.491719562209825707e-12
2.393150461613192145e-04 1.784203773886466484e-09 5.183335023460435491e-12
2.420861837920496669e-04 1.796211640259672270e-09 4.889543837372243387e-12
2.448894096842230486e-04 1.805247525003173047e-09 4.766212025429318150e-12
2.477250954023952571e-04 1.809962145508357871e-09 4.889111566955502598e-12
2.505936168136362096e-04 1.810135827072362916e-09 5.201731080414152074e-12
2.534953541373522129e-04 1.808572512766886377e-09 5.570342986488588715e-12
2.564306919956823639e-04 1.809450031112764431e-09 5.795533684826626731e-12
2.594000194644804458e-04 1.812763243146956955e-09 5.768073202516197704e-12
2.624037301248860888e-04 1.820626253197020800e-09 5.520720883517975588e-12
2.654422221154941939e-04 1.829527007978595066e-09 5.163027891146620132e-12
2.685158981851263043e-04 1.837322172257838874e-09 4.951844614045756882e-12
2.716251657462165044e-04 1.844292285608090859e-09 4.978764274157215366e-12
2.747704369288123854e-04 1.847296858258367387e-09 5.278103280331993071e-12
2.779521286352018127e-04 1.842667906947163393e-09 5.668119311890435230e-12
2.811706625951744943e-04 1.842679349083353486e-09 5.888914839688020515e-12
2.844264654219206255e-04 1.845689976728116841e-09 5.857885074773102275e-12
2.877199686685782661e-04 1.865541423630110934e-09 5.558239655138919890e-12
2.910516088854357393e-04 1.866634983218626403e-09 5.229164688884219491e-12
2.944218276777944713e-04 1.878170498315571682e-09 5.080161005991223340e-12
2.978310717645051204e-04 1.874429043734390806e-09 5.249196469321775341e-12
3.012797930371790027e-04 1.872237243412879222e-09 5.627232298538981095e-12
3.047684486200846234e-04 1.870608760842682673e-09 5.932394745700847759e-12
3.082975009307410805e-04 1.870205086035825571e-09 5.977488214587271113e-12
3.118674177412095313e-04 1.893479125757998215e-09 5.707488141130133901e-12
3.154786722400964379e-04 1.889265376540372227e-09 5.347067963105250427e-12
3.191317430952743915e-04 1.901890919611362319e-09 5.212883858812504869e-12
3.228271145173277810e-04 1.902318347944300662e-09 5.393044884450201039e-12
3.265652763237360972e-04 1.899506532827729993e-09 5.779522529616287233e-12
3.303467240037981823e-04 1.910278646912457506e-09 6.046651449118285564e-12
3.341719587843073962e-04 1.899001608310456813e-09 5.980849119163799527e-12
3.380414876959908759e-04 1.912943846637228121e-09 5.656109147330000865e-12
3.419558236407145655e-04 1.920356066802256074e-09 5.351333973724362945e-12
3.459154854594680595e-04 1.913686418775238347e-09 5.392574537050730771e-12
3.499209980011365223e-04 1.920720855591379694e-09 5.728860892580643887e-12
3.539728921920689544e-04 1.921620250466452840e-09 6.065700075224152957e-12
3.580717051064509363e-04 1.920748556297068298e-09 6.092581019206013866e-12
3.622179800374948611e-04 1.929800604089996896e-09 5.770952989757662931e-12
3.664122665694521551e-04 1.936140229777429568e-09 5.460438815205213239e-12
3.706551206504588155e-04 1.907559243280753305e-09 5.482875728807897793e-12
3.749471046662278739e-04 1.942899635433290138e-09 5.844999557005628461e-12
3.792887875145917642e-04 1.930947614171041839e-09 6.137678294836035819e-12
3.836807446809092350e-04 1.949430779072719903e-09 6.089869704679130513e-12
3.881235583143459109e-04 1.962806708776797770e-09 5.735720973036057017e-12
3.926178173050359310e-04 1.968577042861942646e-09 5.505536395704522899e-12
3.971641173621406028e-04 1.947991559227468245e-09 5.699162461153154002e-12
4.017630610928087857e-04 1.953579238262081244e-09 6.069772783161633061e-12
4.064152580820496862e-04 1.936906496481708245e-09 6.220538064713912317e-12
4.111213249735355723e-04 1.958914891315363459e-09 5.956387325813853532e-12
4.158818855513353842e-04 1.971049169425525914e-09 5.613149598805577387e-12
4.206975708225973477e-04 1.966412089363458090e-09 5.687737057789576055e-12
4.255690191011882867e-04 1.957052942738229057e-09 6.071476114614638841e-12
4.304968760923003155e-04 1.965466983257285078e-09 6.261176678929725350e-12
4.354817949780401981e-04 1.969855105234350680e-09 6.028185434629813103e-12
4.405244365040072280e-04 1.978464910753894441e-09 5.686277428073591523e-12
4.456254690668729119e-04 1.987138308559826384e-09 5.726403200208560732e-12
4.507855688029784470e-04 1.982373069713882648e-09 6.189425785225681652e-12
4.560054196779547643e-04 1.979579748589259829e-09 6.292112794889316219e-12
4.612857135773813463e-04 1.978502677918723094e-09 5.973229137798562816e-12
4.666271503984952018e-04 2.000747522969792906e-09 5.707911016096369095e-12
4.720304381429617636e-04 2.009987985561577905e-09 5.955189993460220607e-12
4.774962930107179535e-04 1.999657717537458787e-09 6.373294804291738702e-12
4.830254394949064418e-04 2.019260758554257022e-09 6.219160701574461483e-12
4.886186104779055486e-04 2.013738049119419828e-09 5.848390673389428728e-12
4.942765473284694211e-04 2.079046116018234864e-09 5.855530741843734022e-12
4.999999999999999020e-04 2.016136572272647146e-09 6.184830767448285349e-12
5.057897271299491120e-04 2.008597242367024039e-09 6.313969267065705365e-12
5.116464961403767615e-04 1.999763331921920524e-09 6.024732874556236949e-12
5.175710833396719507e-04 2.052261891855001376e-09 5.837605222671545416e-12
5.235642740254497010e-04 2.011517147331207239e-09 6.199652911142302384e-12
5.296268625886442309e-04 2.015451641807979387e-09 6.365844861972753790e-12
5.357596526188034176e-04 2.026170817640470381e-09 6.055614017573865067e-12
5.419634570106019031e-04 2.009561583729382921e-09 5.906322739140892262e-12
5.482390980715924666e-04 2.036686214423643005e-09 6.262541845273490735e-12
5.545874076312003274e-04 2.024143811164559684e-09 6.382744853332243274e-12
5.610092271509814097e-04 2.023861239729272699e-09 6.122420897056281287e-12
5.675054078361570394e-04 2.040528046067096968e-09 5.950950419992555983e-12
5.740768107484413340e-04 2.034431482673899329e-09 6.369445908333984160e-12
5.807243069201712630e-04 2.030017200647447007e-09 6.428150739973335312e-12
5.874487774697650716e-04 2.026008959379456586e-09 6.016647657002840052e-12
5.942511137185093944e-04 2.053849359149224410e-09 6.103097696067665763e-12
6.011322173087065013e-04 2.041540988169281003e-09 6.496731773276309630e-12
6.080930003231838424e-04 2.042512054040044869e-09 6.333223859422779227e-12
6.151343854061905054e-04 2.027439258535992672e-09 5.973325161289344018e-12
6.222573058856920762e-04 2.047038266307999631e-09 6.297085375933446195e-12
6.294627058970836365e-04 2.027304963015857074e-09 6.406619734119675807e-12
6.367515405083307633e-04 2.046929750361929574e-09 6.148220410654077058e-12
6.441247758465673719e-04 2.052632464713615900e-09 6.199151057826853734e-12
6.515833892261499666e-04 2.059962488444003491e-09 6.569529750894787719e-12
6.591283692782036463e-04 2.064197185971327317e-09 6.244979409030531453e-12
6.667607160816619227e-04 2.056554579280680874e-09 6.153543364610783950e-12
6.744814412958265908e-04 2.042193963859476070e-09 6.645369175999188049e-12
6.822915682944618535e-04 2.060353555847888293e-09 6.314147314113332353e-12
6.901921323014425418e-04 2.068661130455803440e-09 6.202458708710614399e-12
6.981841805279687899e-04 2.057907177221349187e-09 6.513998734203313260e-12
7.062687723113776324e-04 2.065031929992333243e-09 6.354554745492029780e-12
7.144469792555517389e-04 2.061542198706833988e-09 6.144810632896256337e-12
7.227198853729638849e-04 2.074849653725351836e-09 6.571425951795782134e-12
7.310885872283591101e-04 2.092283663296791098e-09 6.262176795106994083e-12
7.395541940841035122e-04 2.065951822294009784e-09 6.165148681302444871e-12
7.481178280472162642e-04 2.058294094020602930e-09 6.598794003874595055e-12
7.567806242181033963e-04 2.070930651729383408e-09 6.332477072377691269e-12
7.655437308410150245e-04 2.057824271306475974e-09 6.228132119081363636e-12
7.744083094562404478e-04 2.088381572986133120e-09 6.622665672943383851e-12
7.833755350540748310e-04 2.079081047871697520e-09 6.305689792266042470e-12
7.924465962305569326e-04 2.075063499673671403e-09 6.371876568962981181e-12
8.016226953450208102e-04 2.081339806274143139e-09 6.584132712564985869e-12
8.109050486794647586e-04 2.082076886394099588e-09 6.274436785128872066e-12
8.202948865997692447e-04 2.085360991553371973e-09 6.498819803738351352e-12
8.297934537187797799e-04 2.067389973309426281e-09 6.486416596795126075e-12
8.394020090612802068e-04 2.069424348164822693e-09 6.329778173368902696e-12
8.491218262308720130e-04 2.089415244059794072e-09 6.669830005433402966e-12
8.589541935787945847e-04 2.099174814937681810e-09 6.323078594453106701e-12
8.689004143746880239e-04 2.087441440055317481e-09 6.570833271267592303e-12
8.789618069793464538e-04 2.116467047497125715e-09 6.450356790711390349e-12
8.891397050194613759e-04 2.073868578547943451e-09 6.358495483253043737e-12
8.994354575643935708e-04 2.107479315913295692e-09 6.647412620888166910e-12
9.098504293049911040e-04 2.087104253287478043e-09 6.371765929239952217e-12
9.203860007344779421e-04 2.081844650936835968e-09 6.609909562999637490e-12
9.310435683314336689e-04 2.104340097773074927e-09 6.372531920988993142e-12
9.418245447449009487e-04 2.071829974967645928e-09 6.563149799060857831e-12
9.527303589816240974e-04 2.096608116597713663e-09 6.511489703191679608e-12
9.637624565954680924e-04 2.089385684262185984e-09 6.456845525497033099e-12
9.749222998790225752e-04 2.106003332426209775e-09 6.637188704240607620e-12
9.862113680574266256e-04 2.111849866133313147e-09 6.440945510760356948e-12
9.976311574844392432e-04 2.113484540066686872e-09 6.691989351181859818e-12
1.009183181840779715e-03 2.118939224962166709e-09 6.398245047447726238e-12
1.020868972334764650e-03 2.103090877770394851e-09 6.707615829315948598e-12
1.032690077905264441e-03 2.093560039730726787e-09 6.422462700383455187e-12
1.044648065427020373e-03 2.106948917547456835e-09 6.695353556857711556e-12
1.056744519918323758e-03 2.103319421998566415e-09 6.398078339150363037e-12
1.068981044751116105e-03 2.093945465232708399e-09 6.743306064171738500e-12
1.081359261863509879e-03 2.102041516297651310e-09 6.439414620394935853e-12
1.093880811974775810e-03 2.106204962515589207e-09 6.738241336374296587e-12
1.106547354802818028e-03 2.119137791264860552e-09 6.421831942292683075e-12
1.119360569284169951e-03 2.109480857133481423e-09 6.710401485091880754e-12
1.132322153796529608e-03 2.117080228405701067e-09 6.461804065779451358e-12
1.145433826383887273e-03 2.100416919808251264e-09 6.699453688299408874e-12
1.158697324984239805e-03 2.109985906227373827e-09 6.514442300219801410e-12
1.172114407659961268e-03 2.111389133352119796e-09 6.601513084967306224e-12
1.185686852830827474e-03 2.117749498685403106e-09 6.577181655300722599e-12
1.199416459509744732e-03 2.123629862917655686e-09 6.546800763158382826e-12
1.213305047541207108e-03 2.112821974489373920e-09 6.704333156585654760e-12
1.227354457842515364e-03 2.106028825624748065e-09 6.480469567350707374e-12
1.241566552647785111e-03 2.111321664795239275e-09 6.738878064463749949e-12
1.255943215754791020e-03 2.108728606162423169e-09 6.539587590186960336e-12
1.270486352774653164e-03 2.092761484637890951e-09 6.646912710149831597e-12
1.285197891384432054e-03 2.112951542007275003e-09 6.662229285309019054e-12
1.300079781582635843e-03 2.113611421897867297e-09 6.535032608148451363e-12
1.315133995947690652e-03 2.113052874859356077e-09 6.749242602235327886e-12
1.330362529899404168e-03 2.116408038809358388e-09 6.555032969307008487e-12
1.345767401963456761e-03 2.118280762057490513e-09 6.635828364872885800e-12
1.361350654038956127e-03 2.111887925297373492e-09 6.757076554738029307e-12
1.377114351669082772e-03 2.117349102504843574e-09 6.534646114946667377e-12
1.393060584314885974e-03 2.121124165400747972e-09 6.697917142841224933e-12
1.409191465632227396e-03 2.117373511190152658e-09 6.727360205238833943e-12
1.425509133751954758e-03 2.117742678358724892e-09 6.551987098137331610e-12
1.442015751563302745e-03 2.115336448705690605e-09 6.731039313595388242e-12
1.458713507000582730e-03 2.123166080784822484e-09 6.767406119232630928e-12
1.475604613333191895e-03 2.114665986173244754e-09 6.572220288494648138e-12
1.492691309458979909e-03 2.118985656524895590e-09 6.703337515456222914e-12
1.509975860201007852e-03 2.117628681957023064e-09 6.771865467396610452e-12
1.527460556607757730e-03 2.133340352004360062e-09 6.646071856761114249e-12
1.545147716256796032e-03 2.122094224494374438e-09 6.609703413335816682e-12
1.563039683561977646e-03 2.115693301600097327e-09 6.794735052554755960e-12
1.581138830084189697e-03 2.118635587290349498e-09 6.750441759910901529e-12
1.599447554845698618e-03 2.114713032334039905e-09 6.608138610877788715e-12
1.617968284648140355e-03 2.116084923472328015e-09 6.676360898694394108e-12
1.636703474394191234e-03 2.128146403079246447e-09 6.800310357350044933e-12
1.655655607412955237e-03 2.121535183093377693e-09 6.790119386791494562e-12
1.674827195789139501e-03 2.122198388995818490e-09 6.662567796247417902e-12
1.694220780696013232e-03 2.121524534314393799e-09 6.620480850831220554e-12
1.713838932732252192e-03 2.126094362346510424e-09 6.722898945513056671e-12
1.733684252262658121e-03 2.122416483541806884e-09 6.778565613632599439e-12
1.753759369762839622e-03 2.116659382226566865e-09 6.773287261845041930e-12
1.774066946167876394e-03 2.122488588821543806e-09 6.706120271907279795e-12
1.794609673225024734e-03 2.125524946219176047e-09 6.651221688878165872e-12
1.815390273850506784e-03 2.120937596983962980e-09 6.666967477396460547e-12
1.836411502490423002e-03 2.126450443758333297e-09 6.747942792063046949e-12
1.857676145485863753e-03 2.124785236278238097e-09 6.809265901426389542e-12
1.879187021442221307e-03 2.117966273697831940e-09 6.841323514563840046e-12
1.900946981602806129e-03 2.121291263832902307e-09 6.805908709812024992e-12
1.922958910226767659e-03 2.128430129927070609e-09 6.764220772364279928e-12
1.945225724971402217e-03 2.122275844848110030e-09 6.709711573602151394e-12
1.967750377278885965e-03 2.125796373831024970e-09 6.671502304252668120e-12
1.990535852767486274e-03 2.123468083794154672e-09 6.690770220899548880e-12
2.013585171627295303e-03 2.124737658648888734e-09 6.691156197802843668e-12
2.036901389020564709e-03 2.126850195108572100e-09 6.702276738108118031e-12
2.060487595486651911e-03 2.123476593776740518e-09 6.719000577876537822e-12
2.084346917351677202e-03 2.117124153528398775e-09 6.746527573444456712e-12
2.108482517142911024e-03 2.119529929687792174e-09 6.747141986639391478e-12
2.132897594007962527e-03 2.122523693424656285e-09 6.746570811695344775e-12
2.157595384138824915e-03 2.126011677123497846e-09 6.768623652506795865e-12
2.182579161200830058e-03 2.123731639521437895e-09 6.745635728701056757e-12
2.207852236766562250e-03 2.123810962991851546e-09 6.734126499311828243e-12
2.233417960754816977e-03 2.117723580694921698e-09 6.725278058330919935e-12
2.259279721874612925e-03 2.115692228384888049e-09 6.725960510863725719e-12
2.285440948074375644e-03 2.125849434354301285e-09 6.722626331876433516e-12
2.311905106996301525e-03 2.116787510979342099e-09 6.738782130782448586e-12
2.338675706435990129e-03 2.125652094612477796e-09 6.755395525854388629e-12
2.365756294807401256e-03 2.126535821799911896e-09 6.812339969469033828e-12
2.393150461613189652e-03 2.123995315381025055e-09 6.848058184196597645e-12
2.420861837920496723e-03 2.123317518313979864e-09 6.859774096787286143e-12
2.448894096842230486e-03 2.117542886476726297e-09 6.835858203236606767e-12
2.477250954023952571e-03 2.120339868433970270e-09 6.776590807849974269e-12
2.505936168136362312e-03 2.121732881430952853e-09 6.743740284772839909e-12
2.534953541373521912e-03 2.121233464920417525e-09 6.787112500908131600e-12
2.564306919956823531e-03 2.123922912311953041e-09 6.853646231235849505e-12
2.594000194644804566e-03 2.126616123523611904e-09 6.864153127580655862e-12
2.624037301248860997e-03 2.122288368984470875e-09 6.798568481955273972e-12
2.654422221154942047e-03 2.120709927694742044e-09 6.754187205351237693e-12
2.685158981851263043e-03 2.122420221486299989e-09 6.831668955084690039e-12
2.716251657462167863e-03 2.120755181973858144e-09 6.876521427195545636e-12
2.747704369288123637e-03 2.118212223946615428e-09 6.795324157152446318e-12
2.779521286352018127e-03 2.121688021910850712e-09 6.784905378569632675e-12
2.811706625951745052e-03 2.121219222078518434e-09 6.888958334061717166e-12
2.844264654219206146e-03 2.118892324115541501e-09 6.821893331663786024e-12
2.877199686685782878e-03 2.126761633818902045e-09 6.788003030105138096e-12
2.910516088854357610e-03 2.125550735804997317e-09 6.895399840297335191e-12
2.944218276777944496e-03 2.117169050638131117e-09 6.810312560805094962e-12
2.978310717645054131e-03 2.115831149883940436e-09 6.824741493703254715e-12
3.012797930371790243e-03 2.116671996941240476e-09 6.871502322333256222e-12
3.047684486200845800e-03 2.121855035413855687e-09 6.789852526540726921e-12
3.082975009307410696e-03 2.118745739038854587e-09 6.893784238699731529e-12
3.118674177412095096e-03 2.113094455447004146e-09 6.793878977694241902e-12
3.154786722400964704e-03 2.115225726679880395e-09 6.893225765085925407e-12
3.191317430952740879e-03 2.119827258957897086e-09 6.811440749371768374e-12
3.228271145173277051e-03 2.112164453602725235e-09 6.888585218224127297e-12
3.265652763237360864e-03 2.115726900352795775e-09 6.808742236473438169e-12
3.303467240037982148e-03 2.120623842168864058e-09 6.902151190554183373e-12
3.341719587843074504e-03 2.113018223105988899e-09 6.806894430611460816e-12
3.380414876959908759e-03 2.119314232231942796e-09 6.900179914038663515e-12
3.419558236407146089e-03 2.120238053328388576e-09 6.839353022102622657e-12
3.459154854594680487e-03 2.118926615782585815e-09 6.843996539436891407e-12
3.499209980011365115e-03 2.117948041699559684e-09 6.900710052331228838e-12
3.539728921920689327e-03 2.112766298749938182e-09 6.820135910953044745e-12
3.580717051064509580e-03 2.117529141699936521e-09 6.867036372922042852e-12
3.622179800374953056e-03 2.106943551739688689e-09 6.903032128690781277e-12
3.664122665694521767e-03 2.105697013695934376e-09 6.838804561609361658e-12
3.706551206504588372e-03 2.117146711823018285e-09 6.839113202461436013e-12
3.749471046662278956e-03 2.116259374093404359e-09 6.903643530655528229e-12
3.792887875145917100e-03 2.109966602767832828e-09 6.901200238528820683e-12
3.836807446809092133e-03 2.113887810843135677e-09 6.847834882990245539e-12
3.881235583143458675e-03 2.109499667354513636e-09 6.832769347238712590e-12
3.926178173050358551e-03 2.108394482585298511e-09 6.858573217181177617e-12
3.971641173621410364e-03 2.121800406158763714e-09 6.897143488766824913e-12
4.017630610928087966e-03 2.109257883938001631e-09 6.915546073749792142e-12
4.064152580820497296e-03 2.109584627099956694e-09 6.915459641271471329e-12
4.111213249735355506e-03 2.110392725035269977e-09 6.904681851481163697e-12
4.158818855513353625e-03 2.107812459674115428e-09 6.894673829906878945e-12
4.206975708225973477e-03 2.109703753959825076e-09 6.880558726292123151e-12
4.255690191011879397e-03 2.109022845624509347e-09 6.877044882251483621e-12
4.304968760923003589e-03 2.107651371715587023e-09 6.884314766794567147e-12
4.354817949780402306e-03 2.109464408987065096e-09 6.890441038515912355e-12
4.405244365040072822e-03 2.108178762616787430e-09 6.905767458148642355e-12
4.456254690668728577e-03 2.104507519853555448e-09 6.918701964067728915e-12
4.507855688029784903e-03 2.106425124925690469e-09 6.928319560252888193e-12
4.560054196779547535e-03 2.113574200775483755e-09 6.918521731704473423e-12
4.612857135773813788e-03 2.106776342412417528e-09 6.890899267915629048e-12
4.666271503984952343e-03 2.106440138430643805e-09 6.861079665259740580e-12
4.720304381429616877e-03 2.105491910251773062e-09 6.873770378039618056e-12
4.774962930107178559e-03 2.107102863510050988e-09 6.924008294514469299e-12
4.830254394949069947e-03 2.100967636841704342e-09 6.926777523570294123e-12
4.886186104779055052e-03 2.103763651974871903e-09 6.866800792971448193e-12
4.942765473284694427e-03 2.104587322614924838e-09 6.892140590107452711e-12
4.999999999999999237e-03 2.101934008812048570e-09 6.934567251556558057e-12
5.057897271299491120e-03 2.100789349368486418e-09 6.879127851160929776e-12
5.116464961403772820e-03 2.099228079027440044e-09 6.908954361358579262e-12
5.175710833396719723e-03 2.101740689050824511e-09 6.917980334691211058e-12
5.235642740254497010e-03 2.100559485573191614e-09 6.883567768707023408e-12
5.296268625886442309e-03 2.099823403638072415e-09 6.933406769332694207e-12
5.357596526188034176e-03 2.100079053817688498e-09 6.882176679788551154e-12
5.419634570106018380e-03 2.099714637990820448e-09 6.931292643041655267e-12
5.482390980715924449e-03 2.097564852855404559e-09 6.894710247745850390e-12
5.545874076312003707e-03 2.100126885195563638e-09 6.913672141876836366e-12
5.610092271509814314e-03 2.099242559518344837e-09 6.934291814834405639e-12
5.675054078361576465e-03 2.097026954551602685e-09 6.885894444380963714e-12
5.740768107484413990e-03 2.098405721453156940e-09 6.925794284833726041e-12
5.807243069201712196e-03 2.095436090700210155e-09 6.929696117001170375e-12
5.874487774697644861e-03 2.096598123508320593e-09 6.895440663556360057e-12
5.942511137185094161e-03 2.095532017162952896e-09 6.896445638576950049e-12
6.011322173087065013e-03 2.096662917134352146e-09 6.925201770830920685e-12
6.080930003231838424e-03 2.095134138323355168e-09 6.946927896694845337e-12
6.151343854061904620e-03 2.093344285206364287e-09 6.940326581101534832e-12
6.222573058856927485e-03 2.093999556519798574e-09 6.930528353171414721e-12
6.294627058970835715e-03 2.093813650749432413e-09 6.926161999214576648e-12
6.367515405083306983e-03 2.091541885541129168e-09 6.925535423593625117e-12
6.441247758465666780e-03 2.090901270300205308e-09 6.912013971957952442e-12
6.515833892261499449e-03 2.091253707716261836e-09 6.932475914507587970e-12
6.591283692782035596e-03 2.090769629473056600e-09 6.939789119274566152e-12
6.667607160816618576e-03 2.088561127897941269e-09 6.942207063591949173e-12
6.744814412958264824e-03 2.087955252077069575e-09 6.948478207671682214e-12
6.822915682944624173e-03 2.087442980048292478e-09 6.927005968155331740e-12
6.901921323014425201e-03 2.089143851373913157e-09 6.906128343243287888e-12
6.981841805279686598e-03 2.086933745764516288e-09 6.924076962779888738e-12
7.062687723113769168e-03 2.087821068392408335e-09 6.954186846917510716e-12
7.144469792555517389e-03 2.085905242888510748e-09 6.920313696517293092e-12
7.227198853729638849e-03 2.085972964580016682e-09 6.936067469238269107e-12
7.310885872283589583e-03 2.085192615120841657e-09 6.950196744380532911e-12
7.395541940841033821e-03 2.084347463073576096e-09 6.913157471795115127e-12
7.481178280472170448e-03 2.083985588728919485e-09 6.953376053135254179e-12
7.567806242181042420e-03 2.083606614618420261e-09 6.914146509781913572e-12
7.655437308410150896e-03 2.082900663659645095e-09 6.950308945122837183e-12
7.744083094562405345e-03 2.082295525689473193e-09 6.936106320704268029e-12
7.833755350540741805e-03 2.081023157897566959e-09 6.919872067359600934e-12
7.924465962305568892e-03 2.081510502551170940e-09 6.959613965137290025e-12
8.016226953450207235e-03 2.083251429437386260e-09 6.949179977587584198e-12
8.109050486794647586e-03 2.080779721925401344e-09 6.921171388981042729e-12
8.202948865997691796e-03 2.079676860994164049e-09 6.917606570881246483e-12
8.297934537187806256e-03 2.079009680291449294e-09 6.936780570062390279e-12
8.394020090612802285e-03 2.078635414411257628e-09 6.945106223798033789e-12
8.491218262308719913e-03 2.078612073327315856e-09 6.949421827671807850e-12
8.589541935787937607e-03 2.076590458258712994e-09 6.949702097059159830e-12
8.689004143746880890e-03 2.077217995324652519e-09 6.944404449240618632e-12
8.789618069793463453e-03 2.076464376417729080e-09 6.931033016891811585e-12
8.891397050194612892e-03 2.075058123155059970e-09 6.925095862124401519e-12
8.994354575643936575e-03 2.075425392729758139e-09 6.939321936265877897e-12
9.098504293049921449e-03 2.074178344731395364e-09 6.961152630983136291e-12
9.203860007344780506e-03 2.071289926454273438e-09 6.947399289002589794e-12
9.310435683314336255e-03 2.072933403988755122e-09 6.929129159819850706e-12
9.418245447449000163e-03 2.071720409468118651e-09 6.958605139548086264e-12
9.527303589816240106e-03 2.071412917989442153e-09 6.943126096605700598e-12
9.637624565954681574e-03 2.069496345027626273e-09 6.954473034774328495e-12
9.749222998790225969e-03 2.069107294043795909e-09 6.935241847160404976e-12
9.862113680574265823e-03 2.068975488687512516e-09 6.966500174175688218e-12
9.976311574844402841e-03 2.068454398193736551e-09 6.932789476165845730e-12
1.009183181840780756e-02 2.069183322252815631e-09 6.940109010895801378e-12
1.020868972334764736e-02 2.067344646687657240e-09 6.960302635085168225e-12
1.032690077905264354e-02 2.066973125062296741e-09 6.961911978520027209e-12
1.044648065427019289e-02 2.065940498678289620e-09 6.950151729295277111e-12
1.056744519918323758e-02 2.065818471271653102e-09 6.950057369572263845e-12
1.068981044751116105e-02 2.065376642351963664e-09 6.944946190680143553e-12
1.081359261863509835e-02 2.063624778604492279e-09 6.946693750734971282e-12
1.093880811974775810e-02 2.063264055595085869e-09 6.963663967035980701e-12
1.106547354802819155e-02 2.062785631549360821e-09 6.968415297912213119e-12
1.119360569284169951e-02 2.062648525813629793e-09 6.960905695074093018e-12
1.132322153796529694e-02 2.061820776394174106e-09 6.940356262519149542e-12
1.145433826383886015e-02 2.060329133679516199e-09 6.962183849665118602e-12
1.158697324984239718e-02 2.059643065897331358e-09 6.961433537957750943e-12
1.172114407659961138e-02 2.059982843388781942e-09 6.944663539694567557e-12
1.185686852830827517e-02 2.059064768687626747e-09 6.947127923502600859e-12
1.199416459509744862e-02 2.058225383162186919e-09 6.963456310679136959e-12
1.213305047541208236e-02 2.057904151748025136e-09 6.943672758784178689e-12
1.227354457842515581e-02 2.056338226268446942e-09 6.962662061004010055e-12
1.241566552647785024e-02 2.055161208605847852e-09 6.970608782978148548e-12
1.255943215754789719e-02 2.055266227714213799e-09 6.971944004908953998e-12
1.270486352774653077e-02 2.055258684189447402e-09 6.963133563982962045e-12
1.285197891384432141e-02 2.054399479631059682e-09 6.961249010562300622e-12
1.300079781582635929e-02 2.052617665799729105e-09 6.964260109979062189e-12
1.315133995947690565e-02 2.052096849639098416e-09 6.971369694786512677e-12
1.330362529899405295e-02 2.052770565722180859e-09 6.968830324255834403e-12
1.345767401963457975e-02 2.052152885978577123e-09 6.956175273100492865e-12
1.361350654038956214e-02 2.050795513501630116e-09 6.960445168797478603e-12
1.377114351669082859e-02 2.050245475593634265e-09 6.972333321357602200e-12
1.393060584314884283e-02 2.049626607885257424e-09 6.954342047756336407e-12
1.409191465632227136e-02 2.046199088528789493e-09 6.961635126266603979e-12
1.425509133751954628e-02 2.048744956543023074e-09 6.968264202475110223e-12
1.442015751563302701e-02 2.046919816559360672e-09 6.954037502759251061e-12
1.458713507000582686e-02 2.045993186070838972e-09 6.958856454834605791e-12
1.475604613333193239e-02 2.045366847452376532e-09 6.967339578401411343e-12
1.492691309458979952e-02 2.046097884787697255e-09 6.969176609150162130e-12
1.509975860201007852e-02 2.045237165004301698e-09 6.964610777883793337e-12
1.527460556607755995e-02 2.043070705678576990e-09 6.962173807919431003e-12
1.545147716256795728e-02 2.043279049697884800e-09 6.956603828963636491e-12
1.563039683561977602e-02 2.042776216838451144e-09 6.972595766265932775e-12
1.581138830084189567e-02 2.041807838780243913e-09 6.963725113420424891e-12
1.599447554845698227e-02 2.040413942738064363e-09 6.957371181707726072e-12
1.617968284648142047e-02 2.040822507267299869e-09 6.975071613731712530e-12
1.636703474394191060e-02 2.039833917846231442e-09 6.968973695219957557e-12
1.655655607412955324e-02 2.039052597673788523e-09 6.956894877129208378e-12
1.674827195789137593e-02 2.039030791622306056e-09 6.962918617203972971e-12
1.694220780696013492e-02 2.040656958649989092e-09 6.969457315607695887e-12
1.713838932732252018e-02 2.036412451015512637e-09 6.963576179842131849e-12
1.733684252262658251e-02 2.035270893521413104e-09 6.970510582076313935e-12
1.753759369762839665e-02 2.035892168212594256e-09 6.954233969393426977e-12
1.774066946167878259e-02 2.033881171924008924e-09 6.973001956867293622e-12
1.794609673225026555e-02 2.033525156876168604e-09 6.965134958806624293e-12
1.815390273850506567e-02 2.031469233149658409e-09 6.954255641691668083e-12
1.836411502490422828e-02 2.031087929222171822e-09 6.975414461686235438e-12
1.857676145485861671e-02 2.031934918627030761e-09 6.971099121942225036e-12
1.879187021442221481e-02 2.030386802349088166e-09 6.961861360699725369e-12
1.900946981602805869e-02 2.030895119804602840e-09 6.962862708820492659e-12
1.922958910226767529e-02 2.029592256551302828e-09 6.968930942612002851e-12
1.945225724971402087e-02 2.029119992625233322e-09 6.962837616574185696e-12
1.967750377278888047e-02 2.028772487234776512e-09 6.969749904754037006e-12
1.990535852767486361e-02 2.027702051234749633e-09 6.977521165045753150e-12
2.013585171627295042e-02 2.028701897576538257e-09 6.969278031172413287e-12
2.036901389020562628e-02 2.026614174858411476e-09 6.972783643867309382e-12
2.060487595486651738e-02 2.025947110001953974e-09 6.966350918487700566e-12
2.084346917351677375e-02 2.024996763602592402e-09 6.978717688249952167e-12
2.108482517142910850e-02 2.024133044428948355e-09 6.979513901612483029e-12
2.132897594007962527e-02 2.023259664295346713e-09 6.979386841767633193e-12
2.157595384138826997e-02 2.022628356904161381e-09 6.972712580030109493e-12
2.182579161200830231e-02 2.021888009867054251e-09 6.981485447871873675e-12
2.207852236766562337e-02 2.032200190102045024e-09 6.967516981515395584e-12
2.233417960754814982e-02 2.018834531473268914e-09 6.981084233849769086e-12
2.259279721874612665e-02 2.019541186586651573e-09 6.970584511681279965e-12
2.285440948074375644e-02 2.019158869647532154e-09 6.982110184657486853e-12
2.311905106996301265e-02 2.016768690579073590e-09 6.972305556400078214e-12
2.338675706435990390e-02 2.016636256824581494e-09 6.968397254527019039e-12
2.365756294807403598e-02 2.017095032101462666e-09 6.965522308076603320e-12
2.393150461613192254e-02 2.015452912401292539e-09 6.973095363649572633e-12
2.420861837920496723e-02 2.017458739989054696e-09 6.983647142283307196e-12
2.448894096842230833e-02 2.014220471453553127e-09 6.957096111876363665e-12
2.477250954023949708e-02 2.013386192540668706e-09 6.983534505846920105e-12
2.505936168136362399e-02 2.011916787271645032e-09 6.974038407167858800e-12
2.534953541373521912e-02 2.012202196814588277e-09 6.970119244867340827e-12
2.564306919956823791e-02 2.011198282704345865e-09 6.970374025047570777e-12
2.594000194644804219e-02 2.010733222480295707e-09 6.971131188629215720e-12
2.624037301248863946e-02 2.005306111016753676e-09 6.980718291775890040e-12
2.654422221154941960e-02 2.009074317634515100e-09 6.983116094599892337e-12
2.685158981851263130e-02 2.008293637279154793e-09 6.973856368330489028e-12
2.716251657462165001e-02 2.008346877032961620e-09 6.967695546055084926e-12
2.747704369288124157e-02 1.992638929931171798e-09 6.995631139006392427e-12
2.779521286352018214e-02 2.006535145453932901e-09 6.967670038342718479e-12
2.811706625951744531e-02 2.004597872663757017e-09 6.976139855172866164e-12
2.844264654219205712e-02 2.004865814961450483e-09 6.971902467457969955e-12
2.877199686685785740e-02 2.003449991802066629e-09 6.981543474342669035e-12
2.910516088854357350e-02 2.003603692296616602e-09 6.974317794398461387e-12
2.944218276777944496e-02 2.002685816101495529e-09 6.985660212577758274e-12
2.978310717645051356e-02 2.001554776242338687e-09 6.985393279944362916e-12
3.012797930371789723e-02 2.000705241644588607e-09 6.990296753490242503e-12
3.047684486200846060e-02 2.000234923030344974e-09 6.979022700638648285e-12
3.082975009307410696e-02 2.000195532086733000e-09 6.988126308818286467e-12
3.118674177412094836e-02 1.998282474120286194e-09 6.977937319082011152e-12
3.154786722400967913e-02 1.997827880471256358e-09 6.987835971579086675e-12
3.191317430952744089e-02 1.998562506717184006e-09 6.981804012522692023e-12
3.228271145173277484e-02 1.997553774177361392e-09 6.982195372064404296e-12
3.265652763237360950e-02 2.003021448249345877e-09 6.983218667432682608e-12
3.303467240037978592e-02 1.995416281380073609e-09 6.975689085397132818e-12
3.341719587843074157e-02 1.993043953908010248e-09 6.984636149619508038e-12
3.380414876959909193e-02 1.992507965269278010e-09 6.992272351559917834e-12
3.419558236407145568e-02 1.993196186977704025e-09 6.997026847078365283e-12
3.459154854594680834e-02 1.993401061842870237e-09 6.983087194380346443e-12
3.499209980011368931e-02 1.992244430869774442e-09 6.980343657060603893e-12
3.539728921920690108e-02 1.989844971744011307e-09 6.975211433940182335e-12
3.580717051064509493e-02 1.989633644885265384e-09 6.979478098358597982e-12
3.622179800374948633e-02 1.988061257708988966e-09 6.964814883217894864e-12
3.664122665694521941e-02 1.985628700998264204e-09 6.974772007424074154e-12
3.706551206504588025e-02 1.988696286336510316e-09 6.975991884854136718e-12
3.749471046662278956e-02 1.986808310741187543e-09 6.991873588757351917e-12
3.792887875145917187e-02 1.986052690714009040e-09 6.979224684769705507e-12
3.836807446809096384e-02 1.985881462950592600e-09 6.980486761328559605e-12
3.881235583143459456e-02 1.983990895175154509e-09 6.973266458523448163e-12
3.926178173050358378e-02 1.983688559240567545e-09 6.986424125784153882e-12
3.971641173621406201e-02 1.983132269586215653e-09 6.977763518544413870e-12
4.017630610928087792e-02 1.982690599745114727e-09 6.914745051850694811e-12
4.064152580820497296e-02 1.983317079396793378e-09 6.987640601935781806e-12
4.111213249735355679e-02 1.978786973330500352e-09 6.981141192001252500e-12
4.158818855513353452e-02 1.978167315955216318e-09 6.975252620127400605e-12
4.206975708225977467e-02 1.980355472649291023e-09 6.979447710308310251e-12
4.255690191011883561e-02 1.979803326951669741e-09 6.982761979661152608e-12
4.304968760923003068e-02 1.976899402131707597e-09 6.980608966389273475e-12
4.354817949780401959e-02 1.977015342051743947e-09 6.978893350679234713e-12
4.405244365040068139e-02 1.976667832708588864e-09 6.997983485206393384e-12
4.456254690668728924e-02 1.974131958520721199e-09 6.990728440799399652e-12
4.507855688029784730e-02 1.980123142715944052e-09 6.984473375956251035e-12
4.560054196779547708e-02 1.973749709866672427e-09 6.984700944088136182e-12
4.612857135773813788e-02 1.973435920967212554e-09 6.980567043173145043e-12
4.666271503984956853e-02 1.972500104921469452e-09 6.985654055876922101e-12
4.720304381429617224e-02 1.973817326935720599e-09 6.976107344742053834e-12
4.774962930107178732e-02 1.970352949302297177e-09 6.982388219124786811e-12
4.830254394949064917e-02 1.970432109740428530e-09 7.002066455460771594e-12
4.886186104779054878e-02 1.964450001461258159e-09 6.985185403910686396e-12
4.942765473284694427e-02 1.973696971245543197e-09 6.984751351414654211e-12
4.999999999999999584e-02 1.968412660116695011e-09 7.005505162950670191e-12
5.057897271299491293e-02 1.967572197150789137e-09 6.982736084987560417e-12
5.116464961403772993e-02 1.970986086831998125e-09 6.985270767560395151e-12
5.175710833396719723e-02 1.966169974964885807e-09 6.981436887255090731e-12
5.235642740254497357e-02 1.966491477958778682e-09 6.976586328442154762e-12
5.296268625886442483e-02 1.965406630230067280e-09 7.012324841663624234e-12
5.357596526188034003e-02 1.963759375392254068e-09 6.983104124779040146e-12
5.419634570106018207e-02 1.960369954513587018e-09 6.986449138489563972e-12
5.482390980715925316e-02 1.961200166731708838e-09 6.976872093272872422e-12
5.545874076312003881e-02 1.961583531179077691e-09 6.983267689204797703e-12
5.610092271509819345e-02 1.961577313891505079e-09 6.981476560050784738e-12
5.675054078361576465e-02 1.959490996446818931e-09 6.987396239669994178e-12
5.740768107484413990e-02 1.957996990711955276e-09 6.998672094515879887e-12
5.807243069201711849e-02 1.956870429340691700e-09 6.987465130136557672e-12
5.874487774697650933e-02 1.955894448327586516e-09 6.981509559348533910e-12
5.942511137185094161e-02 1.947128198962600039e-09 6.985164950169016794e-12
6.011322173087065013e-02 1.954949560469197378e-09 6.988479381388362084e-12
6.080930003231839465e-02 1.956039318477448837e-09 7.028748520409252079e-12
6.151343854061905314e-02 1.953913099310946642e-09 6.982269343117501393e-12
6.222573058856927658e-02 1.953773245805564156e-09 6.986562013575088035e-12
6.294627058970836408e-02 1.952850778376097316e-09 6.974353392645456806e-12
6.367515405083307156e-02 1.952082870937760505e-09 6.996518921403029688e-12
6.441247758465666606e-02 1.951067012622924875e-09 6.987931551534208171e-12
6.515833892261499449e-02 1.945357478210365312e-09 6.984981981568996592e-12
6.591283692782036463e-02 1.949870388404693152e-09 6.989570062107507756e-12
6.667607160816618750e-02 1.948997947022666740e-09 6.985654227002026127e-12
6.744814412958265171e-02 1.947722970096590466e-09 6.979353100300459135e-12
6.822915682944624693e-02 1.933150139910508045e-09 6.979890705987961725e-12
6.901921323014424681e-02 1.946584774450556430e-09 6.981115459759959627e-12
6.981841805279687119e-02 1.946058397576307975e-09 6.986512673561409942e-12
7.062687723113769689e-02 1.944851331766012709e-09 6.988676689675149545e-12
7.144469792555517562e-02 1.943568688349010256e-09 7.008097376231769368e-12
7.227198853729638328e-02 1.942997691980202412e-09 6.987395173345078505e-12
7.310885872283590103e-02 1.942692238485900575e-09 6.988602675120998043e-12
7.395541940841035555e-02 1.940590381940420808e-09 6.987707512575464173e-12
7.481178280472171316e-02 1.940047545126417867e-09 6.980681836925410325e-12
7.567806242181042420e-02 1.939242616510360022e-09 6.993351284851178069e-12
7.655437308410151243e-02 1.942110695842877524e-09 6.988403163981078395e-12
7.744083094562405345e-02 1.934420004771436707e-09 6.988278522055005731e-12
7.833755350540749784e-02 1.937340587708208218e-09 6.986713553470534259e-12
7.924465962305569933e-02 1.936234341878180934e-09 6.991442160240985076e-12
8.016226953450207582e-02 1.934909886593703756e-09 6.982892989763677140e-12
8.109050486794648627e-02 1.935750344752414344e-09 6.988579857483440811e-12
8.202948865997693184e-02 1.940147417843833223e-09 6.980171321728915975e-12
8.297934537187805215e-02 1.925738309769690304e-09 6.985216531817696532e-12
8.394020090612802631e-02 1.932606939282424981e-09 6.986680395276220021e-12
8.491218262308720954e-02 1.933360710662462989e-09 6.987545559144273972e-12
8.589541935787936566e-02 1.929546988981610233e-09 6.986848493469997747e-12
8.689004143746879849e-02 1.930961353036761735e-09 6.983539711327365442e-12
8.789618069793464494e-02 1.929759588288428272e-09 6.987023576275408191e-12
8.891397050194613239e-02 1.929913617445738237e-09 6.983333410408815763e-12
8.994354575643935534e-02 1.928498018119708017e-09 6.984498862241673399e-12
9.098504293049920755e-02 1.927513870540462616e-09 6.986969977476539627e-12
9.203860007344780159e-02 1.922331439391236969e-09 6.997984053083472799e-12
9.310435683314335908e-02 1.913614745782444529e-09 6.995664439025950561e-12
9.418245447449000163e-02 1.925760175441867300e-09 7.067174586728241184e-12
9.527303589816239759e-02 1.923238671710947140e-09 6.983348233068088980e-12
9.637624565954681921e-02 1.927598236802274703e-09 7.001343770866120754e-12
9.749222998790225969e-02 1.921779671823079946e-09 6.840029011162875588e-12
9.862113680574266517e-02 1.922788867529398729e-09 6.982051358209743036e-12
9.976311574844401453e-02 1.922039624534894123e-09 6.990524475473665654e-12
1.009183181840780652e-01 1.920784642452753936e-09 6.988459748217648073e-12
1.020868972334764563e-01 1.953567235502820031e-09 6.988492308121494682e-12
1.032690077905264459e-01 1.919250896783398010e-09 6.962812295833156030e-12
1.044648065427020295e-01 1.918377265112518343e-09 6.986178341311407009e-12
1.056744519918323688e-01 1.915646064187949187e-09 6.988393905015100837e-12
1.068981044751116105e-01 1.915081432381403279e-09 6.985828255579143936e-12
1.081359261863509835e-01 1.915755351803835012e-09 6.978525903844222748e-12
1.093880811974775602e-01 1.923905573673650695e-09 6.946817775559999666e-12
1.106547354802819155e-01 1.928851642989352026e-09 6.999216626289494814e-12
1.119360569284170021e-01 1.913904011018931888e-09 6.991062784259480261e-12
1.132322153796529590e-01 1.913035523556239851e-09 6.991215750214271022e-12
1.145433826383886050e-01 1.912612108098316906e-09 6.970703605928125804e-12
1.158697324984239579e-01 1.912294161918490896e-09 6.990255618105605945e-12
1.172114407659961138e-01 1.910656627587964265e-09 7.051591769654330408e-12
1.185686852830827587e-01 1.909874363597892102e-09 6.987872829889309308e-12
1.199416459509744792e-01 1.910168902048592912e-09 6.965344778418622578e-12
1.213305047541208270e-01 1.907458742431702261e-09 6.980375019219037198e-12
1.227354457842515234e-01 1.909122375609275237e-09 6.984165278907700790e-12
1.241566552647785093e-01 1.906770033188366794e-09 6.984355369749745807e-12
1.255943215754789510e-01 1.906555522045784724e-09 6.988282707945957276e-12
1.270486352774652938e-01 1.909753538990926918e-09 6.989415369807066011e-12
1.285197891384432245e-01 1.897439728269843235e-09 6.983863494043376778e-12
1.300079781582635929e-01 1.905885560191698686e-09 6.988873579625785362e-12
1.315133995947690704e-01 1.903102590936214942e-09 6.994090106777258573e-12
1.330362529899405399e-01 1.902720797444969025e-09 6.994669049212953378e-12
1.345767401963458287e-01 1.903930393081960750e-09 6.989292470171249379e-12
1.361350654038956109e-01 1.901250548401840316e-09 6.984926224161415813e-12
1.377114351669082859e-01 1.901528837342901848e-09 6.982566985552343149e-12
1.393060584314885775e-01 1.897121712670945650e-09 6.979019017903603515e-12
1.409191465632227414e-01 1.912710608052060105e-09 6.987000435533882021e-12
1.425509133751954594e-01 1.897783257939673917e-09 6.988828314622465535e-12
1.442015751563302528e-01 1.914945494538226610e-09 6.985039455547679010e-12
1.458713507000582721e-01 1.897874273675069968e-09 6.987161847529849409e-12
1.475604613333193205e-01 1.894646101296625323e-09 6.993068326015909110e-12
1.492691309458979987e-01 1.898347776689569629e-09 7.068126835609308554e-12
1.509975860201007714e-01 1.887244991724053970e-09 6.990890998695941367e-12
1.527460556607755926e-01 1.892870226313783638e-09 6.985066142043913570e-12
1.545147716256795867e-01 1.892364800589379988e-09 6.984760380707317249e-12
1.563039683561977533e-01 1.904764469467339324e-09 6.975577316157158261e-12
1.581138830084189428e-01 1.890828090614823234e-09 6.988381766560837193e-12
1.599447554845698505e-01 1.890423270663599092e-09 6.983887860226236824e-12
1.617968284648141908e-01 1.884415991747215678e-09 6.985855143781646228e-12
1.636703474394191060e-01 1.886256104533523464e-09 6.926209744891843957e-12
1.655655607412955255e-01 1.884816402062837695e-09 6.984385717356528674e-12
1.674827195789137801e-01 1.886531596247434552e-09 6.985816957125373046e-12
1.694220780696013562e-01 1.887223626721981111e-09 6.985689463275010867e-12
1.713838932732252018e-01 1.888971332097375041e-09 6.980086897066947426e-12
1.733684252262658043e-01 1.884160282209819460e-09 6.988300522587368931e-12
1.753759369762839526e-01 1.881522068114734047e-09 6.981453161919083043e-12
1.774066946167878189e-01 1.883140301501261121e-09 6.986309304853448665e-12
1.794609673225026625e-01 1.873606487433125366e-09 6.996705882883791395e-12
1.815390273850506775e-01 1.878755318923881523e-09 6.958310585064860651e-12
1.836411502490422898e-01 1.880613740603158901e-09 7.004610108357551429e-12
1.857676145485863684e-01 1.879712188589362942e-09 6.956054002654421291e-12
1.879187021442221273e-01 1.879196808435709583e-09 6.985511663736321530e-12
1.900946981602806007e-01 1.879142388472369341e-09 6.991260897345525669e-12
1.922958910226767459e-01 1.884264123866185537e-09 6.903191511516915488e-12
1.945225724971402226e-01 1.879917632656058177e-09 6.985885814436491448e-12
1.967750377278887630e-01 1.876278977861183144e-09 6.983104774331705447e-12
1.990535852767486569e-01 1.876258294911721885e-09 6.986011843507783191e-12
2.013585171627294834e-01 1.875189069903009152e-09 6.977892270889048436e-12
2.036901389020563113e-01 1.874676598891784087e-09 6.991900937672258606e-12
2.060487595486651946e-01 1.871721556741319233e-09 6.988984921877543830e-12
2.084346917351677098e-01 1.874873969124616537e-09 6.988717167270775199e-12
2.108482517142910850e-01 1.873530147954018684e-09 6.951256993521280208e-12
2.132897594007962527e-01 1.871580354703211621e-09 6.984441270156629315e-12
2.157595384138827066e-01 1.869985559511066509e-09 6.986395436068469024e-12
2.182579161200830231e-01 1.872553754410047744e-09 6.979000548949594080e-12
2.207852236766562060e-01 1.868149491207697765e-09 6.986264307490799214e-12
2.233417960754814913e-01 1.864817631825125391e-09 6.984516205324652921e-12
2.259279721874612734e-01 1.867886167858970730e-09 6.987766287570353265e-12
2.285440948074375367e-01 1.866248501892621274e-09 6.987183198020513931e-12
2.311905106996301473e-01 1.863612595105929182e-09 6.955151967169921886e-12
2.338675706435990320e-01 1.864832154524744460e-09 6.983956961301018589e-12
2.365756294807403182e-01 1.863783410181125713e-09 6.972972049247427500e-12
2.393150461613192392e-01 1.865430038801671316e-09 6.981059905482335082e-12
2.420861837920496862e-01 1.861677209367469778e-09 6.983508817970145106e-12
2.448894096842230417e-01 1.860882989426247024e-09 6.987173356053726886e-12
2.477250954023952345e-01 1.861112154708078844e-09 6.985746346858297866e-12
2.505936168136362330e-01 1.863763669550099148e-09 6.852466728707597898e-12
2.534953541373521912e-01 1.858235045305490765e-09 6.986801443370762228e-12
2.564306919956823583e-01 1.858827073367761078e-09 6.988732574913842476e-12
2.594000194644804358e-01 1.856525854307293975e-09 7.003266133661558535e-12
2.624037301248863807e-01 1.852798153447018034e-09 6.988181558265925694e-12
2.654422221154941752e-01 1.856956610358983317e-09 6.983485993799670492e-12
2.685158981851263338e-01 1.855072123288987595e-09 6.986376593914561905e-12
2.716251657462164792e-01 1.854476354827628368e-09 6.958570838342313396e-12
2.747704369288123671e-01 1.854309826614832462e-09 6.991524308518838424e-12
2.779521286352018006e-01 1.852698053053865644e-09 6.988524684640770315e-12
2.811706625951744809e-01 1.849927103546899333e-09 7.186932467850222943e-12
2.844264654219206268e-01 1.827389721512678450e-09 7.020403776108587631e-12
2.877199686685785740e-01 1.850943808014063256e-09 6.995694090335857452e-12
2.910516088854357419e-01 1.850347299785966492e-09 6.985514933093451571e-12
2.944218276777944565e-01 1.848960087189218131e-09 6.891530972058625690e-12
2.978310717645051287e-01 1.849101870374745502e-09 6.984754666038968624e-12
3.012797930371790001e-01 1.847844423823773638e-09 6.984370682142704631e-12
3.047684486200846199e-01 1.847348526010402752e-09 6.986750346319827907e-12
3.082975009307410419e-01 1.845589721538534460e-09 6.985775216044504679e-12
3.118674177412095183e-01 1.845557450175285567e-09 7.010961175111946575e-12
3.154786722400967913e-01 1.843681391290125038e-09 6.979020500177492208e-12
3.191317430952744227e-01 1.848299192163132131e-09 6.978504185033022070e-12
3.228271145173277623e-01 1.843106361734477364e-09 6.979491576940843881e-12
3.265652763237361089e-01 1.842541875176387070e-09 6.981363433757088120e-12
3.303467240037981645e-01 1.843192338249642813e-09 6.984139579825183542e-12
3.341719587843073880e-01 1.843039055231578007e-09 6.995490321229890399e-12
3.380414876959909054e-01 1.842645558382036492e-09 7.095386667737297899e-12
3.419558236407145846e-01 1.846129072276268807e-09 7.010678715580831602e-12
3.459154854594680972e-01 1.841231887009549562e-09 6.988874610943466740e-12
3.499209980011368515e-01 1.837597047319517744e-09 6.983213464926518644e-12
3.539728921920689553e-01 1.836985986602233424e-09 6.976247030888463496e-12
3.580717051064509215e-01 1.835204951808351398e-09 6.987224899711639295e-12
3.622179800374948910e-01 1.835688935945773298e-09 6.983795492972034425e-12
3.664122665694521941e-01 1.835841233398667009e-09 6.966487887300877399e-12
3.706551206504588025e-01 1.833888252079447091e-09 6.983518971951807462e-12
3.749471046662278817e-01 1.831574828755807162e-09 7.006893817295548929e-12
3.792887875145917187e-01 1.829443112291342451e-09 6.985530958814120927e-12
3.836807446809096245e-01 1.831617723439602178e-09 6.995665596593341973e-12
3.881235583143459178e-01 1.832748336944108770e-09 6.993435372192801731e-12
3.926178173050358100e-01 1.831732749355186749e-09 6.983919435463972542e-12
3.971641173621406340e-01 1.827782481951023714e-09 6.980585032049469663e-12
4.017630610928087931e-01 1.829304509663050987e-09 6.984937360735665369e-12
4.064152580820497018e-01 1.828144066351708732e-09 6.984825637240896721e-12
4.111213249735355402e-01 1.827975720940765631e-09 6.972877901497331074e-12
4.158818855513353729e-01 1.829699077115750901e-09 6.985577076364286731e-12
4.206975708225977328e-01 1.825858761421517325e-09 6.986042006976697691e-12
4.255690191011883283e-01 1.826127816406866373e-09 7.028911239786214216e-12
4.304968760923003068e-01 1.824414322129557795e-09 6.900437034638305597e-12
4.354817949780401820e-01 1.823595823991829067e-09 6.984528705022744060e-12
4.405244365040072441e-01 1.823156219947400881e-09 6.920988977138842880e-12
4.456254690668728924e-01 1.822987441821545697e-09 6.986414961629564013e-12
4.507855688029784313e-01 1.821327799932366692e-09 6.963764506179554122e-12
4.560054196779547708e-01 1.820520476963630803e-09 6.984912056110156945e-12
4.612857135773818507e-01 1.820169306495097563e-09 6.974559058426204937e-12
4.666271503984956714e-01 1.819015400716307363e-09 6.985174812902448575e-12
4.720304381429618057e-01 1.818053456412719567e-09 6.984865765065507416e-12
4.774962930107178871e-01 1.818126192238718825e-09 6.985274356563120650e-12
4.830254394949065055e-01 1.816896172580599095e-09 6.990217581914994338e-12
4.886186104779055572e-01 1.809240518746216176e-09 6.985555765588643486e-12
4.942765473284694844e-01 1.818027131429636738e-09 6.961074464550182188e-12
5.000000000000000000e-01 1.858021494035565000e-09 6.976737514991714982e-12
5.235642740254498051e-01 1.896486666960851355e-09 6.996711860127461671e-12
5.482390980715924345e-01 1.806866466699980708e-09 6.962911111398131709e-12
5.740768107484414129e-01 1.806173321734533723e-09 6.987958504508637579e-12
6.011322173087064735e-01 1.804760443685589635e-09 6.828826663824768309e-12
6.294627058970836408e-01 1.798936783669341269e-09 6.986178949671425347e-12
6.591283692782035075e-01 1.793668780439365269e-09 6.986967602713415641e-12
6.901921323014423848e-01 1.793846550493316352e-09 7.410532751361787181e-12
7.227198853729637218e-01 1.788206101405724349e-09 6.980945904859821517e-12
7.567806242181041032e-01 1.786695614017051405e-09 6.983400616345050790e-12
7.924465962305566880e-01 1.783953986273778626e-09 6.990062483026361705e-12
8.297934537187804382e-01 1.726843921959801692e-09 6.987349870289751710e-12
8.689004143746876796e-01 1.780263700282576429e-09 6.987228631353330654e-12
9.098504293049917147e-01 1.779155179503328624e-09 7.152454340871934278e-12
9.527303589816237261e-01 1.772048276204415054e-09 6.983378575206052853e-12
9.976311574844397567e-01 1.763107932615748590e-09 6.985988764554292444e-12
1.044648065427019823e+00 1.764441506617778690e-09 6.977796453218837629e-12
1.093880811974776268e+00 1.759504988384335186e-09 6.978784005853757431e-12
1.145433826383886577e+00 1.764203518170220374e-09 6.976848846873951024e-12
1.199416459509745181e+00 1.758930765968715600e-09 6.982109182281145817e-12
1.255943215754790065e+00 1.754282003257702035e-09 6.867537346958996214e-12
1.315133995947690870e+00 1.750274475048615447e-09 6.988661686488978491e-12
1.377114351669083137e+00 1.747123601651182133e-09 6.979840499143980914e-12
1.442015751563302972e+00 1.744509800074824840e-09 6.959052031059999359e-12
1.509975860201008047e+00 1.734558025380775892e-09 6.784715865308241251e-12
1.581138830084189761e+00 1.739207048067815406e-09 6.992418843865018238e-12
1.655655607412955810e+00 1.735649338833663812e-09 6.982006611471438993e-12
1.733684252262658321e+00 1.729136565502218354e-09 6.975807759831354048e-12
1.815390273850506997e+00 1.729799841688730035e-09 6.992830976137667338e-12
1.900946981602805952e+00 1.751303320502100746e-09 7.019939426326505428e-12
1.990535852767486347e+00 1.723968372558816193e-09 6.979835001142526879e-12
2.084346917351676876e+00 1.722917663644678961e-09 6.980826067533097165e-12
2.182579161200830065e+00 1.714416660341517615e-09 6.956460160100436405e-12
2.285440948074375367e+00 1.712968817007164845e-09 6.926550627200446401e-12
2.393150461613192004e+00 1.710449686859864493e-09 7.034881471913628437e-12
2.505936168136361886e+00 1.709619592966796560e-09 6.977084114167330699e-12
2.624037301248862697e+00 1.705244917517450236e-09 6.982424430972849240e-12
2.747704369288122894e+00 1.710049957842489966e-09 6.978730412666711555e-12
2.877199686685784741e+00 1.710792465423226302e-09 6.997252444969469296e-12
3.012797930371788890e+00 1.710613339896824045e-09 6.981820508329693135e-12
3.154786722400966692e+00 1.703281749251296571e-09 6.977023562891826861e-12
3.303467240037979646e+00 1.692864093872407889e-09 6.998009439775934206e-12
3.459154854594682416e+00 1.686267330434601010e-09 6.967014746282413777e-12
3.622179800374950798e+00 1.693096177984294042e-09 6.978037228715489359e-12
3.792887875145918741e+00 1.682889476806779391e-09 6.968000750376765244e-12
3.971641173621408338e+00 1.681416100866776268e-09 6.831360633554357817e-12
4.158818855513356283e+00 1.678303811409820890e-09 6.983613672109313212e-12
4.354817949780404263e+00 1.671153888128174360e-09 6.984007047738742013e-12
4.560054196779547375e+00 1.670134739955973232e-09 6.976751297301991374e-12
4.774962930107179204e+00 1.667672751246958581e-09 6.975031902501064091e-12
5.000000000000000888e+00 1.664701291084782241e-09 6.973805517540343054e-12
6.294627058970835520e+00 1.645972261133079852e-09 6.974537877387940647e-12
7.924465962305567324e+00 1.631590031811498738e-09 6.747837866202906759e-12
9.976311574844396901e+00 1.620759199562962482e-09 6.978945666054789078e-12
1.255943215754790288e+01 1.604720834393600422e-09 6.979216981359752384e-12
1.581138830084189451e+01 1.592240140165134282e-09 6.981339272746051377e-12
1.990535852767486347e+01 1.577662501387301290e-09 6.972835275647968078e-12
2.505936168136362241e+01 1.565319100413528527e-09 6.973944296425664652e-12
3.154786722400966070e+01 1.548510583588440151e-09 6.976449145279350663e-12
3.971641173621406296e+01 1.535166537665352077e-09 6.961735372687410142e-12
4.999999999999999289e+01 1.520471406489915213e-09 6.980395692656991247e-12
