2.393150461613189841e-05 7.410290701515071945e-10 1.654574875018119894e-12
2.448894096842227708e-05 3.423542857684086883e-09 1.840432162763687348e-12
2.505936168136362570e-05 4.408533991552437339e-09 2.033569668671582428e-12
2.564306919956823707e-05 4.419231446827239466e-09 2.231848353856271066e-12
2.624037301248861295e-05 4.263653275568823223e-09 2.432569633925683301e-12
2.685158981851265889e-05 4.142448188598395290e-09 2.632184015937811591e-12
2.747704369288124057e-05 4.089177955892820524e-09 2.826445234232114357e-12
2.811706625951745350e-05 4.099036266720034145e-09 3.012250344858293390e-12
2.877199686685782864e-05 4.154713259187756679e-09 3.184223767092644982e-12
2.944218276777941324e-05 4.236207030934181387e-09 3.337330158320897319e-12
3.012797930371789620e-05 4.331554074469365348e-09 3.467849880699878993e-12
3.082975009307410534e-05 4.415815642938150265e-09 3.568356167994298176e-12
3.154786722400964650e-05 4.478745564479186055e-09 3.637931221313974471e-12
3.228271145173280656e-05 4.504987549766217889e-09 3.670959855785736055e-12
3.303467240037981687e-05 4.479926129025530971e-09 3.664606909259836512e-12
3.380414876959908759e-05 4.400767149397868984e-09 3.617233135912467658e-12
3.459154854594680595e-05 4.259705050700248135e-09 3.529260393005614062e-12
3.539728921920685885e-05 4.057713721050288665e-09 3.402106810072763002e-12
3.622179800374952406e-05 3.801624487025454685e-09 3.239243323339203224e-12
3.706551206504588155e-05 3.498001852117883346e-09 3.047913309814121104e-12
3.792887875145917236e-05 3.156998579411613235e-09 2.836648659977188060e-12
3.881235583143463039e-05 2.794693945656055234e-09 2.616806502973137571e-12
3.971641173621410364e-05 2.426874775020982044e-09 2.401603597400956352e-12
4.064152580820497269e-05 2.071930616301028802e-09 2.206964537742819831e-12
4.158818855513353842e-05 1.748801976147260848e-09 2.050171819094630158e-12
4.255690191011879072e-05 1.474779880408378067e-09 1.947586451472007234e-12
4.354817949780397373e-05 1.264051693138138239e-09 1.915943533744106089e-12
4.456254690668728712e-05 1.127385408596384305e-09 1.969066005615996480e-12
4.560054196779547508e-05 1.071969120230667771e-09 2.117248924289385893e-12
4.666271503984951611e-05 1.096864791448940341e-09 2.366201290285986804e-12
4.774962930107184414e-05 1.197272870716463632e-09 2.713420559660014595e-12
4.886186104779054808e-05 1.359700764470192229e-09 3.150679236681136455e-12
4.999999999999999562e-05 1.567685933412373409e-09 3.659022051627629180e-12
5.057897271299489764e-05 1.682272138795346726e-09 3.931932531171145046e-12
5.116464961403766531e-05 1.799526348901018761e-09 4.212427534734510895e-12
5.175710833396715576e-05 1.916464652619786518e-09 4.495568022298126478e-12
5.235642740254491996e-05 2.030152390775852155e-09 4.776232385861099440e-12
5.296268625886447188e-05 2.137569706185853489e-09 5.049656297392351891e-12
5.357596526188034176e-05 2.235805322404609691e-09 5.311526296080529443e-12
5.419634570106018624e-05 2.323311572743730048e-09 5.555297627637175597e-12
5.482390980715925750e-05 2.396505043082432160e-09 5.774234563883760410e-12
5.545874076312003680e-05 2.454256016140668305e-09 5.965691348476490599e-12
5.610092271509814368e-05 2.494960960258481091e-09 6.123823492444593731e-12
5.675054078361571342e-05 2.518203047432821384e-09 6.244576068729412964e-12
5.740768107484407919e-05 2.523087711318704314e-09 6.325503630081242598e-12
5.807243069201718186e-05 2.510706286790110458e-09 6.364443546090275016e-12
5.874487774697651393e-05 2.481751146457823597e-09 6.357930820314289031e-12
5.942511137185094486e-05 2.437731042477290644e-09 6.306388506440056354e-12
6.011322173087064877e-05 2.381777703909091494e-09 6.212916741852586701e-12
6.080930003231839372e-05 2.314345133017532948e-09 6.077691961013155014e-12
6.151343854061905325e-05 2.240156328248889492e-09 5.905233700290558082e-12
6.222573058856921034e-05 2.162250972985721690e-09 5.701254030399528549e-12
6.294627058970830402e-05 2.083943241733411258e-09 5.471907083786482693e-12
6.367515405083314138e-05 2.008626069937363805e-09 5.225751820119079700e-12
6.441247758465673719e-05 1.940890986600508922e-09 4.971153356616732621e-12
6.515833892261499124e-05 1.883138585195669550e-09 4.718561637381023899e-12
6.591283692782035650e-05 1.838817755800726438e-09 4.478538777894239652e-12
6.667607160816619769e-05 1.809911298402122606e-09 4.260895686076631065e-12
6.744814412958265366e-05 1.798122883231093409e-09 4.076917050541081410e-12
6.822915682944618535e-05 1.805516350429701159e-09 3.936270293576875012e-12
6.901921323014417829e-05 1.831024280787586569e-09 3.848181908045916907e-12
6.981841805279680852e-05 1.874788845926594921e-09 3.819353166700827538e-12
7.062687723113775782e-05 1.935282767145875019e-09 3.855456204709683720e-12
7.144469792555517389e-05 2.010188761438082778e-09 3.960046776937078099e-12
7.227198853729638578e-05 2.096204934644749109e-09 4.132476722650799290e-12
7.310885872283590017e-05 2.189201529660974071e-09 4.371498280192294208e-12
7.395541940841035122e-05 2.286565793439764358e-09 4.670129452979033319e-12
7.481178280472162371e-05 2.381946379253190359e-09 5.020533002569703549e-12
7.567806242181034505e-05 2.473131970092395254e-09 5.410790682215072993e-12
7.655437308410142656e-05 2.553539382780888971e-09 5.825956342685451324e-12
7.744083094562412067e-05 2.622085681582680005e-09 6.251322712658161956e-12
7.833755350540750207e-05 2.672834491076076474e-09 6.666148395185447862e-12
7.924465962305569597e-05 2.706568565826780887e-09 7.055492697746457294e-12
8.016226953450208102e-05 2.720239648603437057e-09 7.399539459172470788e-12
8.109050486794647857e-05 2.714390447469854178e-09 7.682245586939244836e-12
8.202948865997692718e-05 2.690439693524598941e-09 7.888432112581485924e-12
8.297934537187796715e-05 2.651206387065110904e-09 8.008969435236946966e-12
8.394020090612794207e-05 2.600254045212472629e-09 8.035297742245907373e-12
8.491218262308729617e-05 2.540931113411739953e-09 7.966402886626112070e-12
8.589541935787945305e-05 2.479325639268892253e-09 7.807182935629912191e-12
8.689004143746880239e-05 2.420493314352022861e-09 7.567410883078121526e-12
8.789618069793464267e-05 2.369417809052407778e-09 7.262214313646335081e-12
8.891397050194613488e-05 2.331303237522022445e-09 6.911692467764398162e-12
8.994354575643935166e-05 2.309533162056912806e-09 6.540829280858646936e-12
9.098504293049911853e-05 2.306819230885664954e-09 6.185542869029911937e-12
9.203860007344770748e-05 2.324628909882695004e-09 5.852453289076317913e-12
9.310435683314326931e-05 2.363513242765608686e-09 5.584663695912515145e-12
9.418245447449009216e-05 2.420304117022435748e-09 5.406877089956390796e-12
9.527303589816240703e-05 2.491520970068208976e-09 5.338213175534553703e-12
9.637624565954682279e-05 2.573082559261143458e-09 5.386925421069650646e-12
9.749222998790227921e-05 2.659021852428496767e-09 5.557885676026338670e-12
9.862113680574264088e-05 2.742938190406418281e-09 5.853259059746842327e-12
9.976311574844392432e-05 2.818595332354293590e-09 6.239283660435776174e-12
1.009183181840780691e-04 2.880300518401462207e-09 6.716836230864978453e-12
1.020868972334764650e-04 2.924645268402768055e-09 7.231396387051824819e-12
1.032690077905264468e-04 2.950557591324563912e-09 7.752433133080000898e-12
1.044648065427019234e-04 2.948255549238918294e-09 8.237728430210588573e-12
1.056744519918323541e-04 2.928629197888749494e-09 8.644303489216960608e-12
1.068981044751116051e-04 2.893134815643983641e-09 8.949620477506449606e-12
1.081359261863509960e-04 2.844338889517702356e-09 9.125773153587079631e-12
1.093880811974775648e-04 2.791815536166368965e-09 9.123844172951971902e-12
1.106547354802819166e-04 2.741099005993207744e-09 8.989975774019719094e-12
1.119360569284169843e-04 2.699350895854349924e-09 8.717244698410444023e-12
1.132322153796529580e-04 2.673984186287518032e-09 8.333126799970002411e-12
1.145433826383886162e-04 2.669224191693908589e-09 7.882105826965957333e-12
1.158697324984239751e-04 2.685986649621331516e-09 7.426590755000331231e-12
1.172114407659961160e-04 2.725584335379759434e-09 7.020770474025200822e-12
1.185686852830827555e-04 2.783087568953390170e-09 6.704260027332862953e-12
1.199416459509744813e-04 2.855241205692927180e-09 6.530142659025542749e-12
1.213305047541206945e-04 2.932668792332750402e-09 6.530927536552128681e-12
1.227354457842515364e-04 3.007540706155423121e-09 6.719257998762191506e-12
1.241566552647784948e-04 3.075823574613672053e-09 7.077593654757509929e-12
1.255943215754789502e-04 3.122019756527185705e-09 7.570063629218671035e-12
1.270486352774653110e-04 3.145167185979347496e-09 8.148080333055965237e-12
1.285197891384432108e-04 3.141750498889632436e-09 8.737568815268019786e-12
1.300079781582635788e-04 3.120456102681093984e-09 9.273810097907836976e-12
1.315133995947690435e-04 3.081754440202191440e-09 9.665846523105856230e-12
1.330362529899404168e-04 3.033812749543500050e-09 9.882069921778823869e-12
1.345767401963458062e-04 2.986914309592635827e-09 9.885932985261676092e-12
1.361350654038956073e-04 2.954209719948742792e-09 9.684968360536346678e-12
1.377114351669082826e-04 2.935679668596407178e-09 9.296013494352368317e-12
1.393060584314884456e-04 2.943743550289559852e-09 8.799690277050223084e-12
1.409191465632227234e-04 2.973415962880793433e-09 8.278147123201463959e-12
1.425509133751954596e-04 3.026454761992597999e-09 7.819540505784242900e-12
1.442015751563302745e-04 3.092900343115487068e-09 7.512103404467099448e-12
1.458713507000582675e-04 3.163290893189155330e-09 7.422009184381468236e-12
1.475604613333193413e-04 3.223369154618198932e-09 7.577973012708601776e-12
1.492691309458980017e-04 3.275916905043822955e-09 7.962650662748910866e-12
1.509975860201007907e-04 3.301434017718814916e-09 8.532152617125119047e-12
1.527460556607755941e-04 3.300904598022551813e-09 9.170449035191999904e-12
1.545147716256795760e-04 3.276078116420757253e-09 9.780063431295262282e-12
1.563039683561977700e-04 3.237427309973931266e-09 1.023925113892330426e-11
1.581138830084189426e-04 3.193945378438560743e-09 1.046810627513948190e-11
1.599447554845698401e-04 3.158097230680284450e-09 1.042323322285280639e-11
1.617968284648140247e-04 3.142388131159700690e-09 1.010269230217622591e-11
1.636703474394191234e-04 3.149927708633883542e-09 9.611565043352487386e-12
1.655655607412955237e-04 3.183553901837015355e-09 9.023513390840619921e-12
1.674827195789137821e-04 3.239381048607646124e-09 8.521839602388565341e-12
1.694220780696013395e-04 3.302951042461338090e-09 8.198898470876032551e-12
1.713838932732252138e-04 3.364061688898634185e-09 8.172028267472021176e-12
1.733684252262658175e-04 3.410873093947136044e-09 8.455596713527740971e-12
1.753759369762839622e-04 3.430986756415216360e-09 8.995637291720834757e-12
1.774066946167876340e-04 3.426577525297130314e-09 9.667702052137514336e-12
1.794609673225026631e-04 3.397628714186107781e-09 1.031047293955797030e-11
1.815390273850506729e-04 3.357941138675412316e-09 1.076889843545973458e-11
1.836411502490422785e-04 3.322201025389298783e-09 1.090979977555994886e-11
1.857676145485863753e-04 3.303658972949510901e-09 1.072236136499368817e-11
1.879187021442221307e-04 3.309800138471759922e-09 1.024194559699608258e-11
1.900946981602805912e-04 3.344280863152190989e-09 9.643083972299448378e-12
1.922958910226767713e-04 3.397538647852275810e-09 9.080114406765827577e-12
1.945225724971402217e-04 3.457382319456296564e-09 8.764291816372343695e-12
1.967750377278886019e-04 3.504795003278695580e-09 8.805099575022158454e-12
1.990535852767486491e-04 3.534163669135303579e-09 9.208146925070504565e-12
2.013585171627295032e-04 3.533913802190527934e-09 9.852420010043253532e-12
2.036901389020562758e-04 3.512580454425899373e-09 1.055903754572072853e-11
2.060487595486651640e-04 3.473918873470089739e-09 1.108518521830339700e-11
2.084346917351677527e-04 3.443276034992614458e-09 1.126212867811901722e-11
2.108482517142911186e-04 3.432772418259965975e-09 1.105691739757629236e-11
2.132897594007962582e-04 3.450672288031934770e-09 1.048007810853186923e-11
2.157595384138824807e-04 3.492727740183058851e-09 9.844762603535678146e-12
2.182579161200830003e-04 3.548186185271560284e-09 9.349394855511977770e-12
2.207852236766562250e-04 3.598016023212137949e-09 9.205233564314203359e-12
2.233417960754814700e-04 3.627366793897229224e-09 9.561912868361384890e-12
2.259279721874612925e-04 3.622546394420846842e-09 1.020123013133367451e-11
2.285440948074375753e-04 3.592794949451378956e-09 1.093521013827355068e-11
2.311905106996301417e-04 3.564818947486325687e-09 1.143776902680262556e-11
2.338675706435990400e-04 3.543009818368942701e-09 1.151491209128250292e-11
2.365756294807400931e-04 3.544787969503305724e-09 1.114085021587700913e-11
2.393150461613192145e-04 3.577106040999162221e-09 1.048696379814121142e-11
2.420861837920496669e-04 3.625690247153031890e-09 9.890779876857632294e-12
2.448894096842230486e-04 3.668365564791424560e-09 9.628751456727703645e-12
2.477250954023952571e-04 3.701718508016249762e-09 9.867518900737075799e-12
2.505936168136362096e-04 3.692814656990249436e-09 1.052509232904481754e-11
2.534953541373522129e-04 3.668958167445404497e-09 1.127334122013095077e-11
2.564306919956823639e-04 3.639678442412194393e-09 1.171889211515218577e-11
2.594000194644804458e-04 3.634732378158357405e-09 1.163536466058978195e-11
2.624037301248860888e-04 3.643573713118103482e-09 1.115317322918187507e-11
2.654422221154941939e-04 3.687426126052274199e-09 1.046253796724630864e-11
2.685158981851263043e-04 3.730146599440209386e-09 1.001596088638460003e-11
2.716251657462165044e-04 3.763299476305827288e-09 1.007391348113168008e-11
2.747704369288123854e-04 3.761713499648375974e-09 1.066908946176778786e-11
2.779521286352018127e-04 3.736451507308131942e-09 1.144298473509873112e-11
2.811706625951744943e-04 3.724298168971184981e-09 1.193357551547955300e-11
2.844264654219206255e-04 3.689041725457030154e-09 1.183312297163448650e-11
2.877199686685782661e-04 3.746415989830804856e-09 1.124324565152637047e-11
2.910516088854357393e-04 3.766662866098725542e-09 1.054327266624703618e-11
2.944218276777944713e-04 3.802905674395381760e-09 1.027605697367109720e-11
2.978310717645051204e-04 3.830878715418178340e-09 1.059658031882835724e-11
3.012797930371790027e-04 3.809659065872570625e-09 1.134158112583938038e-11
3.047684486200846234e-04 3.772200581854611271e-09 1.196346092679708555e-11
3.082975009307410805e-04 3.764412791255583295e-09 1.207185003248066696e-11
3.118674177412095313e-04 3.814018688191240327e-09 1.157458762498683589e-11
3.154786722400964379e-04 3.826329034939118579e-09 1.084252297227759011e-11
3.191317430952743915e-04 3.854993996715342897e-09 1.053332978987260582e-11
3.228271145173277810e-04 3.871543638549998847e-09 1.088638562038583379e-11
3.265652763237360972e-04 3.834465697246398634e-09 1.168524035589051409e-11
3.303467240037981823e-04 3.809187737310699363e-09 1.222345612253700822e-11
3.341719587843073962e-04 3.822650070987613461e-09 1.210572954939411534e-11
3.380414876959908759e-04 3.875240880303655667e-09 1.143843471754917231e-11
3.419558236407145655e-04 3.872947408712596559e-09 1.083596191456567163e-11
3.459154854594680595e-04 3.912613613484682739e-09 1.085881483715994296e-11
3.499209980011365223e-04 3.887613729730317044e-09 1.156077770624421502e-11
3.539728921920689544e-04 3.869178308646476289e-09 1.223563852498821238e-11
3.580717051064509363e-04 3.868067962424555167e-09 1.226883411736133752e-11
3.622179800374948611e-04 3.883688927077241519e-09 1.168544999782907019e-11
3.664122665694521551e-04 3.927642914655057158e-09 1.101877497567688653e-11
3.706551206504588155e-04 3.938561254222660743e-09 1.109135944597017335e-11
3.749471046662278739e-04 3.923915258935132564e-09 1.177750013995731482e-11
3.792887875145917642e-04 3.908597353454615096e-09 1.246648605283457900e-11
3.836807446809092350e-04 3.872339630688614724e-09 1.234120795101453915e-11
3.881235583143459109e-04 3.942901626074544635e-09 1.160324162029524575e-11
3.926178173050359310e-04 3.970929326468421621e-09 1.113809126854172818e-11
3.971641173621406028e-04 3.976834403780270783e-09 1.150496069419035339e-11
4.017630610928087857e-04 3.893597438890953506e-09 1.232378601624538178e-11
4.064152580820496862e-04 3.921716714685121215e-09 1.258193220156147541e-11
4.111213249735355723e-04 3.952024405079399253e-09 1.202043901178853446e-11
4.158818855513353842e-04 3.951990951092596413e-09 1.134807555910909274e-11
4.206975708225973477e-04 3.974834901652059517e-09 1.150368610163807691e-11
4.255690191011882867e-04 3.979490143227592244e-09 1.227045810606335780e-11
4.304968760923003155e-04 3.969384594758819873e-09 1.268126073066764450e-11
4.354817949780401981e-04 3.989346782329911575e-09 1.215966252229515954e-11
4.405244365040072280e-04 3.966770039655881817e-09 1.147833196088080036e-11
4.456254690668729119e-04 3.970372427475090820e-09 1.165849059905253840e-11
4.507855688029784470e-04 4.005505406039883344e-09 1.245107562362471468e-11
4.560054196779547643e-04 4.005401065597942738e-09 1.272734473700110193e-11
4.612857135773813463e-04 4.036053326635583978e-09 1.204250862481753818e-11
4.666271503984952018e-04 4.035700801935485462e-09 1.155672267546025733e-11
4.720304381429617636e-04 4.044502872356317454e-09 1.206901828109343367e-11
4.774962930107179535e-04 4.012382915195399099e-09 1.270867541896032229e-11
4.830254394949064418e-04 4.067110050423985118e-09 1.258522547742153681e-11
4.886186104779055486e-04 4.054142618380702041e-09 1.180353215751813545e-11
4.942765473284694211e-04 4.073002422170329115e-09 1.182763566155276127e-11
4.999999999999999020e-04 4.076788113381667371e-09 1.264204172051440745e-11
5.057897271299491120e-04 4.074018943554496208e-09 1.284079458409631786e-11
5.116464961403767615e-04 4.084059578450182667e-09 1.209543342181553422e-11
5.175710833396719507e-04 4.110721699058858064e-09 1.187824785260865156e-11
5.235642740254497010e-04 4.067489147212717857e-09 1.253018573445592073e-11
5.296268625886442309e-04 4.023057381315347325e-09 1.291797520635504599e-11
5.357596526188034176e-04 4.108919387968729674e-09 1.235017049566964281e-11
5.419634570106019031e-04 4.096696246726664514e-09 1.192631715801866259e-11
5.482390980715924666e-04 4.130524499970285716e-09 1.253611200044377344e-11
5.545874076312003274e-04 4.083191996315170164e-09 1.293670540068871418e-11
5.610092271509814097e-04 4.096516267761822520e-09 1.223090251994349274e-11
5.675054078361570394e-04 4.133057938553554054e-09 1.205380495578347461e-11
5.740768107484413340e-04 4.104814522107591978e-09 1.286750265162785365e-11
5.807243069201712630e-04 4.063623062139175564e-09 1.281398549173159856e-11
5.874487774697650716e-04 4.130201707958677101e-09 1.206060946809512634e-11
5.942511137185093944e-04 4.115772481583090547e-09 1.221845688285007269e-11
6.011322173087065013e-04 4.096273452456098821e-09 1.288032424492212868e-11
6.080930003231838424e-04 4.129748570825610801e-09 1.261742584507273502e-11
6.151343854061905054e-04 4.169435361363125445e-09 1.211099564582166062e-11
6.222573058856920762e-04 4.142573036341359464e-09 1.282122542095824818e-11
6.294627058970836365e-04 4.135450301569254179e-09 1.311056258854603704e-11
6.367515405083307633e-04 4.171589585039010021e-09 1.231058599116065878e-11
6.441247758465673719e-04 4.163208390069308019e-09 1.261581937445705801e-11
6.515833892261499666e-04 4.154891013923384298e-09 1.307628658466227841e-11
6.591283692782036463e-04 4.180889241326596645e-09 1.241973421112862061e-11
6.667607160816619227e-04 4.170983717085037060e-09 1.244123732010800103e-11
6.744814412958265908e-04 4.176902021933635415e-09 1.319451541010560332e-11
6.822915682944618535e-04 4.152345774662747230e-09 1.284033250467969263e-11
6.901921323014425418e-04 4.179582056086295672e-09 1.241969527482547153e-11
6.981841805279687899e-04 4.152602325368190734e-09 1.331184543216593376e-11
7.062687723113776324e-04 4.170928269638386141e-09 1.273635444098813551e-11
7.144469792555517389e-04 4.138008101554219098e-09 1.253479442248586397e-11
7.227198853729638849e-04 4.190702101869833773e-09 1.322973506530887040e-11
7.310885872283591101e-04 4.181028057382873362e-09 1.296793377038047115e-11
7.395541940841035122e-04 4.200633483819106943e-09 1.258240247072756205e-11
7.481178280472162642e-04 4.150720112355130636e-09 1.334972920525613003e-11
7.567806242181033963e-04 4.185212118079294268e-09 1.277615687901543092e-11
7.655437308410150245e-04 4.184269059975215205e-09 1.270591284071573769e-11
7.744083094562404478e-04 4.169983911071016865e-09 1.327231587193909385e-11
7.833755350540748310e-04 4.165761644744326830e-09 1.265151671728603059e-11
7.924465962305569326e-04 4.212724431502437503e-09 1.281299818205898667e-11
8.016226953450208102e-04 4.210834974561723687e-09 1.331321800274100690e-11
8.109050486794647586e-04 4.233303068229013834e-09 1.250364994027034046e-11
8.202948865997692447e-04 4.183790999994052564e-09 1.321327265502749008e-11
8.297934537187797799e-04 4.252105932399000769e-09 1.308346787154189650e-11
8.394020090612802068e-04 4.203169011088255780e-09 1.280112746633606438e-11
8.491218262308720130e-04 4.188342509719668333e-09 1.336080083885813712e-11
8.589541935787945847e-04 4.231759261339221425e-09 1.268908990418776982e-11
8.689004143746880239e-04 4.227170259232474737e-09 1.327135650073153554e-11
8.789618069793464538e-04 4.206202211002362095e-09 1.299896270313362443e-11
8.891397050194613759e-04 4.198026230123934182e-09 1.289703175582249790e-11
8.994354575643935708e-04 4.210615472628916437e-09 1.336229871752057251e-11
9.098504293049911040e-04 4.221384275053693817e-09 1.278087912479466479e-11
9.203860007344779421e-04 4.219071384607668501e-09 1.336401485768009622e-11
9.310435683314336689e-04 4.196143056996496371e-09 1.280898996811517696e-11
9.418245447449009487e-04 4.252129998590096989e-09 1.327049669276916893e-11
9.527303589816240974e-04 4.249508528937673454e-09 1.310505580121749465e-11
9.637624565954680924e-04 4.223418974602672028e-09 1.311985599148119151e-11
9.749222998790225752e-04 4.266400803277340374e-09 1.333602167872805548e-11
9.862113680574266256e-04 4.250041586875463570e-09 1.295278676534243849e-11
9.976311574844392432e-04 4.247481233907594387e-09 1.347332603065393583e-11
1.009183181840779715e-03 4.258290065587362306e-09 1.300258690595402430e-11
1.020868972334764650e-03 4.225678588849354913e-09 1.356106907684519636e-11
1.032690077905264441e-03 4.238481052169285243e-09 1.286897684169476956e-11
1.044648065427020373e-03 4.244537907124117902e-09 1.345728968700202528e-11
1.056744519918323758e-03 4.251059995483078109e-09 1.292973017277479790e-11
1.068981044751116105e-03 4.234252102426974574e-09 1.359063477000521421e-11
1.081359261863509879e-03 4.259977339581953823e-09 1.297949648179614435e-11
1.093880811974775810e-03 4.248806387408603800e-09 1.354415771012512873e-11
1.106547354802818028e-03 4.271665347966818345e-09 1.300997433478163957e-11
1.119360569284169951e-03 4.264171205872544088e-09 1.355855218155735461e-11
1.132322153796529608e-03 4.249047069198053670e-09 1.303018773307596317e-11
1.145433826383887273e-03 4.236276215277031027e-09 1.352686599755584548e-11
1.158697324984239805e-03 4.255876567271126416e-09 1.310075436823466303e-11
1.172114407659961268e-03 4.260945071202221422e-09 1.338683917798048711e-11
1.185686852830827474e-03 4.268802359575738806e-09 1.335891248860905926e-11
1.199416459509744732e-03 4.254438569320055140e-09 1.328744137353960189e-11
1.213305047541207108e-03 4.237073064216731961e-09 1.350700920834066827e-11
1.227354457842515364e-03 4.262325181513565301e-09 1.314012229240737102e-11
1.241566552647785111e-03 4.265914093569021327e-09 1.363355581273581547e-11
1.255943215754791020e-03 4.295537865089257480e-09 1.320850556701730450e-11
1.270486352774653164e-03 4.281862875408142933e-09 1.344679445644975710e-11
1.285197891384432054e-03 4.269870894852589608e-09 1.347620536136191715e-11
1.300079781582635843e-03 4.269467397072149699e-09 1.326729282368401393e-11
1.315133995947690652e-03 4.271161579997480791e-09 1.361559197333710815e-11
1.330362529899404168e-03 4.290092804629596384e-09 1.325116056077319118e-11
1.345767401963456761e-03 4.279036581582646534e-09 1.341518193070681971e-11
1.361350654038956127e-03 4.286481645830246201e-09 1.367466385134356630e-11
1.377114351669082772e-03 4.299170202068512168e-09 1.319719994402416889e-11
1.393060584314885974e-03 4.283348478611626095e-09 1.351655815581062640e-11
1.409191465632227396e-03 4.290040026368398903e-09 1.365505434224138447e-11
1.425509133751954758e-03 4.289725722564814723e-09 1.321084160002521446e-11
1.442015751563302745e-03 4.277849877823616620e-09 1.359530615796195262e-11
1.458713507000582730e-03 4.281970005836043203e-09 1.361714929361421373e-11
1.475604613333191895e-03 4.287788861457315662e-09 1.330772720910376431e-11
1.492691309458979909e-03 4.306610824978821420e-09 1.349127552310806718e-11
1.509975860201007852e-03 4.291780315880118205e-09 1.368523603281059526e-11
1.527460556607757730e-03 4.284735398315108380e-09 1.336831040403415363e-11
1.545147716256796032e-03 4.291031347632615119e-09 1.343716380335275067e-11
1.563039683561977646e-03 4.297033801461040399e-09 1.371188753063830886e-11
1.581138830084189697e-03 4.287119698173321219e-09 1.368716245141935652e-11
1.599447554845698618e-03 4.289421195062332928e-09 1.341368760785110541e-11
1.617968284648140355e-03 4.289351846311691863e-09 1.343103418370807681e-11
1.636703474394191234e-03 4.295412610416015188e-09 1.369397011103556934e-11
1.655655607412955237e-03 4.279920837675464344e-09 1.372888052201554029e-11
1.674827195789139501e-03 4.284839448276438594e-09 1.345041535905408805e-11
1.694220780696013232e-03 4.288163245002489076e-09 1.342717350318950588e-11
1.713838932732252192e-03 4.283576856783080825e-09 1.362196382393604301e-11
1.733684252262658121e-03 4.303599991258715841e-09 1.380100366672711503e-11
1.753759369762839622e-03 4.295914631013562244e-09 1.371179805642297777e-11
1.774066946167876394e-03 4.297202622697779357e-09 1.353864165842659906e-11
1.794609673225024734e-03 4.294147672278707086e-09 1.346380992568447511e-11
1.815390273850506784e-03 4.290554523727582010e-09 1.350834740874342792e-11
1.836411502490423002e-03 4.277066776896463138e-09 1.364168212150883748e-11
1.857676145485863753e-03 4.306811915667160341e-09 1.381193690031327087e-11
1.879187021442221307e-03 4.300505853700842033e-09 1.380498471007927523e-11
1.900946981602806129e-03 4.291323898544805696e-09 1.376349030287218730e-11
1.922958910226767659e-03 4.289502344399669666e-09 1.364500038116886374e-11
1.945225724971402217e-03 4.304098210306945781e-09 1.355320105564381843e-11
1.967750377278885965e-03 4.288990361014199163e-09 1.351752751437419360e-11
1.990535852767486274e-03 4.293892311034756313e-09 1.349912914534287619e-11
2.013585171627295303e-03 4.298830651614520001e-09 1.353315978384030048e-11
2.036901389020564709e-03 4.297744598609707404e-09 1.354205431683208432e-11
2.060487595486651911e-03 4.296430328760899409e-09 1.360739819453696413e-11
2.084346917351677202e-03 4.309595380533559394e-09 1.363222891329186644e-11
2.108482517142911024e-03 4.300398463810544724e-09 1.363733163589079014e-11
2.132897594007962527e-03 4.299771649743113725e-09 1.365218470534904460e-11
2.157595384138824915e-03 4.301085735010511199e-09 1.364566832832421653e-11
2.182579161200830058e-03 4.298501712199378083e-09 1.364046674750085682e-11
2.207852236766562250e-03 4.290892308687841335e-09 1.362567082950068013e-11
2.233417960754816977e-03 4.292514805854151559e-09 1.359609498286597763e-11
2.259279721874612925e-03 4.303233751075311422e-09 1.358322312103599232e-11
2.285440948074375644e-03 4.305343507573367720e-09 1.359968633939592269e-11
2.311905106996301525e-03 4.296029419450576714e-09 1.363023502795291023e-11
2.338675706435990129e-03 4.300584296247188863e-09 1.368402971149254495e-11
2.365756294807401256e-03 4.292404815278640989e-09 1.377416274704088123e-11
2.393150461613189652e-03 4.286851576275985676e-09 1.386820954007460175e-11
2.420861837920496723e-03 4.283767164074186030e-09 1.388397514846724766e-11
2.448894096842230486e-03 4.290399612225592005e-09 1.380767128393351285e-11
2.477250954023952571e-03 4.297557319275960382e-09 1.372112074024209406e-11
2.505936168136362312e-03 4.307935042097735560e-09 1.363066066367953247e-11
2.534953541373521912e-03 4.284413052495062761e-09 1.370297458658324028e-11
2.564306919956823531e-03 4.294315261673987422e-09 1.384631472974042719e-11
2.594000194644804566e-03 4.289929231160282910e-09 1.388851547878977007e-11
2.624037301248860997e-03 4.297758576810378464e-09 1.375365729513043523e-11
2.654422221154942047e-03 4.286478310564289779e-09 1.366545996717368092e-11
2.685158981851263043e-03 4.291918335714772070e-09 1.384470150224190566e-11
2.716251657462167863e-03 4.294496122862121114e-09 1.391038307362282274e-11
2.747704369288123637e-03 4.284984056388623449e-09 1.374648274541054809e-11
2.779521286352018127e-03 4.289849101720322003e-09 1.372153287283945679e-11
2.811706625951745052e-03 4.301718989303182388e-09 1.393864090678999262e-11
2.844264654219206146e-03 4.291539995916155807e-09 1.380622318149080420e-11
2.877199686685782878e-03 4.284747312924317894e-09 1.371970136725046652e-11
2.910516088854357610e-03 4.292790165633028740e-09 1.391842072627858938e-11
2.944218276777944496e-03 4.297910024459058318e-09 1.376366766943511126e-11
2.978310717645054131e-03 4.289423645199795410e-09 1.381249649220962467e-11
3.012797930371790243e-03 4.283819558354073436e-09 1.390452206887778647e-11
3.047684486200845800e-03 4.286196859207540311e-09 1.374079451365826636e-11
3.082975009307410696e-03 4.286592805773420248e-09 1.394104772487073259e-11
3.118674177412095096e-03 4.301322120250521289e-09 1.374220120046712282e-11
3.154786722400964704e-03 4.287665144288724891e-09 1.392878522560105308e-11
3.191317430952740879e-03 4.298411120311632719e-09 1.377806067002428157e-11
3.228271145173277051e-03 4.283487686521011839e-09 1.392937492422724293e-11
3.265652763237360864e-03 4.273910507886064026e-09 1.376690860261793491e-11
3.303467240037982148e-03 4.286766434565010547e-09 1.393498429310079238e-11
3.341719587843074504e-03 4.286942965192074191e-09 1.377787076538035737e-11
3.380414876959908759e-03 4.277805095785030284e-09 1.394274112191593046e-11
3.419558236407146089e-03 4.280676851471647757e-09 1.383509351095791418e-11
3.459154854594680487e-03 4.290629468080816091e-09 1.384572482052534634e-11
3.499209980011365115e-03 4.274755409596018902e-09 1.396097081382943646e-11
3.539728921920689327e-03 4.283440894185824530e-09 1.380163328080092908e-11
3.580717051064509580e-03 4.271111995621691623e-09 1.387803288774710449e-11
3.622179800374953056e-03 4.281177448519274645e-09 1.397801055479141466e-11
3.664122665694521767e-03 4.275952099780291060e-09 1.382340230476998382e-11
3.706551206504588372e-03 4.254577692241306515e-09 1.382053843934977124e-11
3.749471046662278956e-03 4.274552889090464603e-09 1.396695314277594270e-11
3.792887875145917100e-03 4.261839378764163180e-09 1.395874088068355522e-11
3.836807446809092133e-03 4.267040605827936539e-09 1.385569762808468077e-11
3.881235583143458675e-03 4.268774712249306772e-09 1.381658575971178113e-11
3.926178173050358551e-03 4.266688731158326453e-09 1.387939509551597144e-11
3.971641173621410364e-03 4.267808105776158980e-09 1.393630205768655188e-11
4.017630610928087966e-03 4.266317057820068005e-09 1.399051801605918017e-11
4.064152580820497296e-03 4.266905425163035119e-09 1.398105515698231054e-11
4.111213249735355506e-03 4.259746935780381622e-09 1.396757571014942946e-11
4.158818855513353625e-03 4.266356978023606535e-09 1.393784711084323476e-11
4.206975708225973477e-03 4.267670962350829665e-09 1.392442309981611339e-11
4.255690191011879397e-03 4.254504953122984903e-09 1.387620835262234526e-11
4.304968760923003589e-03 4.264400912537928670e-09 1.390982807849054427e-11
4.354817949780402306e-03 4.263060072733625607e-09 1.393683114043663087e-11
4.405244365040072822e-03 4.264151892979396150e-09 1.396060943483757168e-11
4.456254690668728577e-03 4.261094877967278960e-09 1.399110052270295612e-11
4.507855688029784903e-03 4.260989836573284678e-09 1.401344989676505957e-11
4.560054196779547535e-03 4.255850363854752120e-09 1.398590212568944255e-11
4.612857135773813788e-03 4.261886908067030842e-09 1.393605205263825838e-11
4.666271503984952343e-03 4.255822593654080335e-09 1.386150206744099722e-11
4.720304381429616877e-03 4.254366737655282125e-09 1.390553004056673864e-11
4.774962930107178559e-03 4.259591177592647635e-09 1.400027108159656737e-11
4.830254394949069947e-03 4.252659769446598473e-09 1.400118797596317759e-11
4.886186104779055052e-03 4.254917679840879019e-09 1.390586824870263647e-11
4.942765473284694427e-03 4.250585430242545085e-09 1.393635995528820743e-11
4.999999999999999237e-03 4.248677821181414157e-09 1.400310228980749109e-11
5.057897271299491120e-03 4.250562587104832298e-09 1.391262400272356450e-11
5.116464961403772820e-03 4.252772454736056866e-09 1.397406495181003472e-11
5.175710833396719723e-03 4.254686203050682575e-09 1.399536874177864912e-11
5.235642740254497010e-03 4.242877596650020463e-09 1.393080807099904793e-11
5.296268625886442309e-03 4.252061292597158997e-09 1.402268808781899607e-11
5.357596526188034176e-03 4.250928033217749162e-09 1.392047150620763468e-11
5.419634570106018380e-03 4.249058652030543313e-09 1.402475925070112572e-11
5.482390980715924449e-03 4.247774732120825622e-09 1.395295083939818918e-11
5.545874076312003707e-03 4.247035658467391851e-09 1.397776248885120380e-11
5.610092271509814314e-03 4.240531198241021941e-09 1.401919826073528538e-11
5.675054078361576465e-03 4.240990050294766503e-09 1.392583817854758349e-11
5.740768107484413990e-03 4.230689142097173643e-09 1.400737870721594652e-11
5.807243069201712196e-03 4.237506330965719065e-09 1.402232028650812253e-11
5.874487774697644861e-03 4.236642541196336954e-09 1.394310558999867900e-11
5.942511137185094161e-03 4.234247811219094132e-09 1.393746245933613036e-11
6.011322173087065013e-03 4.235721975393939120e-09 1.400456569903687653e-11
6.080930003231838424e-03 4.233443957256325116e-09 1.404326777147752984e-11
6.151343854061904620e-03 4.235883628089652324e-09 1.403895610118964966e-11
6.222573058856927485e-03 4.234571709347726062e-09 1.401493871716411859e-11
6.294627058970835715e-03 4.232209954008300727e-09 1.399787166814743564e-11
6.367515405083306983e-03 4.232701568229027234e-09 1.398836728459676382e-11
6.441247758465666780e-03 4.230769275260728609e-09 1.399102133498372815e-11
6.515833892261499449e-03 4.228996130252219883e-09 1.400080249160676443e-11
6.591283692782035596e-03 4.226360345430481396e-09 1.402979310850827872e-11
6.667607160816618576e-03 4.223684861034696836e-09 1.405537264163304915e-11
6.744814412958264824e-03 4.227718783167116471e-09 1.405261652311771655e-11
6.822915682944624173e-03 4.224771150069263592e-09 1.402309382324246936e-11
6.901921323014425201e-03 4.222803941546255038e-09 1.396084437655694760e-11
6.981841805279686598e-03 4.218582422694870219e-09 1.400665485036177345e-11
7.062687723113769168e-03 4.220763131326365394e-09 1.405978101800868711e-11
7.144469792555517389e-03 4.220263852002659322e-09 1.398756729473911313e-11
7.227198853729638849e-03 4.221470926597319044e-09 1.400256210634841659e-11
7.310885872283589583e-03 4.218303940587136497e-09 1.405486294254066642e-11
7.395541940841033821e-03 4.215588997740295605e-09 1.398288217726556079e-11
7.481178280472170448e-03 4.213176341221437593e-09 1.406297368866298435e-11
7.567806242181042420e-03 4.213032487316176113e-09 1.398579194807508674e-11
7.655437308410150896e-03 4.212382736710016179e-09 1.405407566813961659e-11
7.744083094562405345e-03 4.208387025938587846e-09 1.403024639619938363e-11
7.833755350540741805e-03 4.211853635647300933e-09 1.399389407917518424e-11
7.924465962305568892e-03 4.209350659977631992e-09 1.406858649412305253e-11
8.016226953450207235e-03 4.204655745966819250e-09 1.405157505920450776e-11
8.109050486794647586e-03 4.205249133854093983e-09 1.402045298539759992e-11
8.202948865997691796e-03 4.206658814733756434e-09 1.399508089977890114e-11
8.297934537187806256e-03 4.209757001481999557e-09 1.402607549552447000e-11
8.394020090612802285e-03 4.202244409145190063e-09 1.404551372315257301e-11
8.491218262308719913e-03 4.198629915870075863e-09 1.404379590440634554e-11
8.589541935787937607e-03 4.200321265361278554e-09 1.405725461684828728e-11
8.689004143746880890e-03 4.200739604252135576e-09 1.404560648968394095e-11
8.789618069793463453e-03 4.199789507325165202e-09 1.400841765039732261e-11
8.891397050194612892e-03 4.194733542589190400e-09 1.400582309330775782e-11
8.994354575643936575e-03 4.196701707420131370e-09 1.401920921463762125e-11
9.098504293049921449e-03 4.192872450274295338e-09 1.406899572588820042e-11
9.203860007344780506e-03 4.192846906050129587e-09 1.405872838439945493e-11
9.310435683314336255e-03 4.191940094092455080e-09 1.400279604021029181e-11
9.418245447449000163e-03 4.189193204020475667e-09 1.407915995561730229e-11
9.527303589816240106e-03 4.192157766098168288e-09 1.401996744777895485e-11
9.637624565954681574e-03 4.187521675179735746e-09 1.407492771520406027e-11
9.749222998790225969e-03 4.186783762159410504e-09 1.401052555096440852e-11
9.862113680574265823e-03 4.185568463230112806e-09 1.408416684161206502e-11
9.976311574844402841e-03 4.183134244155325342e-09 1.402694589971540804e-11
1.009183181840780756e-02 4.180531011678268801e-09 1.407061874193259772e-11
1.020868972334764736e-02 4.181230896889763180e-09 1.407638329547568973e-11
1.032690077905264354e-02 4.180001671468776053e-09 1.408113702342036394e-11
1.044648065427019289e-02 4.178011382019840303e-09 1.407513073709180136e-11
1.056744519918323758e-02 4.178329417698442619e-09 1.403723344311527714e-11
1.068981044751116105e-02 4.175504947853470271e-09 1.404785355626292793e-11
1.081359261863509835e-02 4.159640258678826960e-09 1.406059968496431530e-11
1.093880811974775810e-02 4.171964525569297058e-09 1.407231148745874264e-11
1.106547354802819155e-02 4.170920395560184193e-09 1.409380534379947295e-11
1.119360569284169951e-02 4.172089498900277912e-09 1.408331484605859471e-11
1.132322153796529694e-02 4.169152566362694417e-09 1.403654500331208281e-11
1.145433826383886015e-02 4.163357214853015883e-09 1.407802215315858458e-11
1.158697324984239718e-02 4.165247995215646943e-09 1.407272159277352919e-11
1.172114407659961138e-02 4.165671268943354337e-09 1.404326779493743669e-11
1.185686852830827517e-02 4.164533436643733598e-09 1.407882198122686612e-11
1.199416459509744862e-02 4.162483167230095701e-09 1.407799748177556539e-11
1.213305047541208236e-02 4.159190543497360899e-09 1.405677452642847415e-11
1.227354457842515581e-02 4.158203978560603908e-09 1.404951911476019104e-11
1.241566552647785024e-02 4.159080717764383896e-09 1.409683155906006231e-11
1.255943215754789719e-02 4.160009666838872180e-09 1.406168495665580494e-11
1.270486352774653077e-02 4.154391517770778763e-09 1.407264825616698207e-11
1.285197891384432141e-02 4.149036317128405405e-09 1.406706327730068485e-11
1.300079781582635929e-02 4.151421007434029773e-09 1.408039910977324147e-11
1.315133995947690565e-02 4.151138091542085281e-09 1.409587596054108324e-11
1.330362529899405295e-02 4.150798271916225229e-09 1.409905024205621090e-11
1.345767401963457975e-02 4.149852406288192312e-09 1.405512907344128111e-11
1.361350654038956214e-02 4.147802019786023668e-09 1.406703559991883703e-11
1.377114351669082859e-02 4.147332361017764427e-09 1.409101905977621676e-11
1.393060584314884283e-02 4.144745088841434320e-09 1.406461544135611255e-11
1.409191465632227136e-02 4.141082512497884598e-09 1.410407018502088095e-11
1.425509133751954628e-02 4.144147407311208314e-09 1.409371947954128533e-11
1.442015751563302701e-02 4.140373358435816267e-09 1.404652570176158640e-11
1.458713507000582686e-02 4.134768603136508565e-09 1.406385028822514605e-11
1.475604613333193239e-02 4.137839756966472701e-09 1.411678983743607847e-11
1.492691309458979952e-02 4.151257987697345001e-09 1.408978785932410452e-11
1.509975860201007852e-02 4.133906275702801908e-09 1.408526218314793194e-11
1.527460556607755995e-02 4.136802568562247285e-09 1.407335036307787231e-11
1.545147716256795728e-02 4.130017025972153585e-09 1.406715731658696660e-11
1.563039683561977602e-02 4.130080577206301674e-09 1.409547921183364865e-11
1.581138830084189567e-02 4.129466272656962381e-09 1.409894468317326902e-11
1.599447554845698227e-02 4.126127957219856828e-09 1.407887893686349025e-11
1.617968284648142047e-02 4.124989152059782687e-09 1.412590510107576003e-11
1.636703474394191060e-02 4.126004073272391184e-09 1.410506181624928894e-11
1.655655607412955324e-02 4.123942702332214397e-09 1.407144396428642652e-11
1.674827195789137593e-02 4.123035266068147592e-09 1.408220615505504636e-11
1.694220780696013492e-02 4.118830469930273387e-09 1.405752336063731284e-11
1.713838932732252018e-02 4.118983293910623889e-09 1.409202729547939711e-11
1.733684252262658251e-02 4.117976759286711324e-09 1.408496842628046368e-11
1.753759369762839665e-02 4.116471280539362568e-09 1.407341500771244944e-11
1.774066946167878259e-02 4.116872989492631352e-09 1.405555932802332167e-11
1.794609673225026555e-02 4.113212461700638573e-09 1.411148759322752287e-11
1.815390273850506567e-02 4.125779108120345134e-09 1.407814564378653474e-11
1.836411502490422828e-02 4.114245842295802166e-09 1.409432459086206822e-11
1.857676145485861671e-02 4.108604527198328279e-09 1.411146742588360659e-11
1.879187021442221481e-02 4.106406855660508102e-09 1.408130573625345120e-11
1.900946981602805869e-02 4.104327672466544839e-09 1.407800747949290810e-11
1.922958910226767529e-02 4.106467665382389495e-09 1.408631103703587915e-11
1.945225724971402087e-02 4.103695454638440516e-09 1.407772539476900695e-11
1.967750377278888047e-02 4.103424869663937055e-09 1.408606583259815596e-11
1.990535852767486361e-02 4.100867921482510693e-09 1.411221902498978067e-11
2.013585171627295042e-02 4.098747166216400753e-09 1.410074040705994228e-11
2.036901389020562628e-02 4.102085959515721363e-09 1.409124173923642319e-11
2.060487595486651738e-02 4.097311331226328882e-09 1.410136791145780183e-11
2.084346917351677375e-02 4.093392715935702431e-09 1.411138365782993586e-11
2.108482517142910850e-02 4.092428955656348480e-09 1.411524592796768991e-11
2.132897594007962527e-02 4.089209378780601272e-09 1.410828845847870404e-11
2.157595384138826997e-02 4.090435433169832934e-09 1.411963687808231732e-11
2.182579161200830231e-02 4.089215358393577281e-09 1.402755570820273654e-11
2.207852236766562337e-02 4.087673650287183186e-09 1.409721580004334659e-11
2.233417960754814982e-02 4.089011559762268755e-09 1.431005317185020873e-11
2.259279721874612665e-02 4.082803684392029467e-09 1.410308098455614850e-11
2.285440948074375644e-02 4.080224040392366097e-09 1.411665564562867243e-11
2.311905106996301265e-02 4.080143806744792155e-09 1.410289526910020871e-11
2.338675706435990390e-02 4.078113415427046576e-09 1.409582306992855907e-11
2.365756294807403598e-02 4.077844629518364783e-09 1.409738910713014528e-11
2.393150461613192254e-02 4.077128796256161101e-09 1.412823714081568356e-11
2.420861837920496723e-02 4.074907145372314349e-09 1.412158846281533124e-11
2.448894096842230833e-02 4.073629362479266023e-09 1.409386293760605276e-11
2.477250954023949708e-02 4.065288221631210157e-09 1.411320696885662417e-11
2.505936168136362399e-02 4.069159740196981191e-09 1.411558080136616671e-11
2.534953541373521912e-02 4.068721568209662019e-09 1.409832823697148163e-11
2.564306919956823791e-02 4.067712404141092533e-09 1.409695752727779442e-11
2.594000194644804219e-02 4.066428197773818571e-09 1.410781642759448987e-11
2.624037301248863946e-02 4.062226341974154806e-09 1.411318833326920645e-11
2.654422221154941960e-02 4.064451263015494150e-09 1.412522115603611113e-11
2.685158981851263130e-02 4.058210094767593576e-09 1.410297130858768207e-11
2.716251657462165001e-02 4.060674072957187165e-09 1.405367854328181670e-11
2.747704369288124157e-02 4.059195811523342797e-09 1.412955646883752121e-11
2.779521286352018214e-02 4.058443078991522870e-09 1.412059527843124285e-11
2.811706625951744531e-02 4.054040813997351016e-09 1.412505278423613420e-11
2.844264654219205712e-02 4.054735182244000416e-09 1.410027835711036945e-11
2.877199686685785740e-02 4.047626472232230224e-09 1.408933598505732427e-11
2.910516088854357350e-02 4.051330078590442725e-09 1.410347650525305450e-11
2.944218276777944496e-02 4.049192749237959655e-09 1.412181132778789426e-11
2.978310717645051356e-02 4.048811634726180206e-09 1.412282770263220604e-11
3.012797930371789723e-02 4.048008580772329280e-09 1.412871072387105225e-11
3.047684486200846060e-02 4.045605905279409523e-09 1.410751372581961690e-11
3.082975009307410696e-02 4.045256550376908035e-09 1.410278198630754700e-11
3.118674177412094836e-02 4.042367647263263478e-09 1.409882768376141252e-11
3.154786722400967913e-02 4.039884170822195275e-09 1.412324916964355110e-11
3.191317430952744089e-02 4.029470577002571921e-09 1.411964982857763473e-11
3.228271145173277484e-02 4.028925360408523073e-09 1.412249310022357475e-11
3.265652763237360950e-02 4.033266064516320838e-09 1.412423567065595795e-11
3.303467240037978592e-02 4.035621084710959873e-09 1.410990790319493059e-11
3.341719587843074157e-02 4.033065547205198081e-09 1.412597350059532229e-11
3.380414876959909193e-02 4.032020900993474705e-09 1.411960897615777181e-11
3.419558236407145568e-02 4.032247280921995249e-09 1.412689692226285305e-11
3.459154854594680834e-02 4.026166425156287983e-09 1.411088672128861103e-11
3.499209980011368931e-02 3.974509678210439806e-09 1.411745882749063076e-11
3.539728921920690108e-02 4.026899998085963435e-09 1.410160436382218046e-11
3.580717051064509493e-02 4.025045218010883412e-09 1.410926375021902853e-11
3.622179800374948633e-02 4.022200541730968028e-09 1.409152759259870581e-11
3.664122665694521941e-02 4.023467783308099996e-09 1.411652290489283933e-11
3.706551206504588025e-02 4.018311879593083027e-09 1.410682185778009827e-11
3.749471046662278956e-02 4.018109764334261035e-09 1.412487709580715217e-11
3.792887875145917187e-02 4.010676152947064675e-09 1.412590508332704257e-11
3.836807446809096384e-02 4.015194042697806423e-09 1.410692475720670178e-11
3.881235583143459456e-02 4.028428421628977852e-09 1.411788543150578877e-11
3.926178173050358378e-02 4.011759997118698533e-09 1.412829468861433230e-11
3.971641173621406201e-02 4.010058693213791751e-09 1.411093642864452265e-11
4.017630610928087792e-02 4.005780998577211404e-09 1.412798144423827524e-11
4.064152580820497296e-02 4.008384001987950965e-09 1.410379928963253598e-11
4.111213249735355679e-02 4.007469327731345636e-09 1.409690130509029317e-11
4.158818855513353452e-02 4.003272403631079192e-09 1.411943033353974997e-11
4.206975708225977467e-02 4.003680180170297409e-09 1.411218353973351466e-11
4.255690191011883561e-02 4.000549715775667812e-09 1.413038069782369489e-11
4.304968760923003068e-02 4.001366081263238094e-09 1.412612268949961737e-11
4.354817949780401959e-02 3.997828133489966595e-09 1.411461734730569501e-11
4.405244365040068139e-02 3.995628834319303215e-09 1.413455428428502829e-11
4.456254690668728924e-02 3.993605817611905394e-09 1.410535790453827391e-11
4.507855688029784730e-02 3.994923700347733530e-09 1.409393721880881690e-11
4.560054196779547708e-02 3.991533145989912286e-09 1.412364381895560827e-11
4.612857135773813788e-02 3.989977398436465591e-09 1.411304977523181636e-11
4.666271503984956853e-02 3.976310665662440002e-09 1.412414396536232068e-11
4.720304381429617224e-02 3.982880577379374671e-09 1.412479378415534912e-11
4.774962930107178732e-02 3.986823261051720585e-09 1.417195246613023582e-11
4.830254394949064917e-02 3.985756965373023012e-09 1.412104513873296432e-11
4.886186104779054878e-02 3.979449227390136008e-09 1.411563302559046704e-11
4.942765473284694427e-02 3.981032703903741471e-09 1.412393151096678645e-11
4.999999999999999584e-02 3.974432605926371374e-09 1.409030336438071000e-11
5.057897271299491293e-02 3.975915652589377979e-09 1.411748032193636447e-11
5.116464961403772993e-02 3.972980961679348491e-09 1.411825702423385785e-11
5.175710833396719723e-02 3.969283205891482196e-09 1.413040128381611235e-11
5.235642740254497357e-02 3.972474692367566317e-09 1.412263560846929063e-11
5.296268625886442483e-02 3.973721368552534748e-09 1.416284113292803393e-11
5.357596526188034003e-02 3.970199352529014560e-09 1.408340957789731099e-11
5.419634570106018207e-02 3.968243024637529116e-09 1.413215419844527377e-11
5.482390980715925316e-02 3.967107942639057591e-09 1.412278107564574770e-11
5.545874076312003881e-02 3.965501974819960226e-09 1.411815141645821997e-11
5.610092271509819345e-02 3.959117348399842531e-09 1.411783613490862625e-11
5.675054078361576465e-02 3.961931291461755471e-09 1.413117259746017156e-11
5.740768107484413990e-02 3.960344045952418365e-09 1.413236517378181815e-11
5.807243069201711849e-02 3.959999995044110702e-09 1.412846538904475701e-11
5.874487774697650933e-02 3.961451138243168381e-09 1.412812268427223272e-11
5.942511137185094161e-02 3.956417138185709143e-09 1.413344610609211361e-11
6.011322173087065013e-02 3.954903040185207764e-09 1.412708139851965773e-11
6.080930003231839465e-02 3.926552093178223806e-09 1.412197368276257625e-11
6.151343854061905314e-02 3.951124548618452974e-09 1.412732743642416708e-11
6.222573058856927658e-02 3.947458768835335524e-09 1.413328206408170798e-11
6.294627058970836408e-02 3.948510407346162657e-09 1.415015618911585793e-11
6.367515405083307156e-02 3.946813210939234191e-09 1.413733928977903608e-11
6.441247758465666606e-02 3.945871410340381945e-09 1.413225895802378846e-11
6.515833892261499449e-02 3.947537218243217500e-09 1.411679804717213472e-11
6.591283692782036463e-02 3.937832078063022591e-09 1.412546541594457855e-11
6.667607160816618750e-02 3.925895668630303267e-09 1.414747135924544948e-11
6.744814412958265171e-02 3.939304835728557899e-09 1.403605422271829677e-11
6.822915682944624693e-02 3.935072416298814848e-09 1.411449989107382296e-11
6.901921323014424681e-02 3.936321041459533297e-09 1.412562167362617327e-11
6.981841805279687119e-02 3.937283395248945176e-09 1.412655041560178922e-11
7.062687723113769689e-02 3.933190889669508439e-09 1.409582918308547931e-11
7.144469792555517562e-02 3.934955399419929678e-09 1.410912160690397623e-11
7.227198853729638328e-02 3.923074981470323500e-09 1.413276994219762386e-11
7.310885872283590103e-02 3.928983621122324661e-09 1.412977506839977320e-11
7.395541940841035555e-02 3.927348742308155538e-09 1.412346175832802400e-11
7.481178280472171316e-02 3.925441737773665651e-09 1.412385326328528330e-11
7.567806242181042420e-02 3.905808587566005232e-09 1.411369548378520917e-11
7.655437308410151243e-02 3.917395517736818578e-09 1.420369709765286703e-11
7.744083094562405345e-02 3.915538343723215576e-09 1.412237928162415588e-11
7.833755350540749784e-02 3.918965894244224282e-09 1.412625953864247230e-11
7.924465962305569933e-02 3.918162442596430353e-09 1.419639627609353584e-11
8.016226953450207582e-02 3.918729589097486607e-09 1.423312852604351693e-11
8.109050486794648627e-02 3.897674764002157006e-09 1.413321741850071506e-11
8.202948865997693184e-02 3.935233112438494392e-09 1.412174551822747077e-11
8.297934537187805215e-02 3.911888077155127299e-09 1.413217095000175786e-11
8.394020090612802631e-02 3.909876621842545625e-09 1.413407892922210643e-11
8.491218262308720954e-02 3.910351287689939738e-09 1.405258426657176700e-11
8.589541935787936566e-02 3.906677235854973658e-09 1.413097255068484716e-11
8.689004143746879849e-02 3.904523701469240289e-09 1.413223456487029984e-11
8.789618069793464494e-02 3.903485249614542381e-09 1.417807590083601359e-11
8.891397050194613239e-02 3.901395627396257491e-09 1.413143509702696608e-11
8.994354575643935534e-02 3.900070334612743504e-09 1.414870561120628598e-11
9.098504293049920755e-02 3.898503094910246317e-09 1.413010773124522711e-11
9.203860007344780159e-02 3.949199848866689277e-09 1.413464191291960305e-11
9.310435683314335908e-02 3.902948982187448582e-09 1.413201155525550512e-11
9.418245447449000163e-02 3.895641251113209315e-09 1.413700844261308899e-11
9.527303589816239759e-02 3.893529892929610709e-09 1.412621763684835153e-11
9.637624565954681921e-02 3.889226025920426816e-09 1.412876423036269480e-11
9.749222998790225969e-02 3.889435175139337204e-09 1.413449319707419565e-11
9.862113680574266517e-02 3.886711172573816888e-09 1.415406374273898528e-11
9.976311574844401453e-02 3.878635324671321766e-09 1.414220504147476535e-11
1.009183181840780652e-01 3.885141554044760337e-09 1.414019195968608794e-11
1.020868972334764563e-01 3.865878858776281183e-09 1.413553968652635025e-11
1.032690077905264459e-01 3.881306840902271754e-09 1.413429595511617888e-11
1.044648065427020295e-01 3.883349453200823839e-09 1.408622243561833771e-11
1.056744519918323688e-01 3.880476546035354302e-09 1.413566606619072584e-11
1.068981044751116105e-01 3.879923875654026039e-09 1.413443648234966624e-11
1.081359261863509835e-01 3.875739204996377541e-09 1.412951774676556232e-11
1.093880811974775602e-01 3.874591409221680358e-09 1.413457209074366318e-11
1.106547354802819155e-01 3.876102825001823474e-09 1.415173157164247836e-11
1.119360569284170021e-01 3.870302743902447019e-09 1.414045230213549772e-11
1.132322153796529590e-01 3.866200900345036085e-09 1.413490350299020044e-11
1.145433826383886050e-01 3.868047011883266311e-09 1.413401295931181324e-11
1.158697324984239579e-01 3.863576051100362379e-09 1.413460839924380503e-11
1.172114407659961138e-01 3.859945719803441263e-09 1.400999858778284394e-11
1.185686852830827587e-01 3.860533875677645900e-09 1.412395891772799888e-11
1.199416459509744792e-01 3.860842373348044640e-09 1.408216695868317361e-11
1.213305047541208270e-01 3.858723440986781502e-09 1.409196285020234309e-11
1.227354457842515234e-01 3.884367882476019957e-09 1.411885199717310713e-11
1.241566552647785093e-01 3.855969967961053499e-09 1.412966781004721305e-11
1.255943215754789510e-01 3.855604623140624572e-09 1.413264770242665131e-11
1.270486352774652938e-01 3.854902577484872469e-09 1.413031768390560317e-11
1.285197891384432245e-01 3.858375879108453070e-09 1.413431751936732905e-11
1.300079781582635929e-01 3.851139390643111391e-09 1.412291362468654027e-11
1.315133995947690704e-01 3.841462031506409875e-09 1.413055759501525226e-11
1.330362529899405399e-01 3.847704549056131564e-09 1.413264159399835104e-11
1.345767401963458287e-01 3.943349107238426506e-09 1.419661960012953487e-11
1.361350654038956109e-01 3.838587994840314374e-09 1.414395478637841868e-11
1.377114351669082859e-01 3.842497796858441279e-09 1.413374135388145646e-11
1.393060584314885775e-01 3.838475621845473958e-09 1.412702744324445671e-11
1.409191465632227414e-01 3.838049031427135143e-09 1.411958593515933180e-11
1.425509133751954594e-01 3.836566306837889958e-09 1.413454160849476865e-11
1.442015751563302528e-01 3.839559217837350107e-09 1.411039470066482411e-11
1.458713507000582721e-01 3.835394705122915005e-09 1.412877090948117357e-11
1.475604613333193205e-01 3.827835282784890013e-09 1.411223448322528701e-11
1.492691309458979987e-01 3.830354662433357522e-09 1.412619762300740952e-11
1.509975860201007714e-01 3.832860762340947202e-09 1.412340669755839629e-11
1.527460556607755926e-01 3.828995077627293950e-09 1.412770226063602621e-11
1.545147716256795867e-01 3.827538490210641433e-09 1.412395923463724129e-11
1.563039683561977533e-01 3.847991561961047109e-09 1.413159618844912827e-11
1.581138830084189428e-01 3.823153427596923847e-09 1.413271770185237795e-11
1.599447554845698505e-01 3.821740372381932616e-09 1.412918237715050434e-11
1.617968284648141908e-01 3.820970248994847722e-09 1.413593628344445576e-11
1.636703474394191060e-01 3.824078586485070954e-09 1.411249590844692603e-11
1.655655607412955255e-01 3.815684595541372854e-09 1.411534807812712332e-11
1.674827195789137801e-01 3.814819449598057323e-09 1.412773525069305480e-11
1.694220780696013562e-01 3.813491844501969111e-09 1.412700656897995928e-11
1.713838932732252018e-01 3.811913809457367178e-09 1.411992874111333663e-11
1.733684252262658043e-01 3.803672695178819562e-09 1.412333646441040943e-11
1.753759369762839526e-01 3.813914471446939869e-09 1.413858922202220775e-11
1.774066946167878189e-01 3.808599519160515688e-09 1.412900321749648585e-11
1.794609673225026625e-01 3.717145092198183650e-09 1.413701301415837261e-11
1.815390273850506775e-01 3.811223122794138188e-09 1.412561585530572847e-11
1.836411502490422898e-01 3.804165278600867597e-09 1.412823439223577660e-11
1.857676145485863684e-01 3.802364432306475446e-09 1.414073624451313252e-11
1.879187021442221273e-01 3.801229585955874433e-09 1.412805203390903542e-11
1.900946981602806007e-01 3.799213309886854736e-09 1.412709568586409988e-11
1.922958910226767459e-01 3.792646799117130633e-09 1.418371666361186258e-11
1.945225724971402226e-01 3.793879497948511409e-09 1.417400067423659103e-11
1.967750377278887630e-01 3.795181862429169034e-09 1.413727051761615237e-11
1.990535852767486569e-01 3.790973060805602958e-09 1.411520349271400482e-11
2.013585171627294834e-01 3.792285902164309261e-09 1.396458747152475790e-11
2.036901389020563113e-01 3.742582630258224741e-09 1.411989531043750043e-11
2.060487595486651946e-01 3.786520403216672544e-09 1.413413385946997146e-11
2.084346917351677098e-01 3.809803075113226513e-09 1.415049207201524458e-11
2.108482517142910850e-01 3.783487909723339235e-09 1.413210628812883531e-11
2.132897594007962527e-01 3.783102110095052137e-09 1.412568143744545866e-11
2.157595384138827066e-01 3.782733894481493730e-09 1.408555776370820142e-11
2.182579161200830231e-01 3.784954960116050972e-09 1.413184248375878156e-11
2.207852236766562060e-01 3.778470439806555932e-09 1.431747824643583737e-11
2.233417960754814913e-01 3.808576714006818343e-09 1.413634214506506061e-11
2.259279721874612734e-01 3.776337397545871143e-09 1.413396691488944776e-11
2.285440948074375367e-01 3.774884188924700306e-09 1.412342650132041546e-11
2.311905106996301473e-01 3.774756074725431759e-09 1.411894820820593450e-11
2.338675706435990320e-01 3.771075022050523574e-09 1.417529228920501471e-11
2.365756294807403182e-01 3.769822114189283722e-09 1.412387098116377656e-11
2.393150461613192392e-01 3.767724792929779772e-09 1.412142669548631294e-11
2.420861837920496862e-01 3.766028692352480804e-09 1.412671839569865728e-11
2.448894096842230417e-01 3.768431809397401800e-09 1.412700416757437285e-11
2.477250954023952345e-01 3.763174405301034621e-09 1.412160830204168357e-11
2.505936168136362330e-01 3.757551122379168456e-09 1.414241415650137313e-11
2.534953541373521912e-01 3.796574010056858459e-09 1.412496103064250654e-11
2.564306919956823583e-01 3.759480911963534092e-09 1.412951970700753607e-11
2.594000194644804358e-01 3.758184394151005577e-09 1.411652143829489566e-11
2.624037301248863807e-01 3.752026863074144358e-09 1.412361656780278550e-11
2.654422221154941752e-01 3.756553718565347712e-09 1.413965641536656281e-11
2.685158981851263338e-01 3.750909392699147619e-09 1.413196939214333198e-11
2.716251657462164792e-01 3.751747834580838185e-09 1.412993128502878185e-11
2.747704369288123671e-01 3.744523072231847068e-09 1.411914579221992697e-11
2.779521286352018006e-01 3.750260270246706200e-09 1.414872878682618156e-11
2.811706625951744809e-01 3.733000080332932522e-09 1.413884858168114676e-11
2.844264654219206268e-01 3.737588211561427693e-09 1.408627864443832075e-11
2.877199686685785740e-01 3.744036451619293248e-09 1.423193005641704742e-11
2.910516088854357419e-01 3.746870285798935533e-09 1.412889620661834149e-11
2.944218276777944565e-01 3.743249443666952309e-09 1.437320347609923395e-11
2.978310717645051287e-01 3.737273847877980063e-09 1.403764402893452038e-11
3.012797930371790001e-01 3.737921947277657669e-09 1.413342229559328443e-11
3.047684486200846199e-01 3.735552662201522846e-09 1.412485269949842349e-11
3.082975009307410419e-01 3.733093427503493386e-09 1.410916035919498516e-11
3.118674177412095183e-01 3.732042727317090792e-09 1.413076955225179133e-11
3.154786722400967913e-01 3.730917911803290722e-09 1.413610047855882603e-11
3.191317430952744227e-01 3.732543987538011685e-09 1.400805381242960811e-11
3.228271145173277623e-01 3.680797354592607191e-09 1.414475878474363721e-11
3.265652763237361089e-01 3.727104717928786086e-09 1.428644612121559797e-11
3.303467240037981645e-01 3.726646106728159455e-09 1.412991061255320802e-11
3.341719587843073880e-01 3.723000380720822663e-09 1.412571898331475038e-11
3.380414876959909054e-01 3.713983975322581885e-09 1.411990829835450753e-11
3.419558236407145846e-01 3.721602424642019804e-09 1.413459297126471727e-11
3.459154854594680972e-01 3.713802470238616562e-09 1.409200311758197060e-11
3.499209980011368515e-01 3.716568788885933201e-09 1.412040947401236585e-11
3.539728921920689553e-01 3.715474160007840550e-09 1.409193583243505017e-11
3.580717051064509215e-01 3.713238731433929813e-09 1.415177687345385557e-11
3.622179800374948910e-01 3.709698404067170999e-09 1.412191942018005183e-11
3.664122665694521941e-01 3.708377261295345570e-09 1.279066642919340142e-11
3.706551206504588025e-01 3.709259358571442655e-09 1.429769584077579030e-11
3.749471046662278817e-01 3.706280421702361643e-09 1.413708878958540068e-11
3.792887875145917187e-01 3.706933870352439958e-09 1.413076704742189522e-11
3.836807446809096245e-01 3.706296237300575183e-09 1.412099990491617435e-11
3.881235583143459178e-01 3.703668144911942281e-09 1.425365806633807176e-11
3.926178173050358100e-01 3.692856242236420724e-09 1.411818397883002698e-11
3.971641173621406340e-01 3.664806390262372726e-09 1.411632402152297424e-11
4.017630610928087931e-01 3.702308052439363905e-09 1.413490096974803969e-11
4.064152580820497018e-01 3.697226298672814474e-09 1.412552663630319766e-11
4.111213249735355402e-01 3.696526343659912821e-09 1.412488619541680249e-11
4.158818855513353729e-01 3.695861051769460118e-09 1.412407659066808901e-11
4.206975708225977328e-01 3.692351013020642869e-09 1.412967750965450011e-11
4.255690191011883283e-01 3.744162079912526668e-09 1.413263857698110346e-11
4.304968760923003068e-01 3.689854546629848051e-09 1.413735290616861964e-11
4.354817949780401820e-01 3.687010752784641804e-09 1.420793730688004586e-11
4.405244365040072441e-01 3.677862159833528724e-09 1.411571612165856367e-11
4.456254690668728924e-01 3.686208860984110134e-09 1.412690075073021948e-11
4.507855688029784313e-01 3.683902656194944291e-09 1.412389627610368179e-11
4.560054196779547708e-01 3.683574504031968352e-09 1.427589558904252308e-11
4.612857135773818507e-01 3.679833826965847746e-09 1.413749450247821731e-11
4.666271503984956714e-01 3.679566166653892338e-09 1.412457913703498989e-11
4.720304381429618057e-01 3.676685602657903663e-09 1.413025470174692849e-11
4.774962930107178871e-01 3.678116583784122357e-09 1.413237323136764255e-11
4.830254394949065055e-01 3.708731714063517563e-09 1.406602273574965820e-11
4.886186104779055572e-01 3.673136968285580024e-09 1.411492924893319297e-11
4.942765473284694844e-01 3.735117388951064235e-09 1.413048990316638018e-11
5.000000000000000000e-01 3.667345980010076753e-09 1.421912154659328955e-11
5.235642740254498051e-01 3.654498601765120413e-09 1.401230655024484761e-11
5.482390980715924345e-01 3.651581240684977988e-09 1.412445325090355660e-11
5.740768107484414129e-01 3.653066809545977661e-09 1.390333338532468364e-11
6.011322173087064735e-01 3.649672353893315180e-09 1.412454529035911034e-11
6.294627058970836408e-01 4.577958372916360241e-09 1.455693468331183525e-11
6.591283692782035075e-01 3.635367807752987021e-09 1.413168350336664753e-11
6.901921323014423848e-01 3.624427947306558718e-09 1.412025448039118306e-11
7.227198853729637218e-01 3.611131490013608298e-09 1.413625189390122032e-11
7.567806242181041032e-01 3.613818298408222549e-09 1.411329459733473740e-11
7.924465962305566880e-01 3.607734469108605117e-09 1.411165222814396329e-11
8.297934537187804382e-01 3.511427074724636165e-09 1.409306183799280616e-11
8.689004143746876796e-01 3.592127172515301239e-09 1.413516328756101669e-11
9.098504293049917147e-01 3.647441693569237040e-09 1.364816429569883321e-11
9.527303589816237261e-01 3.583454765987936233e-09 1.411995419301249500e-11
9.976311574844397567e-01 3.592389421446385830e-09 1.411336507208180864e-11
1.044648065427019823e+00 3.570177687188940444e-09 1.410909146735599817e-11
1.093880811974776268e+00 3.566792906352451738e-09 1.418198480793274938e-11
1.145433826383886577e+00 3.557827788669917755e-09 1.408764005893123827e-11
1.199416459509745181e+00 3.552753260419547046e-09 1.412916703494403773e-11
1.255943215754790065e+00 3.544027598428508492e-09 1.412309357561654702e-11
1.315133995947690870e+00 3.543781201061455438e-09 1.400311972552913917e-11
1.377114351669083137e+00 3.531361902219864367e-09 1.387291492572641293e-11
1.442015751563302972e+00 3.527975455749167731e-09 1.425364865159795339e-11
1.509975860201008047e+00 3.519445299021797747e-09 1.413236292310757903e-11
1.581138830084189761e+00 3.516408434496455060e-09 1.411783018930116190e-11
1.655655607412955810e+00 3.510306473950529655e-09 1.411189917954928699e-11
1.733684252262658321e+00 3.504969249616169082e-09 1.444005304703782159e-11
1.815390273850506997e+00 3.496095928926032760e-09 1.409156660270795785e-11
1.900946981602805952e+00 3.404449619540249425e-09 1.411226988308452518e-11
1.990535852767486347e+00 3.486671653865780642e-09 1.414108090996745315e-11
2.084346917351676876e+00 3.303632478855013681e-09 1.414055734329239823e-11
2.182579161200830065e+00 3.474719220245575459e-09 1.411720612461385768e-11
2.285440948074375367e+00 3.471813696220445279e-09 1.345149272381438445e-11
2.393150461613192004e+00 3.470453743824500434e-09 1.411903742166806127e-11
2.505936168136361886e+00 3.451486007959203826e-09 1.409877464319001142e-11
2.624037301248862697e+00 3.461512752411655437e-09 1.489874126408758084e-11
2.747704369288122894e+00 3.439521523095999594e-09 1.411874027160947496e-11
2.877199686685784741e+00 3.437697443054756495e-09 1.411495471310220571e-11
3.012797930371788890e+00 3.432854580573621137e-09 1.411327908301439674e-11
3.154786722400966692e+00 3.426068913242108606e-09 1.411222524558246822e-11
3.303467240037979646e+00 3.423791045040072997e-09 1.411497099630777650e-11
3.459154854594682416e+00 3.416971157055449436e-09 1.410102157779260469e-11
3.622179800374950798e+00 3.412241344563760962e-09 1.395977184384839052e-11
3.792887875145918741e+00 3.404821112980985651e-09 1.411004020985648792e-11
3.971641173621408338e+00 3.398190195722502527e-09 1.411225658194429911e-11
4.158818855513356283e+00 3.395311660451736862e-09 1.410447212747307050e-11
4.354817949780404263e+00 3.365928438630511771e-09 1.410313006679413724e-11
4.560054196779547375e+00 3.360992294586685951e-09 1.411711379131349365e-11
4.774962930107179204e+00 3.372733107437144440e-09 1.405352423958747924e-11
5.000000000000000888e+00 3.354959621160226405e-09 1.410639978966574467e-11
6.294627058970835520e+00 3.338272413782616782e-09 1.411929985442689953e-11
7.924465962305567324e+00 3.303288721339988090e-09 1.422052552539297302e-11
9.976311574844396901e+00 3.280703872620984767e-09 1.409356301840445692e-11
1.255943215754790288e+01 3.270492282181619142e-09 1.375894025343511476e-11
1.581138830084189451e+01 3.221097893461458333e-09 1.410086536983533268e-11
1.990535852767486347e+01 3.189820174991040917e-09 1.409692002570807962e-11
2.505936168136362241e+01 3.164251971686895887e-09 1.410429721177123328e-11
3.154786722400966070e+01 3.121700183793093836e-09 1.411573492997611792e-11
3.971641173621406296e+01 3.104718555677739559e-09 1.409213895996306612e-11
4.999999999999999289e+01 3.079337013405518253e-09 1.404402321306706907e-11
