  0.100000000000000E+001  0.556059775043887E+004  0.304318102552968E+001  0.727224314568811E+002  0.789703207712872E+000 -0.254841158908860E-002  0.661208675479799E+002
  0.100000000000000E+001  0.555970690318448E+004  0.304774538978605E+001  0.633111078027174E+002  0.324690950328979E+001 -0.539397281336656E-002  0.631446546822874E+002
  0.100000000000000E+001  0.555920354242864E+004  0.304625051888971E+001  0.561796321537641E+002  0.396486646795179E+001 -0.697744645874926E-002  0.611656484000204E+002
  0.100000000000000E+001  0.555882013913472E+004  0.304197687363144E+001  0.681580723302454E+002  0.395572675352651E+001 -0.259889819344095E-002  0.659402375420335E+002
  0.100000000000000E+001  0.555829306975070E+004  0.304688221651779E+001  0.518161146000261E+002  0.185363219898218E+001 -0.444625170548535E-002  0.640829346915553E+002
  0.100000000000000E+001  0.555813389992115E+004  0.304461239635883E+001  0.577296754786737E+002  0.145107865064730E+001 -0.608836144744028E-002  0.623752725121348E+002
  0.100000000000000E+001  0.555765660728232E+004  0.304417961844185E+001  0.629527029294502E+002  0.286823330265242E+001 -0.744416244907374E-002  0.607411024492518E+002
  0.100000000000000E+001  0.555755148093470E+004  0.304368230266147E+001  0.713436668062105E+002  0.405036438162461E+001 -0.109488623528008E-002  0.679376737209659E+002
  0.100000000000000E+001  0.555739360685253E+004  0.304637516388559E+001  0.612957874610508E+002  0.186928981811891E+001 -0.844077356691692E-003  0.681267748407222E+002
  0.100000000000000E+001  0.555738283129252E+004  0.304745670968892E+001  0.538973698278755E+002  0.503966881848088E-001 -0.236776967929644E-002  0.663609209900698E+002
  0.100000000000000E+001  0.555737428360370E+004  0.304394638803741E+001  0.650054143619194E+002  0.213063492167393E+000 -0.717168692009966E-002  0.610376166577062E+002
  0.100000000000000E+001  0.555736670160934E+004  0.304173550684798E+001  0.629342264378406E+002  0.495323197402949E+001 -0.326172871729768E-002  0.653810105389528E+002
  0.100000000000000E+001  0.555717829835246E+004  0.304701193017044E+001  0.540725000607048E+002  0.498691491925802E+001 -0.243364960604593E-002  0.663100738538134E+002
  0.100000000000000E+001  0.555652845836264E+004  0.304673985611045E+001  0.613093637442863E+002  0.351958542045839E+001 -0.235951530703665E-002  0.662063742186755E+002
  0.100000000000000E+001  0.555649509305818E+004  0.304560037988357E+001  0.611184720719705E+002  0.378586165475075E+001 -0.351654527570613E-002  0.653413343233096E+002
  0.100000000000000E+001  0.555648988976108E+004  0.304328555872167E+001  0.645667431258609E+002  0.331598368039498E+001 -0.275239166730182E-002  0.661072500827893E+002
  0.100000000000000E+001  0.555625106469593E+004  0.304164067439817E+001  0.665670225198149E+002  0.318215046270223E+001 -0.454381797425320E-002  0.640292392204032E+002
  0.100000000000000E+001  0.555620756666164E+004  0.304385453296853E+001  0.566645028669414E+002  0.113903407062839E+001 -0.516897109203078E-002  0.632099652316677E+002
  0.100000000000000E+001  0.555604940841843E+004  0.304612641535100E+001  0.646990602885112E+002  0.307299830671230E+001 -0.135153281440905E-002  0.675771730031870E+002
  0.100000000000000E+001  0.555603559982920E+004  0.304574128158080E+001  0.622512697377340E+002  0.613596146661894E-001 -0.634385397397065E-002  0.621268341682010E+002
  0.100000000000000E+001  0.555601817143566E+004  0.304239537776909E+001  0.731708428254835E+002  0.815922114808429E+000 -0.346796921490304E-002  0.653012764769094E+002
  0.100000000000000E+001  0.555596061173782E+004  0.304710152992440E+001  0.525727359747835E+002  0.437738115443611E+001 -0.419167123283471E-002  0.641661924899078E+002
  0.100000000000000E+001  0.555593663043346E+004  0.304502943252314E+001  0.702961538015289E+002  0.370881103953612E+001 -0.435927669374935E-002  0.642017163448033E+002
  0.100000000000000E+001  0.555583517251114E+004  0.304393549207785E+001  0.569998332797744E+002  0.309377672489380E+001 -0.397503006874874E-002  0.644933405184603E+002
  0.100000000000000E+001  0.555582606902557E+004  0.304582479902255E+001  0.549395218735474E+002  0.180211268246511E+001 -0.309233787236280E-002  0.656642988091738E+002
  0.100000000000000E+001  0.555572648773698E+004  0.304145003810100E+001  0.718960613982821E+002  0.941671353916415E+000 -0.203786370879608E-002  0.668190840372931E+002
  0.100000000000000E+001  0.555572140102852E+004  0.304372236264118E+001  0.665410447672697E+002  0.134397876420477E+001 -0.500991999978377E-002  0.636733863089953E+002
  0.100000000000000E+001  0.555556676569475E+004  0.304192469882081E+001  0.731148642172346E+002  0.189072815252322E+001 -0.541646454657534E-002  0.630901907842823E+002
  0.100000000000000E+001  0.555549814514708E+004  0.304596108013378E+001  0.665981055423351E+002  0.204124239192552E+001 -0.559778975169655E-002  0.628953112052716E+002
  0.100000000000000E+001  0.555546599146302E+004  0.304298759233693E+001  0.710062776096028E+002  0.161254144722873E+001 -0.535402321311412E-002  0.630911956464225E+002
  0.100000000000000E+001  0.555543178895402E+004  0.304433593644832E+001  0.671094751339170E+002  0.200078705588308E+001 -0.654301972901701E-002  0.617663912783596E+002
  0.100000000000000E+001  0.555539476604390E+004  0.304334279894706E+001  0.619925012373480E+002  0.401841982694323E+001 -0.193683168066630E-003  0.688196116483265E+002
  0.100000000000000E+001  0.555536010475442E+004  0.304403172272071E+001  0.560962028989490E+002  0.150224651084925E+001 -0.173625596067941E-002  0.670259188633152E+002
  0.100000000000000E+001  0.555534026004092E+004  0.304463543401702E+001  0.610458940661667E+002  0.703778205484428E+000 -0.367308382484205E-002  0.647146778371376E+002
  0.100000000000000E+001  0.555529763919588E+004  0.304728771302874E+001  0.541819061550383E+002  0.431011984218210E+001 -0.400017091801420E-002  0.644064369911805E+002
  0.100000000000000E+001  0.555527955548312E+004  0.304563758369187E+001  0.679052368564457E+002  0.382240185265395E+001 -0.526635807159073E-002  0.633635173815766E+002
  0.100000000000000E+001  0.555517109551338E+004  0.304549898547617E+001  0.618139938326325E+002  0.121088805262508E+001 -0.679567235481904E-003  0.682427469762548E+002
  0.100000000000000E+001  0.555516382133213E+004  0.304857954594174E+001  0.525570465701137E+002  0.293712277135877E+001 -0.279302431512692E-002  0.658693845336083E+002
  0.100000000000000E+001  0.555514809242140E+004  0.304893209297494E+001  0.581407915809542E+002  0.488664253337676E+001 -0.338447775053770E-002  0.654315026096426E+002
  0.100000000000000E+001  0.555508420993118E+004  0.304691660754624E+001  0.621511429035958E+002  0.139369174380225E+001 -0.444920825310137E-002  0.640415083390393E+002
  0.100000000000000E+001  0.555505728479202E+004  0.304187045087864E+001  0.642413498378687E+002  0.163644061407325E+001 -0.573459851972057E-002  0.625533393264141E+002
  0.100000000000000E+001  0.555502779402135E+004  0.304982044607725E+001  0.551964393237394E+002  0.446585520518545E+001 -0.451730346638898E-002  0.639742386785688E+002
  0.100000000000000E+001  0.555500915006934E+004  0.304060390109165E+001  0.720970781735933E+002  0.201991187395242E+001 -0.156151522029643E-002  0.672623350605847E+002
  0.100000000000000E+001  0.555498214583948E+004  0.304382560997130E+001  0.634281636817727E+002  0.128274869957797E+001 -0.506770059932967E-002  0.632130982522314E+002
  0.100000000000000E+001  0.555482895203468E+004  0.304163300334377E+001  0.675495052666978E+002  0.194559474909312E+001 -0.583519112579947E-002  0.626172274862858E+002
  0.100000000000000E+001  0.555473995403608E+004  0.304313915160726E+001  0.653375259684437E+002  0.448283552289419E+001 -0.542197050783777E-002  0.630783181288657E+002
  0.100000000000000E+001  0.555469040902000E+004  0.304265590389569E+001  0.703350196498406E+002  0.199169968152691E+001 -0.278192438563751E-002  0.658227649077593E+002
  0.100000000000000E+001  0.555456763112542E+004  0.304411069837497E+001  0.708874354012292E+002  0.496188563604647E+001 -0.547408776988044E-002  0.629770336803667E+002
  0.100000000000000E+001  0.555455814183610E+004  0.304033101438007E+001  0.685663572758304E+002  0.107200308956791E+001 -0.231521239598702E-002  0.664188531942631E+002
  0.100000000000000E+001  0.555454052207509E+004  0.304140865832300E+001  0.701449236278875E+002  0.223038587792803E+001 -0.109143753255900E-002  0.677852112141034E+002
  0.100000000000000E+001  0.555453347526578E+004  0.304866805328469E+001  0.536591592012319E+002  0.623071786397155E+000 -0.436386981395629E-002  0.642366394766033E+002
  0.100000000000000E+001  0.555442024452894E+004  0.304240951270307E+001  0.658096319939755E+002  0.239368785279810E+001 -0.189422069677151E-003  0.687997660501345E+002
  0.100000000000000E+001  0.555436038603568E+004  0.304841547264470E+001  0.565773844459215E+002  0.124483775869146E+001 -0.462731321906038E-002  0.638363212761958E+002
  0.100000000000000E+001  0.555434199507374E+004  0.304338343222443E+001  0.627433618313401E+002  0.339630623636338E+001 -0.445558608249519E-002  0.638806193338505E+002
  0.100000000000000E+001  0.555430780977972E+004  0.304419748735063E+001  0.586217874988352E+002  0.452263731491824E+001 -0.437258559033950E-002  0.641611257920373E+002
  0.100000000000000E+001  0.555430130947528E+004  0.304501898590830E+001  0.692873676925185E+002  0.431205378198228E+001 -0.273817043588177E-002  0.660458929368184E+002
  0.100000000000000E+001  0.555427194881688E+004  0.304464951971317E+001  0.633066434614896E+002  0.304955197627722E+001 -0.729699018605831E-002  0.608849999039162E+002
  0.100000000000000E+001  0.555412405398770E+004  0.304419487369288E+001  0.597883434179489E+002  0.392889340017253E+000 -0.487885554825593E-002  0.633883794613727E+002
  0.100000000000000E+001  0.555410777118224E+004  0.304357914201841E+001  0.635563325752028E+002  0.605866798549751E+000 -0.689091471631386E-002  0.614641914793680E+002
  0.100000000000000E+001  0.555409770220787E+004  0.304777892053187E+001  0.580778139957602E+002  0.570498246059796E+000 -0.329136441603577E-002  0.652951260759227E+002
  0.100000000000000E+001  0.555398834606818E+004  0.304320675458509E+001  0.617431449902355E+002  0.159434879559215E+001 -0.221934058164097E-002  0.666493974289566E+002
  0.100000000000000E+001  0.555394907791885E+004  0.304326926092528E+001  0.607557738914327E+002  0.220280917526099E+001 -0.940234135345237E-003  0.679732366802029E+002
  0.100000000000000E+001  0.555393864597872E+004  0.304343765207409E+001  0.713147603435903E+002  0.228146424787215E+001 -0.269807687224292E-002  0.660435261829185E+002
  0.100000000000000E+001  0.555392557497018E+004  0.304113134783049E+001  0.687560012658113E+002  0.953453760215999E+000 -0.170044000537416E-002  0.670382960787362E+002
  0.100000000000000E+001  0.555392180820851E+004  0.304515233409870E+001  0.609720573685350E+002  0.215655486755901E+001 -0.574807754547255E-003  0.682540433198955E+002
  0.100000000000000E+001  0.555390700238028E+004  0.304377884439764E+001  0.590807150294696E+002  0.375086449143928E+000 -0.580383694503810E-002  0.626068686792072E+002
  0.100000000000000E+001  0.555389251634438E+004  0.304479786765675E+001  0.605237779812916E+002  0.394709002196447E+001 -0.631693276092578E-002  0.621004787583872E+002
  0.100000000000000E+001  0.555388542433167E+004  0.304557906806343E+001  0.679866888753772E+002  0.284971784167698E+001 -0.366804495754656E-002  0.650953230830657E+002
  0.100000000000000E+001  0.555387663184514E+004  0.304672194386852E+001  0.537627226764930E+002  0.478209782875679E+001 -0.428682478057527E-002  0.642609054041861E+002
  0.100000000000000E+001  0.555385436271736E+004  0.304058232424244E+001  0.744351014913624E+002  0.680240117654626E+000 -0.233495467551336E-002  0.663959313721315E+002
  0.100000000000000E+001  0.555385064240701E+004  0.304664715031474E+001  0.565623468347398E+002  0.232110873611569E+001 -0.219158106495877E-002  0.664123268039999E+002
  0.100000000000000E+001  0.555384059314240E+004  0.304259993230443E+001  0.623306157758390E+002  0.115566292962883E+001 -0.267476598176983E-002  0.661165184459302E+002
  0.100000000000000E+001  0.555378851720832E+004  0.304690596239593E+001  0.572266370842462E+002  0.156533406886714E+001 -0.542487270354521E-002  0.631515062805302E+002
  0.100000000000000E+001  0.555378595936152E+004  0.304567000818563E+001  0.590548945006331E+002  0.271867687689537E+000 -0.281240035394092E-002  0.660469455565105E+002
  0.100000000000000E+001  0.555374741705284E+004  0.304768946256386E+001  0.620857027583491E+002  0.334636219617086E+001 -0.551825690434352E-002  0.628802306503783E+002
  0.100000000000000E+001  0.555373647465698E+004  0.304872072500883E+001  0.576258787582567E+002  0.231411705002722E+001 -0.372709333704271E-002  0.649621991527288E+002
  0.100000000000000E+001  0.555370916452486E+004  0.304649184106408E+001  0.574247107337693E+002  0.258275694193942E+001 -0.268273856298249E-002  0.658371983105915E+002
  0.100000000000000E+001  0.555369605043077E+004  0.304314008727723E+001  0.647089416899369E+002  0.424482726198797E+000 -0.465278019185413E-003  0.685045550823078E+002
  0.100000000000000E+001  0.555369364903912E+004  0.304226910815308E+001  0.652104169006503E+002  0.263114066882910E+001 -0.165128369740306E-002  0.670220048434502E+002
  0.100000000000000E+001  0.555367114050532E+004  0.304133013075709E+001  0.695168586766955E+002  0.234421977529597E+001 -0.112968105323194E-002  0.677652375387010E+002
  0.100000000000000E+001  0.555366275544482E+004  0.304422176644097E+001  0.665692148131942E+002  0.204651266970540E+001 -0.156455410880834E-002  0.674063151322931E+002
  0.100000000000000E+001  0.555364691309144E+004  0.304395979896927E+001  0.694130390567847E+002  0.124745070732412E+001 -0.396654594203647E-002  0.646014704803795E+002
  0.100000000000000E+001  0.555351533816692E+004  0.304513223971986E+001  0.666195955480906E+002  0.271909750335166E+000 -0.244039784745740E-002  0.664231156013678E+002
  0.100000000000000E+001  0.555348777907959E+004  0.304740239546171E+001  0.527139938419708E+002  0.190279444249382E+001 -0.283885082716923E-002  0.658120480267108E+002
  0.100000000000000E+001  0.555343854089944E+004  0.304231280811916E+001  0.630542618827992E+002  0.364147188532842E+001 -0.252580345737213E-002  0.661452060701222E+002
  0.100000000000000E+001  0.555342149700644E+004  0.304195786043654E+001  0.631702587467821E+002  0.138240964593055E+001 -0.519161098775391E-003  0.683197128358604E+002
  0.100000000000000E+001  0.555339372331179E+004  0.304250628222760E+001  0.714153776527938E+002  0.318636631613398E+001 -0.290380479086566E-002  0.658990735534262E+002
  0.100000000000000E+001  0.555337682804239E+004  0.304605774197161E+001  0.561204441038492E+002  0.210422323937796E+001 -0.311655728603955E-002  0.653624488278496E+002
  0.100000000000000E+001  0.555336751045100E+004  0.304197894671670E+001  0.670369283442498E+002  0.120045473321044E+000 -0.298958480703609E-002  0.655971668938599E+002
  0.100000000000000E+001  0.555336405064116E+004  0.304687873770201E+001  0.569114444684502E+002  0.384898250078517E+001 -0.318254116072790E-002  0.654970640966823E+002
  0.100000000000000E+001  0.555331743564221E+004  0.304554404581114E+001  0.657235732419041E+002  0.476080749480082E+001 -0.511049111125826E-002  0.632993291733346E+002
  0.100000000000000E+001  0.555329735167804E+004  0.304248091073850E+001  0.705189202376444E+002  0.541727450335307E+000 -0.602098410245422E-002  0.623978567078096E+002
  0.100000000000000E+001  0.555327278917628E+004  0.304656745258522E+001  0.561677265368799E+002  0.201787263140562E+001 -0.463132420465690E-002  0.636982787316276E+002
