 -0.340835493691878E+004  0.304042401657255E+001  0.582713319375474E+002  0.484885117674821E+001 -0.509343714450587E-002  0.611224870991015E+002
 -0.339154122428317E+004  0.304866218423298E+001  0.560751134326610E+002  0.484790433297021E+001 -0.536076853571708E-002  0.610134006855726E+002
 -0.337473033391799E+004  0.304052262207233E+001  0.562444990970112E+002  0.483886146999580E+001 -0.516527214462316E-002  0.610714599686088E+002
 -0.325438027710637E+004  0.304536905741150E+001  0.585334333359924E+002  0.483928037548383E+001 -0.540889913926666E-002  0.611460651496498E+002
 -0.319049864333219E+004  0.304282619115907E+001  0.554618857913931E+002  0.482681674085531E+001 -0.515982401118849E-002  0.614649725833548E+002
 -0.318430003214518E+004  0.304825513655398E+001  0.573031179191382E+002  0.484205194170327E+001 -0.545746915595833E-002  0.647126961888648E+002
 -0.316479159674640E+004  0.304806352078700E+001  0.593070253362400E+002  0.482872334583266E+001 -0.538161694371954E-002  0.614339227792264E+002
 -0.316304409935562E+004  0.304210191304267E+001  0.557783217454131E+002  0.483294386339850E+001 -0.548691011540934E-002  0.643822619167586E+002
 -0.314958671915832E+004  0.304788115031547E+001  0.551997843929481E+002  0.483638754211969E+001 -0.534436201596203E-002  0.614413945346691E+002
 -0.312862380880213E+004  0.304171817200540E+001  0.586524117786693E+002  0.482041032963194E+001 -0.506042711093850E-002  0.648400577876740E+002
 -0.311966819440739E+004  0.304783387644490E+001  0.599820518742662E+002  0.484599368581989E+001 -0.527497746999054E-002  0.616615902950220E+002
 -0.311744305452006E+004  0.304606674700308E+001  0.589668314145788E+002  0.484526084633412E+001 -0.526797761175693E-002  0.647514535313815E+002
 -0.310348657286183E+004  0.304050206303255E+001  0.598942609462012E+002  0.480460150108725E+001 -0.547643398004439E-002  0.642880548217728E+002
 -0.306288123829910E+004  0.304079800205204E+001  0.553746654660658E+002  0.480451557637836E+001 -0.520654428450217E-002  0.643937887532972E+002
 -0.305093697834708E+004  0.304529101019247E+001  0.569105043273386E+002  0.483353005119136E+001 -0.502590234191236E-002  0.619804974251158E+002
 -0.303842956358665E+004  0.304795919753450E+001  0.568227134016019E+002  0.484213786641216E+001 -0.522735885173339E-002  0.646069619537293E+002
 -0.303776017692251E+004  0.304792718483778E+001  0.591362170789290E+002  0.483621797956458E+001 -0.507248122066302E-002  0.648095131198916E+002
 -0.302771988087430E+004  0.304904592527026E+001  0.582010230175624E+002  0.481043787055519E+001 -0.528725150246936E-002  0.645556045073207E+002
 -0.300978942817344E+004  0.304054821021231E+001  0.573623955695907E+002  0.480402972777026E+001 -0.516070074339377E-002  0.643276630839572E+002
 -0.294686124256507E+004  0.304549437850109E+001  0.553740948633282E+002  0.483542455607610E+001 -0.536128052124234E-002  0.640914371119682E+002
 -0.294518271610881E+004  0.304800654876948E+001  0.595900808899191E+002  0.481852401580043E+001 -0.513481878273428E-002  0.622890939199581E+002
 -0.293378943545635E+004  0.304645048728133E+001  0.560927413789942E+002  0.480779438012397E+001 -0.519446061646061E-002  0.642936573549923E+002
 -0.292883298170356E+004  0.304756922847283E+001  0.551575469404419E+002  0.483201426731945E+001 -0.540923089803412E-002  0.640397487442841E+002
 -0.291939560187822E+004  0.304329444401899E+001  0.588975336501796E+002  0.481838786733009E+001 -0.524515408921898E-002  0.621196953389673E+002
 -0.288336130466846E+004  0.304964458871623E+001  0.599691107321411E+002  0.482961885769274E+001 -0.526640309423407E-002  0.641350821081931E+002
 -0.287832462694707E+004  0.304805233670606E+001  0.554054294617202E+002  0.483707896368658E+001 -0.531446400691263E-002  0.622501873794319E+002
 -0.286402573796465E+004  0.304062521624525E+001  0.577348456636359E+002  0.480452026395789E+001 -0.510888951143977E-002  0.638664061518593E+002
 -0.285455194875765E+004  0.304279513744525E+001  0.599535382171398E+002  0.481657928713096E+001 -0.517966556747983E-002  0.639030217187278E+002
 -0.287754425514636E+004  0.304953514679659E+001  0.572251739772560E+002  0.480960415623103E+001 -0.532186879514595E-002  0.623186914309947E+002
 -0.284803086990510E+004  0.304400175107610E+001  0.556894159198137E+002  0.481390049173316E+001 -0.502509742851799E-002  0.626418184170974E+002
 -0.284781586175691E+004  0.304205193212832E+001  0.574697627165964E+002  0.480511007121277E+001 -0.532403516723557E-002  0.623304649745511E+002
 -0.284262661329962E+004  0.304437690399682E+001  0.574094399552803E+002  0.481700290818477E+001 -0.540043659975618E-002  0.635886816755114E+002
 -0.284064349403021E+004  0.304382153027057E+001  0.588123045967783E+002  0.481297354701861E+001 -0.525370578241812E-002  0.624480901724449E+002
 -0.285306632133400E+004  0.304632141377780E+001  0.551911572182876E+002  0.480149749634589E+001 -0.542185381683157E-002  0.636773188849597E+002
 -0.283918012377181E+004  0.304299793653880E+001  0.568512266768861E+002  0.482155226514765E+001 -0.532267075447692E-002  0.623655305281608E+002
 -0.283435210055870E+004  0.304575926304773E+001  0.553461521907816E+002  0.482510117766615E+001 -0.511123241971003E-002  0.626352204824769E+002
 -0.282622140534753E+004  0.304033031841650E+001  0.585049200607083E+002  0.480986597679491E+001 -0.531358727470735E-002  0.633874968769668E+002
 -0.282129060329471E+004  0.304816789191881E+001  0.569256346550206E+002  0.480119525827542E+001 -0.538838249003166E-002  0.636192266487676E+002
 -0.281697622497377E+004  0.304676628849111E+001  0.593487622306300E+002  0.482814734720364E+001 -0.529173229685122E-002  0.637027866639650E+002
 -0.281204846301847E+004  0.304751086949453E+001  0.560916484821382E+002  0.482207901702118E+001 -0.536538507079928E-002  0.635620607868215E+002
 -0.280993479786803E+004  0.304502380418997E+001  0.598021325485802E+002  0.484182146177157E+001 -0.529133677493765E-002  0.626074311012868E+002
 -0.280950943878554E+004  0.304128652254533E+001  0.554228327951591E+002  0.482657271026028E+001 -0.545565193817776E-002  0.629301955015729E+002
 -0.280374097287311E+004  0.304444333612085E+001  0.597602811356478E+002  0.483959462176740E+001 -0.540616751218966E-002  0.625180321735429E+002
 -0.280247027518116E+004  0.304251646616212E+001  0.572400542909301E+002  0.482604577118246E+001 -0.509593299108292E-002  0.635306220888639E+002
 -0.280156576441576E+004  0.304702896042839E+001  0.551161948297359E+002  0.481128099889855E+001 -0.527090849517306E-002  0.635493399201851E+002
 -0.280064782865831E+004  0.304651172521598E+001  0.592144304926938E+002  0.481268202049235E+001 -0.537091531213821E-002  0.626013493854023E+002
 -0.280050454408151E+004  0.304998293535094E+001  0.562858383377984E+002  0.481864014171319E+001 -0.503962582346635E-002  0.638756302472360E+002
 -0.279815071657162E+004  0.304510014962993E+001  0.551525204698785E+002  0.482325894981752E+001 -0.534446041238158E-002  0.626455211413120E+002
 -0.280178340253029E+004  0.304835806150093E+001  0.566581559143942E+002  0.484321869111363E+001 -0.543644159250831E-002  0.634348890029657E+002
 -0.279555939600830E+004  0.304122387969123E+001  0.595029333782146E+002  0.482370125489058E+001 -0.508804106525308E-002  0.634458837545943E+002
 -0.279781475643702E+004  0.304699127914678E+001  0.575241026309766E+002  0.480074224740167E+001 -0.515387369025603E-002  0.628881756950932E+002
 -0.279515827261255E+004  0.304111332012834E+001  0.596111971525296E+002  0.484150371077018E+001 -0.503612858048524E-002  0.631311407041059E+002
 -0.280827287872160E+004  0.304322214538155E+001  0.564715613555721E+002  0.484814907757476E+001 -0.506517877363507E-002  0.636427058790403E+002
 -0.280341625553326E+004  0.304139614485225E+001  0.597058352893923E+002  0.483499189962305E+001 -0.535171632025093E-002  0.632466340117773E+002
 -0.280223062024337E+004  0.304870771994374E+001  0.564011407489279E+002  0.483897114804048E+001 -0.516159359467013E-002  0.628513313235441E+002
 -0.279273137517897E+004  0.304667537384626E+001  0.550117583837605E+002  0.483899951741214E+001 -0.546152918257100E-002  0.625483188825525E+002
 -0.279187624894870E+004  0.304858903706042E+001  0.556260194393165E+002  0.484515676886300E+001 -0.544781587449279E-002  0.633318359214491E+002
 -0.279157149524390E+004  0.304290020719940E+001  0.593659642553455E+002  0.483857930494903E+001 -0.502241599578660E-002  0.630728259124747E+002
 -0.280598008352886E+004  0.304290422297916E+001  0.567245200312541E+002  0.481014656893159E+001 -0.503417610694989E-002  0.629335320243495E+002
 -0.278997987674578E+004  0.304203133963893E+001  0.597020421023660E+002  0.480410427305221E+001 -0.543884419188232E-002  0.629712200499519E+002
 -0.278996786312776E+004  0.304910378466978E+001  0.557733015431438E+002  0.482305278500251E+001 -0.540841858534447E-002  0.627479013649881E+002
 -0.278980874749588E+004  0.304625539584914E+001  0.594958873396666E+002  0.484901920847764E+001 -0.533812109379770E-002  0.634163060774354E+002
 -0.278929392434483E+004  0.304546275557221E+001  0.582998452128315E+002  0.482826557548371E+001 -0.518874904724940E-002  0.628810556735330E+002
 -0.278896900731220E+004  0.304752778880059E+001  0.578820145246441E+002  0.483929961545079E+001 -0.507306415721858E-002  0.630729059198953E+002
 -0.278890217431993E+004  0.304362470718539E+001  0.591815806936368E+002  0.480493299563041E+001 -0.519843488799562E-002  0.633882650938654E+002
 -0.278815180632724E+004  0.304330331973961E+001  0.573279791549937E+002  0.481336493530379E+001 -0.529754552030978E-002  0.629545118036266E+002
 -0.278916352029307E+004  0.304869745597568E+001  0.551930771327305E+002  0.482265599189591E+001 -0.518049982153477E-002  0.629432687994697E+002
 -0.278779635183211E+004  0.304924505214273E+001  0.587606321464399E+002  0.483933776683524E+001 -0.549392211086839E-002  0.627284485825248E+002
 -0.278750100592877E+004  0.304754716967397E+001  0.584616823128183E+002  0.482914981581526E+001 -0.517257880137324E-002  0.629725692782707E+002
 -0.278716408336434E+004  0.304280067263363E+001  0.593923377620904E+002  0.484606614484163E+001 -0.507109584046941E-002  0.630914486167998E+002
 -0.278817614585744E+004  0.304693313674746E+001  0.596354117584495E+002  0.484081456434908E+001 -0.549456597213773E-002  0.625929012012588E+002
 -0.278700343221189E+004  0.304456463646745E+001  0.597875381601516E+002  0.484658950010152E+001 -0.520215118480764E-002  0.634978248969851E+002
 -0.278692552860410E+004  0.304474826303512E+001  0.565135860074732E+002  0.482773315643385E+001 -0.516208995325501E-002  0.633639699566597E+002
 -0.278993258182078E+004  0.304774482286902E+001  0.587955893291792E+002  0.482052759271810E+001 -0.523773040629069E-002  0.635750737937884E+002
 -0.278645895536954E+004  0.304774611125470E+001  0.585343918379334E+002  0.481089158998361E+001 -0.506858866801331E-002  0.637066598071819E+002
 -0.278601171868369E+004  0.304595619496716E+001  0.569432629808678E+002  0.481108530158747E+001 -0.522207457077519E-002  0.628994833219126E+002
 -0.278409183157961E+004  0.304517582256164E+001  0.591398852781128E+002  0.480290628792990E+001 -0.519881702158612E-002  0.629266713539794E+002
 -0.278786779964062E+004  0.304490418730661E+001  0.592894130502174E+002  0.481128836083582E+001 -0.533951534444483E-002  0.633292624998435E+002
 -0.278341265165322E+004  0.304907492560225E+001  0.578685571804679E+002  0.482750999662666E+001 -0.508994587758789E-002  0.631940382386323E+002
 -0.278306230846068E+004  0.304321639679530E+001  0.572746046415257E+002  0.481263754301434E+001 -0.536215725344763E-002  0.629541276144333E+002
 -0.278300836559441E+004  0.304530519166360E+001  0.576879399792865E+002  0.484289405613566E+001 -0.532765280719201E-002  0.628306319879872E+002
 -0.278273650058345E+004  0.304827021248913E+001  0.587044401203976E+002  0.482780150224499E+001 -0.547757450338349E-002  0.632189334404177E+002
 -0.278276026607764E+004  0.304843037351278E+001  0.576845012944956E+002  0.480266739456600E+001 -0.522466606820260E-002  0.630207826016175E+002
 -0.278197581079120E+004  0.304784115033519E+001  0.568400643062524E+002  0.484110565698434E+001 -0.533898421613524E-002  0.628669050030704E+002
 -0.278186799929079E+004  0.304931096072418E+001  0.561183082048592E+002  0.482545189538335E+001 -0.533697472173177E-002  0.629381393561347E+002
 -0.278060458007316E+004  0.304691951394358E+001  0.578187714032704E+002  0.484892671622976E+001 -0.522485561327164E-002  0.634066616415620E+002
 -0.278034066571314E+004  0.304510793072594E+001  0.559377441213826E+002  0.480040310368437E+001 -0.517633880708358E-002  0.630493421515996E+002
 -0.277989791842537E+004  0.304462000824789E+001  0.599336148672038E+002  0.484668649354027E+001 -0.511108539755530E-002  0.630940725518698E+002
 -0.277945211439651E+004  0.304544942011486E+001  0.574216189652972E+002  0.480894050320570E+001 -0.549375052865188E-002  0.629804590106696E+002
 -0.278233591640557E+004  0.304523454572197E+001  0.578566849718171E+002  0.483056425049977E+001 -0.541082693621796E-002  0.627396819922399E+002
 -0.277939073993216E+004  0.304981572093016E+001  0.559384385370400E+002  0.484254820717480E+001 -0.530406703115937E-002  0.632135345619598E+002
 -0.277912981700213E+004  0.304847582135862E+001  0.568846809356561E+002  0.482934486761803E+001 -0.529692589119558E-002  0.633112997535665E+002
 -0.277954243511107E+004  0.304806832808705E+001  0.556543151790276E+002  0.483418938675911E+001 -0.540197167349559E-002  0.631843606966975E+002
 -0.277908759573040E+004  0.304930188019727E+001  0.586969948865148E+002  0.482003875508615E+001 -0.512505923049999E-002  0.633180889061771E+002
 -0.277869059406185E+004  0.304852791780353E+001  0.590782541029322E+002  0.482186499624358E+001 -0.510940273963796E-002  0.631875792354184E+002
 -0.278187454871247E+004  0.304443317947486E+001  0.593545298599271E+002  0.484928671546110E+001 -0.515688546377016E-002  0.630473871931542E+002
 -0.277954771116297E+004  0.304653773486209E+001  0.575583157881153E+002  0.483855270199968E+001 -0.527821879593187E-002  0.633546796875056E+002
 -0.277860307806024E+004  0.304529172873918E+001  0.561918498323784E+002  0.483791091726822E+001 -0.508904420869786E-002  0.633884937545473E+002
 -0.278294216631575E+004  0.304596478418039E+001  0.569032958686475E+002  0.484437131411798E+001 -0.530431971457977E-002  0.628161803833204E+002
 -0.277832260320323E+004  0.304446195345985E+001  0.585767068727612E+002  0.480450743705017E+001 -0.539471247501720E-002  0.629817481412455E+002
 -0.277829521523188E+004  0.304531335340668E+001  0.579502160280178E+002  0.484857513210623E+001 -0.524638043643591E-002  0.632845790736758E+002
 -0.277795137823315E+004  0.304683029057566E+001  0.578092986447152E+002  0.480288094819823E+001 -0.533840537799479E-002  0.632530312794517E+002
 -0.277748924050228E+004  0.304705419378236E+001  0.581071332834789E+002  0.482531288346941E+001 -0.504888366116706E-002  0.632215971501397E+002
 -0.277743252808954E+004  0.304760372524498E+001  0.596097561999990E+002  0.484867213383078E+001 -0.534794517902719E-002  0.632451870339279E+002
 -0.277828664005609E+004  0.304894493482450E+001  0.592894001570554E+002  0.484248783106172E+001 -0.541213097905259E-002  0.631941886068712E+002
 -0.277723416623135E+004  0.304940517617327E+001  0.560610523287573E+002  0.481467375679490E+001 -0.502030520073482E-002  0.634018151114483E+002
 -0.277748922845937E+004  0.304616884399325E+001  0.560139175532629E+002  0.481676789072374E+001 -0.514284287627504E-002  0.631749255827629E+002
 -0.277688762561127E+004  0.304910218122040E+001  0.595789954728354E+002  0.483740075576536E+001 -0.536352014495361E-002  0.631807865296037E+002
 -0.277680562192501E+004  0.304392089100675E+001  0.587977016393048E+002  0.480740797857664E+001 -0.526420039865010E-002  0.631150521676565E+002
 -0.277705390447101E+004  0.304928724533343E+001  0.557186013829469E+002  0.482402438458506E+001 -0.515973699963999E-002  0.632222543883125E+002
 -0.277662170552997E+004  0.304960831443503E+001  0.568376043156039E+002  0.482706474972609E+001 -0.537445038299395E-002  0.631108418887394E+002
 -0.277695248759594E+004  0.304811811961058E+001  0.578586978407881E+002  0.481261694900927E+001 -0.517018129180493E-002  0.634147159731640E+002
 -0.277715989703650E+004  0.304445154822482E+001  0.591486620342372E+002  0.480369276872411E+001 -0.541717361236034E-002  0.628640474231890E+002
 -0.277654589973642E+004  0.304754139364656E+001  0.585353218234887E+002  0.484357623464315E+001 -0.501082465293705E-002  0.636528957599342E+002
 -0.277648662080017E+004  0.304385227460829E+001  0.591007663303667E+002  0.484796908832361E+001 -0.509857500788274E-002  0.633769580409563E+002
 -0.277830105170203E+004  0.304837983414433E+001  0.579151152516192E+002  0.480420897921167E+001 -0.529918986067441E-002  0.633469043625848E+002
 -0.277633163455146E+004  0.304786552682548E+001  0.590972716372894E+002  0.480108531320249E+001 -0.524291166021056E-002  0.630847149337996E+002
 -0.277622154664323E+004  0.304585025900220E+001  0.554864667902923E+002  0.483919250962033E+001 -0.534629115904110E-002  0.629899753663313E+002
 -0.277617185398726E+004  0.304671479894393E+001  0.594936712960933E+002  0.483329148405141E+001 -0.501256510262706E-002  0.635547743128608E+002
 -0.277614282645562E+004  0.304794399748029E+001  0.594648101129126E+002  0.482437521610195E+001 -0.534221140815357E-002  0.631298968132169E+002
 -0.277604355666228E+004  0.304612406013733E+001  0.568858577129173E+002  0.482679880961092E+001 -0.522143548492431E-002  0.632941594579828E+002
 -0.277581164927747E+004  0.304726346039169E+001  0.577902770705995E+002  0.484453051455417E+001 -0.515004734843583E-002  0.631625261970366E+002
 -0.277577187619557E+004  0.304812965697772E+001  0.585874970056672E+002  0.481989121182487E+001 -0.519045044587467E-002  0.634219909703335E+002
 -0.277570504182591E+004  0.304845078733698E+001  0.554970010517328E+002  0.481564167544355E+001 -0.521516672948567E-002  0.632075278136538E+002
 -0.277592104304952E+004  0.304652337960414E+001  0.588627624813623E+002  0.484826575767329E+001 -0.508243721069694E-002  0.632233397059458E+002
 -0.277569766105240E+004  0.304938121277008E+001  0.553726606637287E+002  0.483566227786646E+001 -0.501901243571676E-002  0.634471883307269E+002
 -0.277564760348778E+004  0.304837126417185E+001  0.590575380477966E+002  0.484903506996517E+001 -0.523991133398057E-002  0.631018660342063E+002
 -0.277560534998663E+004  0.304526625421760E+001  0.577038353545557E+002  0.482615922694475E+001 -0.536663283698688E-002  0.629509895491101E+002
 -0.277554297794597E+004  0.304541396230048E+001  0.574728106245038E+002  0.482521770720546E+001 -0.503666326866143E-002  0.633423763056544E+002
 -0.277551829278001E+004  0.304837340548514E+001  0.557397112508407E+002  0.484608608240739E+001 -0.502658067901524E-002  0.634280057553446E+002
 -0.277552823820989E+004  0.304846826983261E+001  0.553949868545059E+002  0.484306714707133E+001 -0.527264002882016E-002  0.631579708148958E+002
 -0.277544861595059E+004  0.304631882545477E+001  0.566091446671777E+002  0.481667567337214E+001 -0.523380769735213E-002  0.630923920067386E+002
 -0.277545444558136E+004  0.304688101070684E+001  0.567902069493580E+002  0.484707854890832E+001 -0.522316658709467E-002  0.632422059548961E+002
 -0.277542864310457E+004  0.304468339562479E+001  0.586685974346449E+002  0.482916385737380E+001 -0.519691787793845E-002  0.633248497556339E+002
 -0.277531250139433E+004  0.304677574367900E+001  0.598516344098862E+002  0.482636747984247E+001 -0.526841911619344E-002  0.630636633050529E+002
 -0.277579456623044E+004  0.304557058497329E+001  0.590091177433988E+002  0.481856682169091E+001 -0.534217323636746E-002  0.631545128097863E+002
 -0.277524436295359E+004  0.304888682650140E+001  0.569156910857008E+002  0.482581309518946E+001 -0.515413459661930E-002  0.633364403930251E+002
 -0.277519313384328E+004  0.304904939907544E+001  0.567438593911609E+002  0.483903446946497E+001 -0.543601183970524E-002  0.629900192249223E+002
 -0.277516707153796E+004  0.304747349235909E+001  0.554073919407275E+002  0.481583506489695E+001 -0.506311043475307E-002  0.633360029382847E+002
 -0.277507608931811E+004  0.304843564839187E+001  0.564791529099358E+002  0.482332195527415E+001 -0.548203616389329E-002  0.629013576518012E+002
 -0.277505137198071E+004  0.304633665167549E+001  0.562751502284769E+002  0.484461385211804E+001 -0.506964074668893E-002  0.634366716514159E+002
 -0.277502922355258E+004  0.304855163295608E+001  0.590515446194360E+002  0.481372879204198E+001 -0.531486549473534E-002  0.631614304723784E+002
 -0.277497199846112E+004  0.304743597296990E+001  0.579225466245996E+002  0.482347419759264E+001 -0.504811126942493E-002  0.632901627403110E+002
 -0.277484737576293E+004  0.304832056876831E+001  0.599418402927858E+002  0.480114173415764E+001 -0.514814437035528E-002  0.633026221855556E+002
 -0.277484085954655E+004  0.304648502391086E+001  0.567660615634561E+002  0.483923946806360E+001 -0.529859771645326E-002  0.631773373823981E+002
 -0.277474711756627E+004  0.304610729037875E+001  0.597131949367348E+002  0.480990317509593E+001 -0.540130762746838E-002  0.631030859615791E+002
 -0.277471276440794E+004  0.304786589158079E+001  0.597657850037043E+002  0.480985116316387E+001 -0.535015423855700E-002  0.631168098034602E+002
 -0.277459124183786E+004  0.304765757145705E+001  0.577135141871975E+002  0.482228957668901E+001 -0.504176619160799E-002  0.635384488004764E+002
 -0.277455861765526E+004  0.304739607299373E+001  0.599343362211966E+002  0.481170119016472E+001 -0.517011207605741E-002  0.632270386763408E+002
 -0.277448743655919E+004  0.304640153277013E+001  0.586651789725585E+002  0.481577158083804E+001 -0.532763140236562E-002  0.630683994335039E+002
 -0.277435061762691E+004  0.304767998364059E+001  0.553400109355732E+002  0.480252426268191E+001 -0.534050403045434E-002  0.630597666066431E+002
 -0.277432095597805E+004  0.304827781057874E+001  0.566996729057117E+002  0.484400524603410E+001 -0.540896744909026E-002  0.630850436867388E+002
 -0.277426614597465E+004  0.304721070139978E+001  0.594849973562234E+002  0.481257690502609E+001 -0.513383594813404E-002  0.632788286056097E+002
 -0.277422175101267E+004  0.304873271592428E+001  0.569565687614976E+002  0.483426121194991E+001 -0.514903303148719E-002  0.633662197137620E+002
 -0.277421420568903E+004  0.304702724763994E+001  0.556100907684735E+002  0.481396421244934E+001 -0.505820428307435E-002  0.633491497291089E+002
 -0.277416637923027E+004  0.304522960852209E+001  0.590653013747985E+002  0.483086281673863E+001 -0.530156091637269E-002  0.630610821918272E+002
 -0.277417042222549E+004  0.304792042413656E+001  0.555187742449607E+002  0.481341036368017E+001 -0.507443050727846E-002  0.633411896126822E+002
 -0.277413091284631E+004  0.304729203688210E+001  0.582342427661049E+002  0.481273444581311E+001 -0.543091404328448E-002  0.629314572724673E+002
 -0.277447987171560E+004  0.304605241125191E+001  0.593319975285370E+002  0.482499133556820E+001 -0.519261896969348E-002  0.631714077129964E+002
 -0.277411572267843E+004  0.304818231938709E+001  0.569786503907989E+002  0.482071909584553E+001 -0.504515464910253E-002  0.633669264593717E+002
 -0.277440413427863E+004  0.304768908853888E+001  0.568325295482884E+002  0.483833699078410E+001 -0.549637115844913E-002  0.628746261869130E+002
 -0.277444862375025E+004  0.304612072893814E+001  0.583930150423644E+002  0.484691603301414E+001 -0.546439531463572E-002  0.628747794988741E+002
 -0.277411264878181E+004  0.304807647571646E+001  0.559952793424467E+002  0.481242499029654E+001 -0.534829426689813E-002  0.629960925571248E+002
 -0.277422342824308E+004  0.304731267165856E+001  0.568430520699228E+002  0.481475909970748E+001 -0.539974237961912E-002  0.629430834216808E+002
 -0.277436238887078E+004  0.304796146766612E+001  0.583805576774690E+002  0.484135185744587E+001 -0.512225307907759E-002  0.633104815739453E+002
 -0.277411039692188E+004  0.304843240673057E+001  0.562370331187016E+002  0.484509094673959E+001 -0.526424828569928E-002  0.631614312192858E+002
 -0.277398951269948E+004  0.304501532641140E+001  0.571568006415125E+002  0.481353799758974E+001 -0.501246701134995E-002  0.634461410272243E+002
 -0.277395112596483E+004  0.304626373119958E+001  0.563536034953141E+002  0.482032027838441E+001 -0.500017073522030E-002  0.634167499413207E+002
 -0.277392721003432E+004  0.304533413238482E+001  0.599557929035141E+002  0.480567255156733E+001 -0.504714417637626E-002  0.634861123055914E+002
 -0.277392067247274E+004  0.304641664721965E+001  0.569548985843889E+002  0.483114526573731E+001 -0.518820962044583E-002  0.632709631394877E+002
 -0.277388934001115E+004  0.304639782739561E+001  0.584332129447387E+002  0.480059368194241E+001 -0.513627796637366E-002  0.631920517619750E+002
 -0.277379139153110E+004  0.304714600378042E+001  0.575352977501280E+002  0.483078501295037E+001 -0.522629364162708E-002  0.632337356357767E+002
 -0.277393939690472E+004  0.304617576258527E+001  0.584957740216385E+002  0.482023135982941E+001 -0.526754715709209E-002  0.631039819817492E+002
 -0.277377945595783E+004  0.304711172760127E+001  0.599714696002906E+002  0.481937807547620E+001 -0.534753176497559E-002  0.630730577566152E+002
 -0.277376144463526E+004  0.304722164080025E+001  0.598228927914400E+002  0.480054284636266E+001 -0.515007606514993E-002  0.633398638905476E+002
 -0.277393724920896E+004  0.304782491013454E+001  0.568738628458672E+002  0.480372810764460E+001 -0.506512566347748E-002  0.634262588543409E+002
 -0.277372466666820E+004  0.304685279104599E+001  0.555817512749805E+002  0.484268478016133E+001 -0.505676594792920E-002  0.634679636058958E+002
 -0.277369057861214E+004  0.304544023558650E+001  0.595575495809543E+002  0.480508827392070E+001 -0.535633211510909E-002  0.630525272106997E+002
 -0.277366101189053E+004  0.304688818665802E+001  0.568374595855481E+002  0.484424212626033E+001 -0.527837852896994E-002  0.630390548820308E+002
 -0.277365658386036E+004  0.304763095300611E+001  0.581579526399647E+002  0.483174611028626E+001 -0.519870943979943E-002  0.632702653812342E+002
 -0.277365284572400E+004  0.304661511183226E+001  0.584048800091136E+002  0.481451820751671E+001 -0.514192494501758E-002  0.632504673179331E+002
 -0.277364747011306E+004  0.304781864247258E+001  0.566660618448664E+002  0.480865145073337E+001 -0.524056339192870E-002  0.632251743857788E+002
 -0.277362743404791E+004  0.304795915165950E+001  0.570369894032933E+002  0.483906177936007E+001 -0.505473674643134E-002  0.635202283061193E+002
 -0.277354244162113E+004  0.304577122128835E+001  0.584049286863122E+002  0.482105532889171E+001 -0.531662063388541E-002  0.630742464023602E+002
 -0.277364354302618E+004  0.304553318161144E+001  0.583120816363935E+002  0.484810410719702E+001 -0.509562904503389E-002  0.633479727551671E+002
 -0.277350228401292E+004  0.304493222831585E+001  0.592838246582833E+002  0.483626496582350E+001 -0.532448441759208E-002  0.630614384618843E+002
 -0.277352267526728E+004  0.304735172952325E+001  0.577901336016172E+002  0.480902556852676E+001 -0.512021995791771E-002  0.633651794228525E+002
 -0.277349881686500E+004  0.304751368441713E+001  0.568232646419055E+002  0.482903845932879E+001 -0.519099166749912E-002  0.632518364797405E+002
 -0.277357203573713E+004  0.304511013368719E+001  0.597641262991277E+002  0.480523804661137E+001 -0.547940821217950E-002  0.629284439977484E+002
 -0.277348178927906E+004  0.304757574088594E+001  0.596812581061189E+002  0.483294417725357E+001 -0.542190535920044E-002  0.629751701267759E+002
 -0.277344057036381E+004  0.304668597632093E+001  0.597784688220469E+002  0.484635808511237E+001 -0.510934290568555E-002  0.633001106255562E+002
 -0.277339781431250E+004  0.304653088465583E+001  0.588165742187812E+002  0.482137748179880E+001 -0.505473430752231E-002  0.633634296133207E+002
 -0.277337993435513E+004  0.304751079211201E+001  0.590141237714731E+002  0.483340008445016E+001 -0.512670820613032E-002  0.634188675983662E+002
 -0.277337055918352E+004  0.304577373972383E+001  0.598657039771116E+002  0.481566106279592E+001 -0.530173369345921E-002  0.630865344368151E+002
 -0.277335252440486E+004  0.304693626299658E+001  0.576913637727455E+002  0.482268907839152E+001 -0.516246560139044E-002  0.632986051120324E+002
 -0.277334973403470E+004  0.304626995598033E+001  0.576193045191813E+002  0.480022761955836E+001 -0.533756325934309E-002  0.631177910561040E+002
 -0.277334455598877E+004  0.304653841424671E+001  0.568758458540812E+002  0.483576240876761E+001 -0.532310008500753E-002  0.631043447597624E+002
 -0.277331102300040E+004  0.304714344033769E+001  0.558525484493335E+002  0.480567274315030E+001 -0.523872547555182E-002  0.632139589054691E+002
 -0.277325326042845E+004  0.304634235463400E+001  0.582776841577042E+002  0.484411341469071E+001 -0.547134591944117E-002  0.629562755057034E+002
 -0.277323187022159E+004  0.304548431311583E+001  0.582948136844202E+002  0.480948756667875E+001 -0.503982645331769E-002  0.633835808187668E+002
 -0.277319780457790E+004  0.304777277600379E+001  0.575964846188604E+002  0.482243728575742E+001 -0.543196227358559E-002  0.629726142664202E+002
 -0.277319311658542E+004  0.304577674908780E+001  0.584938321768940E+002  0.481011558901828E+001 -0.513534547326946E-002  0.632762692438777E+002
