  0.304411164175340E+001  0.681782516838474E+002  0.281240625071634E+001 -0.837842262014124E-003  0.681984010903563E+002 -0.100992954205323E+004
  0.304201706950337E+001  0.604098273936686E+002  0.262650131688735E+001 -0.194593950776279E-002  0.668767255184013E+002 -0.100622275811513E+004
  0.304729381753843E+001  0.612499103936381E+002  0.887227760064336E+000 -0.151702130749562E-001  0.516524063842259E+002 -0.100185975239386E+004
  0.305178194133912E+001  0.487621529044335E+002  0.324919433960362E+001 -0.131635831735001E-001  0.542664639800669E+002 -0.101881875524104E+004
  0.304116975271374E+001  0.573005128341209E+002  0.191340697507930E+001 -0.100479897857732E-001  0.574462988397011E+002 -0.101710850330121E+004
  0.305159991648116E+001  0.576730812081295E+002  0.220066190424914E+001 -0.223747540130784E-002  0.663425296097327E+002 -0.102715007210153E+004
  0.305527428584182E+001  0.463732781819955E+002  0.458984995272967E+000 -0.100015002395222E-001  0.580066757885496E+002 -0.102761668332860E+004
  0.304854758783351E+001  0.585154854896874E+002  0.164467662789463E+001 -0.127578169102898E-001  0.543959813129629E+002 -0.100592098729858E+004
  0.304866533502310E+001  0.608521708952769E+002  0.237614745038469E+001 -0.112709636247610E-001  0.561441624758417E+002 -0.100638892904678E+004
  0.304965482184973E+001  0.621217338417561E+002  0.279072154393035E+001 -0.145351195104383E-001  0.526448787892075E+002 -0.100903398735024E+004
  0.304661844699177E+001  0.482012404011432E+002  0.242569226200038E+001 -0.110345241850308E-001  0.569297831060613E+002 -0.101786385951854E+004
  0.304171479534783E+001  0.622067330666040E+002  0.176547712112306E+001 -0.170776587553674E-001  0.492214337237800E+002 -0.101768734785486E+004
  0.304214793096706E+001  0.617406831824865E+002  0.355804291101563E+001 -0.480499184494049E-002  0.640973036325472E+002 -0.102781793723007E+004
  0.304042261594613E+001  0.538210393431480E+002  0.456183028938409E+001 -0.634566311308725E-003  0.683611055912656E+002 -0.102389703936438E+004
  0.305120013868068E+001  0.631386278490329E+002  0.112795061250752E+001 -0.517855102217275E-002  0.633757861591826E+002 -0.101833728640163E+004
  0.304704422394198E+001  0.693842486234721E+002  0.219491642193899E+001 -0.188144598006141E-001  0.472944034669241E+002 -0.101609114547598E+004
  0.304446850267828E+001  0.555292748868268E+002  0.166042297615641E+001 -0.126226944082192E-001  0.543247752781978E+002 -0.102188921811471E+004
  0.304998089736751E+001  0.444891986757536E+002  0.260007263427509E+001 -0.145783454766693E-001  0.520967943974870E+002 -0.102489792001810E+004
  0.304553829302061E+001  0.558748881503584E+002  0.180056356789383E+001 -0.209083592724245E-001  0.446678460440855E+002 -0.102341241835039E+004
  0.305077469999811E+001  0.613036860262717E+002  0.177036126227463E+001 -0.147935896685256E-002  0.672116297588092E+002 -0.102647287586205E+004
  0.304713560761031E+001  0.593270740296751E+002  0.221942366881197E+001 -0.879834324810333E-002  0.588585199521798E+002 -0.101133118684293E+004
  0.304578481149389E+001  0.530474710797176E+002  0.471524810148293E+000 -0.751489187814412E-002  0.611015138482540E+002 -0.102368181659076E+004
  0.304313159730411E+001  0.509980683064817E+002  0.414585476238573E+001 -0.634127202427398E-002  0.618499183922460E+002 -0.102344660056625E+004
  0.303858080957242E+001  0.611193004406989E+002  0.131629075325258E+001 -0.288289636691477E-002  0.654158236324764E+002 -0.102787509596837E+004
  0.304194357992845E+001  0.620352820493299E+002  0.167362679026757E+001 -0.530881029517595E-002  0.627235237569869E+002 -0.101865291726369E+004
  0.305133731941582E+001  0.595059922652624E+002  0.506394806390361E+000 -0.149316312735905E-001  0.517767092427403E+002 -0.101920502958169E+004
  0.304591469558894E+001  0.545017199655203E+002  0.426334774109586E+001 -0.597498589671796E-002  0.622374268280144E+002 -0.101718811994436E+004
  0.304995592213087E+001  0.585269297896675E+002  0.103138744667844E+001 -0.452828393360764E-002  0.637695031679365E+002 -0.101668514699043E+004
  0.304682804655908E+001  0.581743368878651E+002  0.643046398626195E+000 -0.101667170928619E-001  0.579775736373531E+002 -0.101027859244576E+004
  0.305285244221886E+001  0.569751919878544E+002  0.298056016642430E+001 -0.773199872685324E-002  0.606934623661930E+002 -0.102284730175429E+004
  0.304857836093786E+001  0.521501151419163E+002  0.555118655911771E+000 -0.125516392070058E-001  0.543897058300857E+002 -0.102508358256029E+004
  0.304801700311130E+001  0.636298768683381E+002  0.111392901564711E+001 -0.312763228183850E-002  0.656174567087793E+002 -0.101011848066548E+004
  0.305131662567182E+001  0.415468732752155E+002  0.798294437716549E+000 -0.163439195293521E-001  0.503742222226457E+002 -0.102209160051896E+004
  0.304944965031646E+001  0.590246643951476E+002  0.447366403153592E+001 -0.591371319113923E-004  0.686036063865641E+002 -0.102454048292775E+004
  0.304856702752061E+001  0.624951692037113E+002  0.272689764545314E+001 -0.104271461559381E-001  0.573631308113132E+002 -0.100118361541358E+004
  0.304814525520796E+001  0.414369870778459E+002  0.182577848966552E+001 -0.657733193024347E-002  0.616034843877985E+002 -0.102021168009490E+004
  0.304164931721588E+001  0.522408224972415E+002  0.743254473692867E+000 -0.430911532712969E-002  0.640416726457484E+002 -0.101349026638386E+004
  0.304854215037517E+001  0.622030241914418E+002  0.178941760693234E+001 -0.204475108246915E-001  0.450821189055704E+002 -0.101928682335887E+004
  0.304429544930672E+001  0.423563859968022E+002  0.658881775678359E+000 -0.889812118835437E-002  0.591518693192239E+002 -0.102696792457986E+004
  0.304351482474295E+001  0.649055298952757E+002  0.100264089130131E+001 -0.193061862400097E-001  0.466279856286290E+002 -0.101348849225141E+004
  0.304180525252091E+001  0.634175274905440E+002  0.130711164744605E+001 -0.105467422129511E-001  0.575690396520276E+002 -0.102074012313278E+004
  0.304891481203518E+001  0.573245672705682E+002  0.489048672928034E+001 -0.176428385975105E-003  0.690053090294011E+002 -0.102225436321964E+004
  0.304184119246628E+001  0.658744243031911E+002  0.222726770347875E+001 -0.160309839276291E-001  0.504482130986131E+002 -0.102022458895470E+004
  0.304017722245085E+001  0.644091982721670E+002  0.170198732528636E+001 -0.644932135589674E-002  0.614430135363954E+002 -0.102350001033584E+004
  0.303994446631910E+001  0.574441773309321E+002  0.285595996599726E+001 -0.389226144973309E-002  0.648220488716721E+002 -0.101966898918910E+004
  0.304659219751806E+001  0.636043246819429E+002  0.131840803419137E+001 -0.449657503768246E-002  0.639380353200540E+002 -0.100403379756819E+004
  0.304783025846200E+001  0.522177532717017E+002  0.212655053719227E+001 -0.150542383677618E-001  0.514544719439896E+002 -0.102263361587341E+004
  0.304152002117417E+001  0.481815625350115E+002  0.377304036943206E+001 -0.430249177452822E-002  0.643689031203577E+002 -0.102875563055735E+004
  0.304967285254469E+001  0.495276637132062E+002  0.166312029593772E+001 -0.798831722549327E-002  0.596923524093875E+002 -0.102443516343548E+004
  0.303797213778731E+001  0.602728168724979E+002  0.105165488326269E+001 -0.778266759558104E-003  0.677961581427084E+002 -0.102361781217074E+004
  0.304299769704725E+001  0.673325418991700E+002  0.847972256920331E+000 -0.117734272585686E-001  0.555480978287447E+002 -0.100561481899915E+004
  0.304934852105774E+001  0.566096553987401E+002  0.362176953420012E+001 -0.108880402585888E-001  0.569617914212557E+002 -0.101897186699528E+004
  0.303966251024734E+001  0.550757028184393E+002  0.226668074827999E+001 -0.470352368079166E-002  0.634706451223443E+002 -0.102448898174864E+004
  0.304857185012893E+001  0.513949313581282E+002  0.751384588436111E+000 -0.125500467360762E-001  0.552086797742935E+002 -0.101553267196910E+004
  0.304297746159755E+001  0.622246230448871E+002  0.207810555182592E+001 -0.866574173376354E-002  0.596345175534744E+002 -0.100959276599362E+004
  0.304156914483292E+001  0.564343663529973E+002  0.139201899976338E+001 -0.106027362409508E-001  0.566664062075337E+002 -0.102716221132202E+004
  0.304257240426426E+001  0.571024476628654E+002  0.808516783624446E+000 -0.201923194396661E-001  0.453780723581404E+002 -0.102600931116417E+004
  0.304352550289705E+001  0.468311923047532E+002  0.465980903070529E+001 -0.200095075202390E-002  0.668598200392033E+002 -0.102366624271865E+004
  0.304368793385259E+001  0.569305411589752E+002  0.180020870973611E+001 -0.110354290557541E-001  0.564810673181633E+002 -0.100219409965730E+004
  0.304686552036690E+001  0.553390071564908E+002  0.190884908146506E+001 -0.544076958412253E-002  0.625384044338176E+002 -0.102104573540441E+004
  0.305158962700904E+001  0.433099104794529E+002  0.319055003141335E+001 -0.114405810606562E-001  0.562835010124630E+002 -0.102094955890467E+004
  0.304505100316364E+001  0.617360397060336E+002  0.278291340725043E+001 -0.186378969884767E-001  0.474013090725385E+002 -0.102726930154449E+004
  0.304341859804480E+001  0.547185440095897E+002  0.298421562725008E+001 -0.785960401550018E-002  0.605247406142681E+002 -0.101621138622420E+004
  0.305083008759051E+001  0.469628229682831E+002  0.439048106482761E+001 -0.469433980725241E-002  0.639412826449161E+002 -0.102092217108782E+004
  0.304155991654091E+001  0.623831128301975E+002  0.328387342591111E+001 -0.882456445978448E-002  0.590479314082819E+002 -0.101039437977215E+004
  0.304596758668444E+001  0.612588378588637E+002  0.364834185883288E+001 -0.215472308562058E-002  0.668629170634272E+002 -0.101219043178045E+004
  0.304815787294888E+001  0.602310921394863E+002  0.183929645817165E+001 -0.615204086340269E-002  0.625549286270460E+002 -0.101562542083181E+004
  0.304791043726256E+001  0.410655537103801E+002  0.164210272121371E+001 -0.555771643230725E-002  0.629657030615496E+002 -0.102731383123084E+004
  0.304483016130822E+001  0.467289406693436E+002  0.128812495467262E+001 -0.295929376313096E-002  0.655634109515368E+002 -0.101496744842946E+004
  0.304827283326755E+001  0.454550935731279E+002  0.805024828573063E+000 -0.249888286731381E-002  0.663378343882548E+002 -0.101874338894653E+004
  0.305132696690169E+001  0.577958394593290E+002  0.293172443993458E+001 -0.151528273713502E-001  0.519710234067066E+002 -0.101850378688845E+004
  0.304792344156654E+001  0.677271694153065E+002  0.110314298791902E+001 -0.134012019902507E-001  0.542730826234967E+002 -0.102117778144603E+004
  0.303828903554674E+001  0.574237192712165E+002  0.127864467421415E+001 -0.596155481156755E-002  0.622490572318336E+002 -0.102155713049251E+004
  0.304727682322170E+001  0.678732836137244E+002  0.147159301903579E+001 -0.107364273768242E-001  0.570790974839952E+002 -0.100208853424240E+004
  0.304299998956256E+001  0.586158434139790E+002  0.364698857521756E+001 -0.268454017278782E-002  0.657735410759979E+002 -0.101146099285153E+004
  0.304329909491707E+001  0.674569582176152E+002  0.639159886446123E+000 -0.721333135611744E-002  0.607889678664007E+002 -0.100466138064246E+004
  0.304916661838665E+001  0.461054795615879E+002  0.225728908127714E+001 -0.317232679074021E-002  0.652937384534078E+002 -0.101592324779057E+004
  0.304445977669626E+001  0.568301695275093E+002  0.174668778304721E+001 -0.757303697150957E-002  0.609628920355296E+002 -0.101815618876528E+004
  0.305226300155520E+001  0.599626979687772E+002  0.837367792932101E+000 -0.161691530848641E-001  0.504062295708001E+002 -0.101861524399920E+004
  0.304517640068093E+001  0.611033402950384E+002  0.190450656191197E+001 -0.104386553261509E-001  0.573227737291040E+002 -0.996212708690234E+003
  0.304944231911317E+001  0.428597779336960E+002  0.688585450114526E+000 -0.163358380487190E-001  0.501137560698634E+002 -0.102025932008170E+004
  0.304700349426519E+001  0.494515507017117E+002  0.332934720906298E+001 -0.477714829033031E-002  0.634032883793665E+002 -0.101457811069334E+004
  0.304967676060568E+001  0.435371820690533E+002  0.228140129281009E+001 -0.162247613179690E-001  0.502357225745729E+002 -0.102019466250199E+004
  0.304866715744487E+001  0.604447083180630E+002  0.195370156227945E+001 -0.371158199450661E-002  0.646219819734529E+002 -0.101771296974970E+004
  0.305107464202788E+001  0.475122356719662E+002  0.708174871118052E+000 -0.456189051688779E-002  0.642543461181025E+002 -0.102506069416773E+004
  0.303873926528775E+001  0.656352405863416E+002  0.135434833742616E+001 -0.358455438359777E-002  0.646208354609018E+002 -0.102792671945322E+004
  0.305164819098884E+001  0.507590906395944E+002  0.493560637051994E+000 -0.817295439458687E-002  0.600601979758767E+002 -0.100999102873817E+004
  0.304631229258652E+001  0.657266942827462E+002  0.244797621383867E+001 -0.190080843090557E-001  0.472705032010196E+002 -0.102366193604203E+004
  0.305305490745940E+001  0.553374161809715E+002  0.155674370105070E+001 -0.114752491621972E-001  0.558893094396470E+002 -0.102078854136582E+004
  0.303958686642666E+001  0.615807985207325E+002  0.122861800503852E+001 -0.409923378466854E-002  0.641209857575230E+002 -0.102113592297615E+004
  0.305314546840425E+001  0.664723970724365E+002  0.120190650009513E+001 -0.142749691361182E-001  0.530682824309513E+002 -0.102885325523609E+004
  0.303922187002305E+001  0.584082098781900E+002  0.147746390734561E+001 -0.104544613921748E-002  0.680934086470892E+002 -0.102835972299404E+004
  0.304526907369102E+001  0.646099908948527E+002  0.291795752677880E+001 -0.103495916850089E-001  0.576315395457684E+002 -0.100573299141150E+004
  0.305066197251659E+001  0.412750040300267E+002  0.119168879214598E+001 -0.593479185001510E-002  0.625716959627779E+002 -0.102552173637426E+004
  0.303932759785607E+001  0.606286831926637E+002  0.857071793763449E+000 -0.147781426481420E-001  0.520296995771142E+002 -0.102112649021232E+004
  0.304147823369270E+001  0.493853820738234E+002  0.912525816109386E+000 -0.164285854379371E-001  0.501933892826666E+002 -0.102685527710703E+004
  0.304489565311005E+001  0.549053639897768E+002  0.511099647873015E+000 -0.196582848734872E-001  0.463479390750118E+002 -0.101867132741659E+004
  0.304161324690656E+001  0.685097542779394E+002  0.130710867353422E+001 -0.212904868434203E-002  0.668694412630718E+002 -0.101203541927470E+004
  0.303982057401210E+001  0.651011435039767E+002  0.868098695294550E+000 -0.247374222963987E-002  0.661280039568830E+002 -0.100948618304159E+004
  0.304913430006996E+001  0.611589833983247E+002  0.324705446781276E+001 -0.847857346418539E-002  0.599002529489210E+002 -0.101528796719359E+004
  0.303835816670307E+001  0.615294892005269E+002  0.188202816769347E+001 -0.111922064651767E-001  0.565515347872267E+002 -0.102375455258221E+004
  0.305020665338960E+001  0.580675108076961E+002  0.177030237591124E+001 -0.563186837095268E-002  0.627245077394279E+002 -0.100900643019341E+004
  0.305471542589060E+001  0.456680474573841E+002  0.217343723890469E+001 -0.151542211906978E-001  0.520488691916313E+002 -0.102824801559170E+004
  0.304259815338983E+001  0.571811801324013E+002  0.402003846817228E+001 -0.419190863902887E-003  0.687483489536770E+002 -0.102126608011043E+004
  0.304510926535581E+001  0.493552725434004E+002  0.367748750759166E+001 -0.618712324796240E-002  0.624100737361780E+002 -0.102073922332095E+004
  0.305036095602180E+001  0.433841469336566E+002  0.701651852522935E+000 -0.749008261784577E-002  0.604541535203240E+002 -0.101748650011431E+004
  0.305132545161473E+001  0.499541393683942E+002  0.320234040916020E+001 -0.385614974880150E-002  0.645575146859792E+002 -0.101511986284910E+004
  0.304335567313891E+001  0.683530748294052E+002  0.664465670148620E+000 -0.935089326883527E-003  0.683340798292320E+002 -0.102684259212302E+004
  0.304352404938043E+001  0.481697715680148E+002  0.296556050725316E+001 -0.809802920166749E-002  0.598291760644052E+002 -0.101643769863523E+004
  0.304071237494909E+001  0.519002781790802E+002  0.100607407098189E+001 -0.777703011700716E-002  0.601842967377266E+002 -0.101649366599179E+004
  0.305041747810952E+001  0.518511944489684E+002  0.177529539532658E+001 -0.263075144038656E-002  0.662222587090723E+002 -0.101558238833401E+004
  0.304860515700311E+001  0.526516766794369E+002  0.113231323512265E+001 -0.118625909449048E-001  0.555142589292688E+002 -0.100165935424915E+004
  0.305178210051027E+001  0.642909299247642E+002  0.158164624914732E+001 -0.953545912720868E-002  0.581810592315842E+002 -0.102422259724969E+004
  0.304457818541534E+001  0.665582364100066E+002  0.466508069698897E+001 -0.407311651815318E-002  0.644908912911386E+002 -0.101868198241629E+004
  0.305002390631202E+001  0.509444801555368E+002  0.157393349750525E+001 -0.163591234069536E-001  0.507179101869414E+002 -0.102573474266600E+004
  0.304557633851235E+001  0.583938417682039E+002  0.157146471632122E+001 -0.190330995777624E-001  0.471492238329271E+002 -0.101430798234877E+004
  0.304989938060436E+001  0.488496404840174E+002  0.197384116530466E+001 -0.279791503776122E-002  0.660539829150132E+002 -0.101551655927060E+004
  0.304092297733908E+001  0.551345604447507E+002  0.174182383128552E+001 -0.631881992968930E-002  0.619911820199924E+002 -0.101056340989902E+004
  0.303848684390261E+001  0.668781487597900E+002  0.249690502973546E+001 -0.111690988013017E-001  0.565599236148007E+002 -0.102262546981345E+004
  0.304211762390538E+001  0.581032978659796E+002  0.610375968953123E+000 -0.191308077789862E-001  0.470633501616200E+002 -0.102553966283323E+004
  0.304090792849153E+001  0.586398902739141E+002  0.357888276963414E+001 -0.659481172559091E-002  0.616786698817753E+002 -0.101419540433011E+004
  0.304257888286392E+001  0.665539322581760E+002  0.742015453413030E+000 -0.188037044882010E-001  0.470568055060370E+002 -0.102019487971899E+004
  0.305259465401904E+001  0.516226990664329E+002  0.540310428986788E+000 -0.923559478886610E-002  0.591183026295758E+002 -0.102657388176042E+004
  0.304410598255452E+001  0.557023735476357E+002  0.166907034915144E+001 -0.953806517993571E-002  0.581413283905988E+002 -0.100339698483396E+004
  0.304368806945765E+001  0.537465150832624E+002  0.157331830304098E+001 -0.644307206128070E-002  0.622099438471370E+002 -0.102030192758956E+004
  0.305010097688837E+001  0.600814380118595E+002  0.239993156461883E+001 -0.127507781499630E-001  0.548620847315335E+002 -0.100748963698222E+004
  0.304415042594880E+001  0.529259993981997E+002  0.169837609699344E+001 -0.165092055010891E-001  0.502977450386908E+002 -0.101666672655280E+004
  0.304246631555353E+001  0.521588302446787E+002  0.202679668968843E+001 -0.116588132409987E-001  0.560946157557007E+002 -0.101808152818151E+004
  0.304114469880041E+001  0.583641307014653E+002  0.257803684747250E+001 -0.104480971782094E-001  0.570930301650014E+002 -0.101424809607151E+004
  0.305122764683834E+001  0.469892121418403E+002  0.479065025626719E+001 -0.290553351780693E-002  0.657028137199410E+002 -0.102056875756980E+004
  0.304573115156236E+001  0.475108043898822E+002  0.223251704332503E+001 -0.144033080563573E-001  0.523972221198883E+002 -0.101672750270832E+004
  0.304266892093934E+001  0.594873486149510E+002  0.449088447118068E+000 -0.451435480872991E-002  0.638156337773427E+002 -0.100410605540272E+004
  0.304292400015483E+001  0.671355118617771E+002  0.485019708233740E+001 -0.208563548830809E-003  0.686636702947925E+002 -0.100702188897335E+004
  0.304266093880124E+001  0.658029224193154E+002  0.208428757350785E+001 -0.110209584565030E-001  0.567149496782327E+002 -0.100181506968868E+004
  0.304105396536869E+001  0.663925394056684E+002  0.277925529894688E+001 -0.948482576396514E-003  0.683096718712727E+002 -0.102754120796547E+004
  0.305186404125073E+001  0.668557759765338E+002  0.127542354314641E+001 -0.105016985493387E-001  0.571394878844740E+002 -0.102358276165940E+004
  0.304849329515829E+001  0.643769276390835E+002  0.311786581282823E+001 -0.556186176782114E-002  0.629696857819123E+002 -0.100612974884852E+004
  0.304882890211624E+001  0.570109937164364E+002  0.204863742291775E+001 -0.936831035115986E-002  0.584227961969131E+002 -0.100113378113299E+004
  0.304219796847460E+001  0.531456821629530E+002  0.277368802274609E+001 -0.158396189568983E-002  0.670964541837557E+002 -0.101060799986352E+004
  0.305051837064746E+001  0.583495517514121E+002  0.124288212481824E+001 -0.570136287727660E-002  0.630339354998907E+002 -0.102216608815957E+004
  0.304623652158578E+001  0.607877005784806E+002  0.796663392156345E+000 -0.154870333062687E-001  0.515113213080759E+002 -0.100315720235659E+004
  0.304816412965855E+001  0.539223154796282E+002  0.110305295770038E+001 -0.208274490479313E-001  0.444531082725077E+002 -0.102624180369074E+004
  0.304953695737582E+001  0.474208514637767E+002  0.324928776563180E+001 -0.684647122562589E-002  0.613405991570742E+002 -0.100718966853364E+004
  0.304820806166060E+001  0.540973580709920E+002  0.223407390143156E+001 -0.172511485715419E-001  0.487936395785820E+002 -0.102870117250595E+004
  0.304908518747991E+001  0.618618909719163E+002  0.280944637634982E+001 -0.485274175825644E-002  0.634393753515862E+002 -0.101201830774613E+004
  0.304506064014715E+001  0.531196832536322E+002  0.104294657399287E+001 -0.348663493223943E-002  0.649230992458501E+002 -0.100713816912700E+004
  0.304489806466324E+001  0.495061036763982E+002  0.153467510447959E+001 -0.885291307430296E-002  0.595380489584016E+002 -0.102843695906206E+004
  0.304199670588097E+001  0.548199603616107E+002  0.280963777045756E+001 -0.145565014163492E-001  0.524618501056586E+002 -0.102157603024467E+004
  0.304808870299323E+001  0.618126168907545E+002  0.341501882604658E+001 -0.883206236944972E-002  0.588635673100666E+002 -0.101574726922272E+004
  0.304802026121219E+001  0.586192929574389E+002  0.203464118839766E+001 -0.162469954330944E-001  0.501870023420835E+002 -0.101033572819674E+004
  0.304226007518389E+001  0.537584444794516E+002  0.277518444071272E+001 -0.507536576807309E-002  0.634194330641581E+002 -0.101042478345818E+004
  0.305448140261481E+001  0.588271751353095E+002  0.249488546229574E+001 -0.112395034103664E-001  0.565775396205525E+002 -0.102256205407208E+004
  0.305199582925048E+001  0.556603422362169E+002  0.244500163124782E+001 -0.126442152881136E-002  0.675277539974755E+002 -0.102620574398885E+004
  0.304755918278144E+001  0.484845067513086E+002  0.189899771378807E+001 -0.131511633465099E-001  0.543470899887122E+002 -0.100955801578181E+004
  0.305390745338524E+001  0.413625982581854E+002  0.222596616265995E+001 -0.109874607591996E-001  0.568948564658273E+002 -0.102719886889849E+004
  0.304802042971212E+001  0.545713014732374E+002  0.111105499902921E+001 -0.139096340169912E-001  0.536460237065835E+002 -0.101808550417931E+004
  0.304336858915843E+001  0.677831509215080E+002  0.295460811329975E+001 -0.462256784799100E-002  0.642340621077898E+002 -0.101636280138933E+004
  0.304488200837865E+001  0.576576384439938E+002  0.336407437882013E+001 -0.337175567511679E-002  0.650676036880758E+002 -0.100638311253880E+004
  0.304795226044711E+001  0.657731887828953E+002  0.309096410315522E+001 -0.846214834555620E-002  0.599395062883174E+002 -0.101533921321568E+004
  0.304524261287893E+001  0.498023612957339E+002  0.292685311445307E+001 -0.106279075901122E-001  0.569776684820384E+002 -0.100960102997932E+004
  0.304480564509115E+001  0.624718677745991E+002  0.435031415683030E+001 -0.999194384467057E-003  0.676426747482317E+002 -0.100954909370674E+004
  0.303889534440811E+001  0.612497102754305E+002  0.109362702248547E+001 -0.850967357974662E-002  0.597212922643021E+002 -0.102079841783680E+004
  0.304023298320788E+001  0.498891156736740E+002  0.100815497639807E+001 -0.744408974672697E-002  0.604501638766496E+002 -0.102610734185429E+004
  0.305227889148418E+001  0.456016315086764E+002  0.337239021596809E+001 -0.350932038600642E-002  0.651356362573117E+002 -0.101984754834965E+004
  0.305062124244486E+001  0.555169899756849E+002  0.103347081799947E+001 -0.692891412684773E-002  0.617382454789069E+002 -0.102502110059927E+004
  0.304616992308034E+001  0.585076933853741E+002  0.263638891146618E+001 -0.589730518404767E-003  0.680710672836498E+002 -0.101357252486046E+004
  0.305084320535331E+001  0.403387912695205E+002  0.237838392033039E+001 -0.120706495526864E-001  0.555988420021203E+002 -0.102826519030684E+004
  0.304610042676557E+001  0.494213309515261E+002  0.448624140322622E+001 -0.544742894002341E-002  0.627769465940362E+002 -0.102803072157613E+004
  0.303963440706175E+001  0.588224400302826E+002  0.285289487929647E+001 -0.268126607355625E-002  0.658408685413941E+002 -0.101693417691130E+004
  0.304754165788449E+001  0.450527120933423E+002  0.224459949941538E+001 -0.179337543630735E-001  0.482207836850920E+002 -0.102215026124445E+004
  0.304715836241514E+001  0.459838926176423E+002  0.279264854961424E+001 -0.166490429874010E-001  0.497230199918041E+002 -0.102708443247050E+004
  0.303874950957207E+001  0.691265312601849E+002  0.281124988036235E+001 -0.188865553598942E-002  0.665114262689286E+002 -0.102598149942724E+004
  0.304189394636113E+001  0.698786188032569E+002  0.373326593531594E+001 -0.943394813057077E-002  0.582685885842655E+002 -0.102625862835613E+004
  0.304949123727889E+001  0.560622492777580E+002  0.294825080027884E+001 -0.761895495853099E-002  0.607376036798228E+002 -0.100500892505612E+004
  0.305009452542270E+001  0.438517469500984E+002  0.367283885308167E+001 -0.187888939809859E-002  0.666985000235105E+002 -0.102294655975293E+004
  0.304893735324947E+001  0.414507669535028E+002  0.384487477000066E+001 -0.281499454504663E-002  0.657319808741882E+002 -0.102444300201044E+004
  0.304531999820767E+001  0.412413112036998E+002  0.243079752831625E+001 -0.712235348536845E-002  0.609841290571142E+002 -0.102709964491756E+004
  0.305305165942274E+001  0.615671155919631E+002  0.168620604600830E+001 -0.157575583748503E-001  0.510398269560762E+002 -0.101773001652579E+004
  0.304475730232781E+001  0.665611341152213E+002  0.169815248012673E+001 -0.945419526145679E-002  0.581755666665465E+002 -0.100819076275926E+004
  0.304973455038861E+001  0.425177452638394E+002  0.315227245895012E+001 -0.130276560718257E-001  0.544652779944966E+002 -0.102819234937147E+004
  0.305464429247958E+001  0.591024075820029E+002  0.103694192500629E+001 -0.948298476038831E-002  0.585267978020763E+002 -0.102751529458618E+004
  0.304592324493704E+001  0.645125304740302E+002  0.260493223076466E+001 -0.152584105564101E-001  0.514008204566583E+002 -0.101313241187942E+004
  0.304864884669296E+001  0.555740912788857E+002  0.109574965327788E+001 -0.138126571759802E-001  0.533547055009613E+002 -0.998606056280623E+003
  0.304298026890941E+001  0.543114933934547E+002  0.199243616535573E+001 -0.104747200325720E-001  0.573262749739084E+002 -0.100618195001071E+004
  0.305293622490468E+001  0.578716197278715E+002  0.226182339169499E+001 -0.130369285847123E-001  0.544686542480203E+002 -0.101301910411731E+004
  0.304465448448362E+001  0.675721309389913E+002  0.204274535436352E+001 -0.298968049225611E-002  0.652781134227166E+002 -0.102469017568738E+004
  0.305213356068551E+001  0.591117107833095E+002  0.216099972320026E+001 -0.722440244943023E-002  0.608400404231837E+002 -0.101730401343582E+004
  0.305116717576442E+001  0.546633773736860E+002  0.150288971551245E+001 -0.152839330734482E-001  0.515568534619728E+002 -0.100552862736779E+004
  0.304899344032262E+001  0.458992008665446E+002  0.305890274819646E+001 -0.285407156387841E-002  0.654379087114496E+002 -0.102866062374237E+004
  0.304651104611527E+001  0.527237002006794E+002  0.181799870341320E+001 -0.215357259421598E-002  0.670066537682385E+002 -0.102746110188116E+004
  0.305113014362605E+001  0.675049487042036E+002  0.285115598159839E+001 -0.315774603981031E-002  0.654999663464349E+002 -0.102219544694694E+004
  0.304987138131013E+001  0.503945612803760E+002  0.143528559411724E+001 -0.103560145138314E-001  0.578192915910096E+002 -0.102191676963549E+004
  0.304445512772528E+001  0.675434462884913E+002  0.257096191977753E+001 -0.788684978959606E-003  0.682828166621623E+002 -0.101154683258771E+004
  0.304578873394467E+001  0.586437045931292E+002  0.143097832477066E+001 -0.149608869371246E-002  0.676652208710468E+002 -0.102009225796640E+004
  0.304066221307269E+001  0.605006028693898E+002  0.342799027161420E+001 -0.859527635029853E-002  0.591849264814407E+002 -0.102048054453915E+004
  0.304991415733258E+001  0.485162282021023E+002  0.271111744692352E+001 -0.360076545629857E-002  0.650700312703320E+002 -0.101031102626968E+004
  0.304791522633529E+001  0.624233933256453E+002  0.112267759218281E+001 -0.150303441613943E-001  0.515598986458972E+002 -0.101839129576773E+004
  0.305261121139432E+001  0.512315616552037E+002  0.175141956032087E+001 -0.115938758801846E-001  0.557090432508566E+002 -0.101840842547410E+004
  0.304425770827046E+001  0.699726040112676E+002  0.212064734945788E+001 -0.154837040785983E-001  0.511824348161853E+002 -0.101051110336621E+004
  0.305186920488528E+001  0.527116424108878E+002  0.129465257697415E+001 -0.991524203240996E-002  0.582538185308804E+002 -0.101876992761663E+004
  0.304727528838685E+001  0.638576850405761E+002  0.346510975660115E+001 -0.909727889304290E-002  0.589293087307774E+002 -0.100587522453051E+004
  0.304216664471869E+001  0.679015643026517E+002  0.185552080140693E+001 -0.108814796325979E-002  0.679271621494337E+002 -0.100963697930378E+004
  0.304225908367953E+001  0.511965599035507E+002  0.196739719860554E+001 -0.553525500350843E-002  0.630709147196442E+002 -0.101944049056058E+004
  0.304785331941491E+001  0.649761994371739E+002  0.265296633527483E+001 -0.921397578920423E-002  0.585318812219554E+002 -0.100622574413687E+004
  0.304500443158426E+001  0.695520334759773E+002  0.152945874127574E+001 -0.128153086377073E-001  0.546940630568269E+002 -0.100257778393431E+004
  0.305132308026019E+001  0.444464238898244E+002  0.182446617036867E+001 -0.864099433411761E-002  0.595435382457658E+002 -0.101586101799457E+004
  0.304256851628485E+001  0.510276348489103E+002  0.613264621404277E+000 -0.295941614623866E-002  0.655420172453772E+002 -0.101316762363338E+004
  0.304693783791056E+001  0.526895333632865E+002  0.327890305921015E+001 -0.134677750732628E-001  0.539633040410809E+002 -0.102074718121525E+004
  0.304432972643531E+001  0.571255666453773E+002  0.370385018733808E+001 -0.772726910147866E-002  0.604627558687825E+002 -0.100752606053266E+004
  0.305117676441127E+001  0.492961483027971E+002  0.177054238871177E+001 -0.138285643066482E-001  0.534901697467627E+002 -0.100722099218831E+004
  0.304709001871756E+001  0.490517072315373E+002  0.172073148043469E+001 -0.125640080261851E-001  0.549279814290000E+002 -0.100443926052278E+004
  0.305196096678841E+001  0.495939575301193E+002  0.534651692276698E+000 -0.886339799909164E-002  0.595349189888527E+002 -0.102553186728013E+004
  0.304411392410436E+001  0.699818976096751E+002  0.201548283365873E+001 -0.181060740812908E-001  0.482298979753560E+002 -0.101215585112208E+004
  0.303895516765865E+001  0.658838120996243E+002  0.449723820091362E+001 -0.379331992812489E-003  0.683564402041380E+002 -0.101610247697752E+004
  0.304082687645629E+001  0.574584412098548E+002  0.973425965640664E+000 -0.160117396445772E-001  0.505679409198199E+002 -0.101788779177190E+004
  0.304018815704916E+001  0.663685762281202E+002  0.317499249409246E+001 -0.781828904812993E-002  0.605276820170097E+002 -0.101742853626087E+004
  0.304644291492614E+001  0.509879079077166E+002  0.319808935041421E+001 -0.733489061906873E-002  0.605993922549404E+002 -0.100820488298845E+004
  0.304920276289721E+001  0.557012303231132E+002  0.355051681878207E+001 -0.471674861410665E-002  0.641673251750557E+002 -0.102164628930180E+004
  0.303839657823966E+001  0.671497961500865E+002  0.164847767481245E+001 -0.131971114746027E-002  0.677349738887714E+002 -0.102112538520636E+004
  0.305216471812564E+001  0.562121117523382E+002  0.594000791627893E+000 -0.195902136838283E-001  0.464855412186483E+002 -0.102273301513579E+004
  0.305150950215589E+001  0.522932223265466E+002  0.323441161571948E+001 -0.291692410887651E-002  0.655158621441648E+002 -0.101922804868467E+004
  0.304623780732309E+001  0.685924940568156E+002  0.180968546518748E+001 -0.217386979835713E-001  0.434226855055022E+002 -0.102746032417423E+004
  0.304760484371965E+001  0.557917830412581E+002  0.836672919447665E+000 -0.457434602387912E-002  0.641606045841241E+002 -0.100827152392322E+004
  0.304617725298679E+001  0.659993441178260E+002  0.204959077914374E+001 -0.862961508415761E-002  0.590570911529904E+002 -0.101423907829416E+004
