2.393150461613189841e-05 5.575949903956956823e-13 8.180768340893135804e-13
2.448894096842227708e-05 1.530269943750887040e-08 9.100415517603830340e-13
2.505936168136362570e-05 1.631091684237049671e-08 1.005659086509940393e-12
2.564306919956823707e-05 1.428586038434276952e-08 1.103702722840766776e-12
2.624037301248861295e-05 1.188960971145090830e-08 1.202972660365320878e-12
2.685158981851265889e-05 9.667934591002776276e-09 1.301494307194005337e-12
2.747704369288124057e-05 7.732206602336678391e-09 1.397943731618178911e-12
2.811706625951745350e-05 6.091986155435007362e-09 1.489569081695805879e-12
2.877199686685782864e-05 4.727910166991630341e-09 1.574514626166314331e-12
2.944218276777941324e-05 3.609739185675872296e-09 1.650038438719253531e-12
3.012797930371789620e-05 2.712103572473467059e-09 1.714329769647647974e-12
3.082975009307410534e-05 2.009612872602566857e-09 1.764638560230393326e-12
3.154786722400964650e-05 1.477097680116018080e-09 1.798839463896307056e-12
3.228271145173280656e-05 1.089377257599457560e-09 1.815061506459746431e-12
3.303467240037981687e-05 8.251765483852522212e-10 1.812066966009244920e-12
3.380414876959908759e-05 6.620768290100794555e-10 1.788669224763631169e-12
3.459154854594680595e-05 5.800400160717966961e-10 1.745209033570551648e-12
3.539728921920685885e-05 5.589999239195309039e-10 1.682272065506917686e-12
3.622179800374952406e-05 5.820581561885828586e-10 1.601856804472568776e-12
3.706551206504588155e-05 6.329703321220481702e-10 1.506985154852896443e-12
3.792887875145917236e-05 6.982659695872744557e-10 1.402709827254037571e-12
3.881235583143463039e-05 7.656495306454631075e-10 1.293583620461427899e-12
3.971641173621410364e-05 8.269280730749975453e-10 1.187336390442748548e-12
4.064152580820497269e-05 8.755889364290263534e-10 1.091377604867876690e-12
4.158818855513353842e-05 9.076726328093378605e-10 1.013817730158029421e-12
4.255690191011879072e-05 9.225763591128136902e-10 9.629843979932635879e-13
4.354817949780397373e-05 9.207791197733322540e-10 9.473503404581071147e-13
4.456254690668728712e-05 9.056519637258398697e-10 9.735928975694036351e-13
4.560054196779547508e-05 8.819522610631476096e-10 1.046961615712034140e-12
4.666271503984951611e-05 8.544221736599077503e-10 1.169955931776747916e-12
4.774962930107184414e-05 8.287599802670191274e-10 1.341935413113676948e-12
4.886186104779054808e-05 8.097776438523152553e-10 1.557888128642196868e-12
4.999999999999999562e-05 8.015599227089903737e-10 1.809477807756244021e-12
5.077344962165403252e-05 8.029514908741836234e-10 1.990408879135029388e-12
5.155886372965278575e-05 8.107316552440938453e-10 2.176170840008297662e-12
5.235642740254491996e-05 8.240367973026873689e-10 2.361795319541065593e-12
5.316632858185802379e-05 8.430734821714539099e-10 2.540603585009529165e-12
5.398875811638547008e-05 8.664503022949189662e-10 2.707243975985890598e-12
5.482390980715925750e-05 8.933409017957230995e-10 2.854786039259119056e-12
5.567198045311809001e-05 9.224149338719177404e-10 2.977528153019772549e-12
5.653316989748198356e-05 9.521047789211476635e-10 3.069833675200693240e-12
5.740768107484407919e-05 9.813994314220610813e-10 3.127985208933100209e-12
5.829572005899154823e-05 1.008049908902096057e-09 3.148364443854728888e-12
5.919749611146507643e-05 1.031039832807813569e-09 3.129941186418855723e-12
6.011322173087064877e-05 1.049774037709898766e-09 3.072226387315674495e-12
6.104311270295358267e-05 1.063743156596175254e-09 2.978761830136604161e-12
6.198738815144726427e-05 1.072147765900687124e-09 2.854314601467567860e-12
6.294627058970830402e-05 1.075455687498559255e-09 2.705867563859720407e-12
6.391998597315114226e-05 1.074414277916855905e-09 2.542290855091586416e-12
6.490876375249243866e-05 1.070206143380080777e-09 2.374441814858175164e-12
6.591283692782035650e-05 1.063575129498312250e-09 2.214392818401896741e-12
6.693244210349969913e-05 1.056460648801507409e-09 2.074617055561252603e-12
6.796781954392634262e-05 1.050097528853969883e-09 1.967031273262400373e-12
6.901921323014417829e-05 1.046396986687931870e-09 1.902765578814090879e-12
7.008687091733845661e-05 1.046271277463487938e-09 1.890974854411743101e-12
7.117104419321706554e-05 1.050768428028197997e-09 1.937003802732744734e-12
7.227198853729638578e-05 1.060726120939330174e-09 2.043561954975006045e-12
7.338996338110351377e-05 1.075690719426421317e-09 2.207448140010547266e-12
7.452523216930986860e-05 1.095410521399222830e-09 2.422014584295643993e-12
7.567806242181034505e-05 1.118974029962835061e-09 2.674977486034634340e-12
7.684872579676353069e-05 1.144027995765599177e-09 2.950480505392992675e-12
7.803749815460556355e-05 1.169930653178637248e-09 3.228441484920612121e-12
7.924465962305569597e-05 1.194190990562993863e-09 3.488838296939959358e-12
8.047049466312679192e-05 1.215636658993948365e-09 3.709481831809675440e-12
8.171529213615679041e-05 1.232720811190309333e-09 3.871627985649248187e-12
8.297934537187796715e-05 1.244156946766477400e-09 3.960219108951358978e-12
8.426295223753753360e-05 1.250764931056769731e-09 3.968297274576954072e-12
8.556641520808903466e-05 1.252217522458354062e-09 3.892398078896412015e-12
8.689004143746880239e-05 1.249969090996537009e-09 3.741352415501061937e-12
8.823414283097507044e-05 1.245858879554841020e-09 3.534357724935394889e-12
8.959903611876659493e-05 1.241843901530529730e-09 3.295056755707532534e-12
9.098504293049911853e-05 1.239683339046083730e-09 3.053827734949658819e-12
9.239248987111451750e-05 1.241428468194402170e-09 2.844012124004253600e-12
9.382170859780427524e-05 1.248478734979876623e-09 2.697746228122217186e-12
9.527303589816240703e-05 1.260620206671027590e-09 2.639283576822910667e-12
9.674681376954767664e-05 1.278077619424296089e-09 2.684818599610221291e-12
9.824338949967329252e-05 1.299260383677432786e-09 2.839933130680300342e-12
9.976311574844392432e-05 1.322537796262704921e-09 3.085502240043163773e-12
1.013063506310571432e-04 1.345410843874377948e-09 3.401622436342861558e-12
1.028734578023919724e-04 1.365543545468018371e-09 3.743927423634237072e-12
1.044648065427019234e-04 1.380802295666919142e-09 4.070704826860312204e-12
1.060807718446342277e-04 1.391132734857577920e-09 4.328271878552001969e-12
1.077217345015941974e-04 1.395066452235253698e-09 4.486719486773814381e-12
1.093880811974775648e-04 1.394150207080726687e-09 4.511965107900988698e-12
1.110802045977905735e-04 1.391071984058547371e-09 4.404293843433537585e-12
1.127985034421788413e-04 1.388220141498761720e-09 4.186555663724681898e-12
1.145433826383886162e-04 1.387977966604764852e-09 3.897037959637973415e-12
1.163152533576812840e-04 1.392499666656117905e-09 3.603322576999012722e-12
1.181145331317231227e-04 1.403223356042129899e-09 3.357041675155454782e-12
1.199416459509744813e-04 1.419550838683550682e-09 3.227962027306834939e-12
1.217970223646013407e-04 1.439391896181434559e-09 3.249821007233857380e-12
1.236810995819311043e-04 1.460655337928232605e-09 3.431031352252988910e-12
1.255943215754789502e-04 1.481763428596972886e-09 3.741129641881690842e-12
1.275371391855679331e-04 1.496437517586776012e-09 4.128110505687861259e-12
1.295100102265662556e-04 1.504163837852731824e-09 4.502354001964074107e-12
1.315133995947690435e-04 1.506254696950286715e-09 4.779247710046575184e-12
1.335477793779492502e-04 1.504611216948181127e-09 4.899217805174616277e-12
1.356136289666014618e-04 1.501383891573798589e-09 4.829138929324624587e-12
1.377114351669082826e-04 1.500753528403048440e-09 4.598277421619565473e-12
1.398416923154538580e-04 1.506158540148609416e-09 4.265783023948376928e-12
1.420049023957106640e-04 1.516623987885282645e-09 3.934181280377506446e-12
1.442015751563302745e-04 1.533265119453677807e-09 3.713516919855835215e-12
1.464322282312618484e-04 1.552154753223485547e-09 3.682099835929729822e-12
1.486973872617303768e-04 1.571549920486350841e-09 3.863354422113925061e-12
1.509975860201007907e-04 1.586802065581989531e-09 4.217379798875195759e-12
1.533333665356591551e-04 1.593864932122620058e-09 4.637799472092764674e-12
1.557052792223378925e-04 1.595261137690907372e-09 4.995312581196506015e-12
1.581138830084189426e-04 1.594570514314025450e-09 5.174504651558819514e-12
1.605597454682411787e-04 1.590773634497695234e-09 5.111075466138322293e-12
1.630434429559467473e-04 1.592719788780544855e-09 4.841609118244139980e-12
1.655655607412955237e-04 1.602427282663422826e-09 4.460891853829704313e-12
1.681266931475813744e-04 1.618340042916075105e-09 4.143554741275588719e-12
1.707274436916800156e-04 1.636825223023669423e-09 4.028255045298547346e-12
1.733684252262658175e-04 1.653143622082944322e-09 4.180836486867242957e-12
1.760502600842260167e-04 1.663314821042096491e-09 4.550582593550220802e-12
1.787735802253106055e-04 1.666291819662897103e-09 5.002824032480593111e-12
1.815390273850506729e-04 1.663500713725291179e-09 5.324349254431047404e-12
1.843472532259786401e-04 1.661996318708095045e-09 5.384680900911251069e-12
1.871989194911905094e-04 1.664378061697721865e-09 5.157885596085012152e-12
1.900946981602805912e-04 1.675032291140204389e-09 4.764444821633925217e-12
1.930352716076907493e-04 1.691193163826241428e-09 4.420555545429773149e-12
1.960213327635075575e-04 1.708021673113378223e-09 4.326360375192148613e-12
1.990535852767486491e-04 1.718208103284380819e-09 4.557404698132119786e-12
2.021327436811720321e-04 1.724572238244409055e-09 4.994854978720741508e-12
2.052595335636539064e-04 1.722909767811102884e-09 5.440646252694182288e-12
2.084346917351677527e-04 1.720503886778698922e-09 5.568171909710115265e-12
2.116589664044105285e-04 1.724022350185885198e-09 5.375909285044708478e-12
2.149331173541137825e-04 1.734585312635701729e-09 4.966711571787678067e-12
2.182579161200830003e-04 1.750311706586225917e-09 4.620225883021527885e-12
2.216341461730042691e-04 1.765005660316618052e-09 4.595919458838364821e-12
2.250626031030667764e-04 1.771771476272892439e-09 4.897952151008963423e-12
2.285440948074375753e-04 1.772474559455596278e-09 5.404002581518074041e-12
2.320794416806391098e-04 1.769630654091141858e-09 5.696166240995376281e-12
2.356694768078702418e-04 1.772309020655120254e-09 5.589503963411615465e-12
2.393150461613192145e-04 1.781437689949726289e-09 5.183335023460435491e-12
2.430170087995107563e-04 1.796453072320934549e-09 4.825736886937397846e-12
2.467762370697402867e-04 1.808572845262471282e-09 4.812559307853665360e-12
2.505936168136362096e-04 1.812225650944659197e-09 5.201731080414152074e-12
2.544700475759043923e-04 1.813660158428113862e-09 5.671432467387163203e-12
2.584064428163017259e-04 1.808995765431375633e-09 5.812342597778283082e-12
2.624037301248863599e-04 1.820904159935206851e-09 5.516200300624819068e-12
2.664628514406001242e-04 1.831169636990994910e-09 5.105758638180111562e-12
2.705847632732318194e-04 1.842070815369811194e-09 4.912207441717091025e-12
2.747704369288123854e-04 1.848960205293878222e-09 5.278103280331993071e-12
2.790208587384981659e-04 1.841692375575045217e-09 5.764523650662637349e-12
2.833370302909956110e-04 1.843556568950004035e-09 5.901519131672053341e-12
2.877199686685782661e-04 1.863757384188792263e-09 5.558239655138919890e-12
2.921707066867587155e-04 1.870890532346827226e-09 5.142781837448522420e-12
2.966902931376639977e-04 1.873890678696506207e-09 5.152743956604531080e-12
3.012797930371790027e-04 1.874080365582223148e-09 5.627232298538981095e-12
3.059402878759109228e-04 1.875090524611945738e-09 5.983900474213189123e-12
3.106728758740379126e-04 1.878438920637411861e-09 5.820810143292350205e-12
3.154786722400964379e-04 1.887678387519678154e-09 5.347067963105250427e-12
3.203588094337768118e-04 1.903324337053063083e-09 5.231772164715701890e-12
3.253144374327786347e-04 1.905853508513455639e-09 5.642866606438975658e-12
3.303467240037981823e-04 1.911029052166069084e-09 6.046651449118285564e-12
3.354568549777055850e-04 1.902260733563858193e-09 5.895880532046536378e-12
3.406460345289806990e-04 1.905811829185332296e-09 5.432648823373594095e-12
3.459154854594680595e-04 1.914161148946769010e-09 5.392574537050730771e-12
3.512664494865259967e-04 1.912657613605236294e-09 5.869946892076916613e-12
3.567001875356281908e-04 1.893118171095518509e-09 6.120913999741203847e-12
3.622179800374952406e-04 1.948022641703585331e-09 5.767540716644249879e-12
3.678211272298206468e-04 1.940153166086790525e-09 5.417440982247306732e-12
3.735109494636659126e-04 1.943076932132843073e-09 5.701294444928073793e-12
3.792887875145917642e-04 1.931421380443977490e-09 6.137678294836035819e-12
3.851560028986073490e-04 1.920483208781067063e-09 5.994869868438745432e-12
3.911139781930014878e-04 1.955059739410415591e-09 5.537385022379765310e-12
3.971641173621406028e-04 1.948818196363173198e-09 5.699162461153154002e-12
4.033078460883067766e-04 1.938262616026922863e-09 6.178827883085412023e-12
4.095466121076488000e-04 1.958056566069970592e-09 6.055660441457805501e-12
4.158818855513353842e-04 1.970682682011270230e-09 5.613149598805577387e-12
4.223151592919843181e-04 1.971202564947129229e-09 5.803630309664601927e-12
4.288479492954472044e-04 1.977702241770745905e-09 6.204352214232108910e-12
4.354817949780401981e-04 1.969077346671289941e-09 6.028185434629813103e-12
4.422182595692998380e-04 1.956838221394741044e-09 5.652383982264118452e-12
4.490589304803470241e-04 1.982860519278665994e-09 6.040757407052181944e-12
4.560054196779547643e-04 1.979250878540082835e-09 6.292112794889316219e-12
4.630593640643968336e-04 1.991600555898636320e-09 5.852242507206276268e-12
4.702224258631761155e-04 1.997145693204203120e-09 5.854221468568062583e-12
4.774962930107179535e-04 1.999820174740983985e-09 6.373294804291738702e-12
4.848826795541247335e-04 1.974257317551911640e-09 6.105219954445980765e-12
4.923833260550788699e-04 2.009899551048912289e-09 5.800875523436114945e-12
4.999999999999999020e-04 2.016527326297404914e-09 6.184830767448285349e-12
5.077344962165402167e-04 2.018167797284341226e-09 6.238721360054580142e-12
5.155886372965279253e-04 2.015179415309216288e-09 5.837908394028128771e-12
5.235642740254497010e-04 2.011941328160488367e-09 6.199652911142302384e-12
5.316632858185807529e-04 1.994695410612099357e-09 6.327157104109041719e-12
5.398875811638546331e-04 2.022016266448874487e-09 5.863907559663676448e-12
5.482390980715924666e-04 2.037050716969584549e-09 6.262541845273490735e-12
5.567198045311809408e-04 2.023028797342285879e-09 6.342747845355038134e-12
5.653316989748198356e-04 2.039702261608760862e-09 5.923061055303030075e-12
5.740768107484413340e-04 2.034644299023988960e-09 6.369445908333984160e-12
5.829572005899154958e-04 2.038423741281252922e-09 6.287916962193384981e-12
5.919749611146507507e-04 2.032592293874597095e-09 5.994059366885210415e-12
6.011322173087065013e-04 2.041494890252926413e-09 6.496731773276309630e-12
6.104311270295357996e-04 2.038052525819747140e-09 6.149154495384060035e-12
6.198738815144725885e-04 2.051932063336608406e-09 6.216050973258087393e-12
6.294627058970836365e-04 2.027002589061397630e-09 6.406619734119675807e-12
6.391998597315114768e-04 2.083876168062990481e-09 6.012767364922215588e-12
6.490876375249243595e-04 2.034456191511463922e-09 6.481438850319519554e-12
6.591283692782036463e-04 2.064007569910091176e-09 6.244979409030531453e-12
6.693244210349969100e-04 2.051215710069909989e-09 6.329271047360077259e-12
6.796781954392627214e-04 2.039980679037256842e-09 6.449851618777689904e-12
6.901921323014425418e-04 2.068897758453121083e-09 6.202458708710614399e-12
7.008687091733846204e-04 2.047697465973955592e-09 6.550512297665028508e-12
7.117104419321707096e-04 2.082349318960522471e-09 6.145427072416586029e-12
7.227198853729638849e-04 2.074861789370245397e-09 6.571425951795782134e-12
7.338996338110352190e-04 2.068901053960774125e-09 6.232125935697856677e-12
7.452523216930980084e-04 2.073160935998749899e-09 6.461191141496608864e-12
7.567806242181042637e-04 2.066015510613817978e-09 6.337976206163569775e-12
7.684872579676353069e-04 2.064849912957119995e-09 6.410620145069710005e-12
7.803749815460556084e-04 2.068702672978632516e-09 6.456226433110365150e-12
7.924465962305569326e-04 2.075234254537697141e-09 6.371876568962981181e-12
8.047049466312678921e-04 2.097865701596388881e-09 6.459886744758505016e-12
8.171529213615688798e-04 2.085682053454795940e-09 6.370562863325155782e-12
8.297934537187797799e-04 2.067254063505722712e-09 6.486416596795126075e-12
8.426295223753753902e-04 2.072968526015154587e-09 6.516767356101047104e-12
8.556641520808904279e-04 2.079309432582058833e-09 6.362358371190170721e-12
8.689004143746880239e-04 2.087478099775652205e-09 6.570833271267592303e-12
8.823414283097507586e-04 2.112206177491751014e-09 6.374969578187883807e-12
8.959903611876668438e-04 2.100716401745118913e-09 6.569172413900637049e-12
9.098504293049911040e-04 2.087216704083945716e-09 6.371765929239952217e-12
9.239248987111452292e-04 2.082005919662063583e-09 6.672194844980574379e-12
9.382170859780426982e-04 2.090148442254626698e-09 6.375093254960632333e-12
9.527303589816240974e-04 2.096517868174684466e-09 6.511489703191679608e-12
9.674681376954768477e-04 2.093677312486918473e-09 6.553496339686571373e-12
9.824338949967338468e-04 2.101157212642033892e-09 6.355644375926138423e-12
9.976311574844392432e-04 2.113362423751167149e-09 6.691989351181859818e-12
1.013063506310571621e-03 2.103084932924402323e-09 6.498410092156095083e-12
1.028734578023919859e-03 2.103002929175030751e-09 6.440246949865023757e-12
1.044648065427020373e-03 2.106863818149259852e-09 6.695353556857711556e-12
1.060807718446342114e-03 2.107602473740555070e-09 6.465918260148866119e-12
1.077217345015942136e-03 2.116383310968838752e-09 6.488124434911962053e-12
1.093880811974775810e-03 2.106124765191384149e-09 6.738241336374296587e-12
1.110802045977905654e-03 2.110258980836575436e-09 6.499394096483072979e-12
1.127985034421788305e-03 2.107003216524801802e-09 6.464533798357119434e-12
1.145433826383887273e-03 2.100324699313904440e-09 6.699453688299408874e-12
1.163152533576812921e-03 2.114269804377171297e-09 6.649630089898385407e-12
1.181145331317231227e-03 2.102456885904498710e-09 6.467452599620049610e-12
1.199416459509744732e-03 2.123603466795955951e-09 6.546800763158382826e-12
1.217970223646013461e-03 2.110977774167333317e-09 6.703204944276580209e-12
1.236810995819310989e-03 2.113841074057004738e-09 6.679352051066191159e-12
1.255943215754791020e-03 2.108804807374080528e-09 6.539587590186960336e-12
1.275371391855679385e-03 2.110639024415307552e-09 6.536564291798327145e-12
1.295100102265661201e-03 2.097490271673220659e-09 6.666671864480196646e-12
1.315133995947690652e-03 2.112992651449176776e-09 6.749242602235327886e-12
1.335477793779492502e-03 2.113495319022473964e-09 6.705936716236155228e-12
1.356136289666014672e-03 2.112484858372943042e-09 6.569848382996750186e-12
1.377114351669084290e-03 2.109463658497953374e-09 6.552775753464215284e-12
1.398416923154538688e-03 2.118010209101863125e-09 6.554323778486708497e-12
1.420049023957106749e-03 2.123047135149623098e-09 6.639309263347797815e-12
1.442015751563302745e-03 2.115287994217669021e-09 6.731039313595388242e-12
1.464322282312618484e-03 2.127974831382263733e-09 6.767888545145715338e-12
1.486973872617303660e-03 2.103259807025160541e-09 6.763417151023910904e-12
1.509975860201009370e-03 2.113845449922117112e-09 6.798213942663020076e-12
1.533333665356591659e-03 2.119756528477919202e-09 6.746259778153308062e-12
1.557052792223378654e-03 2.119507812787904121e-09 6.762354034500054285e-12
1.581138830084189697e-03 2.118632676378048757e-09 6.750441759910901529e-12
1.605597454682411570e-03 2.118855655438813154e-09 6.763684059451673478e-12
1.630434429559467473e-03 2.113990098627075488e-09 6.758099520295715794e-12
1.655655607412955237e-03 2.121522704187588164e-09 6.790119386791494562e-12
1.681266931475813853e-03 2.122403443916380136e-09 6.793442658728106997e-12
1.707274436916800210e-03 2.113725942627591750e-09 6.830177745987759426e-12
1.733684252262658121e-03 2.122377623715292901e-09 6.778565613632599439e-12
1.760502600842260221e-03 2.126845430612631947e-09 6.764925706900269054e-12
1.787735802253107844e-03 2.122528221156267845e-09 6.729503119239797486e-12
1.815390273850506784e-03 2.120949833652557514e-09 6.666967477396460547e-12
1.843472532259788623e-03 2.127488044497863668e-09 6.663032526445425800e-12
1.871989194911905094e-03 2.122598897381941258e-09 6.696833316795042984e-12
1.900946981602806129e-03 2.121282808537183453e-09 6.805908709812024992e-12
1.930352716076907385e-03 2.120247202557788793e-09 6.829333401185809741e-12
1.960213327635077635e-03 2.126360526150206893e-09 6.739818702218734591e-12
1.990535852767486274e-03 2.123495737179319493e-09 6.690770220899548880e-12
2.021327436811720321e-03 2.124610353544770303e-09 6.756657574709792712e-12
2.052595335636538901e-03 2.119189535803350879e-09 6.851947556026446062e-12
2.084346917351677202e-03 2.117126439578524151e-09 6.746527573444456712e-12
2.116589664044105177e-03 2.124901562917581303e-09 6.726594897358286752e-12
2.149331173541140210e-03 2.120344135107583168e-09 6.849217574763454602e-12
2.182579161200830058e-03 2.123734031347976865e-09 6.745635728701056757e-12
2.216341461730042799e-03 2.118288257221961306e-09 6.757966651328971693e-12
2.250626031030667981e-03 2.123918480754562110e-09 6.844343316130945841e-12
2.285440948074375644e-03 2.125870951831149279e-09 6.722626331876433516e-12
2.320794416806390773e-03 2.119705107833794556e-09 6.852353483490067873e-12
2.356694768078702092e-03 2.124342630506857875e-09 6.738958027070413146e-12
2.393150461613192254e-03 2.120485506732547701e-09 6.849436575160238361e-12
2.430170087995107888e-03 2.118281007981086218e-09 6.743782115136027688e-12
2.467762370697402976e-03 2.123669258346673144e-09 6.870108663742000109e-12
2.505936168136362312e-03 2.121749982517933186e-09 6.743740284772839909e-12
2.544700475759046742e-03 2.123474340806111296e-09 6.866420732357310857e-12
2.584064428163017259e-03 2.126027689450584772e-09 6.776487398655272966e-12
2.624037301248864033e-03 2.124193962999778084e-09 6.795632842827573680e-12
2.664628514406000917e-03 2.126787267356427431e-09 6.870420865837013617e-12
2.705847632732318302e-03 2.119181201191880912e-09 6.782533320320529496e-12
2.747704369288123637e-03 2.118215478316513620e-09 6.795324157152446318e-12
2.790208587384984153e-03 2.114598598372048259e-09 6.881303371618819377e-12
2.833370302909956218e-03 2.114754210672501457e-09 6.851364266714640758e-12
2.877199686685782878e-03 2.126774792625084686e-09 6.788003030105138096e-12
2.921707066867587372e-03 2.120544023405781672e-09 6.785471287477345531e-12
2.966902931376639869e-03 2.115075573001558871e-09 6.832375279145600738e-12
3.012797930371790243e-03 2.116660846107732927e-09 6.871502322333256222e-12
3.059402878759112047e-03 2.113012783450795997e-09 6.891176984314329151e-12
3.106728758740378259e-03 2.116316383231406284e-09 6.890248119627581653e-12
3.154786722400964704e-03 2.115218125921311164e-09 6.893225765085925407e-12
3.203588094337768335e-03 2.120469147206093212e-09 6.887696051700973707e-12
3.253144374327786130e-03 2.116953948503740527e-09 6.894256571053961334e-12
3.303467240037982148e-03 2.120614578997561646e-09 6.902151190554183373e-12
3.354568549777058994e-03 2.117962513826657257e-09 6.903422992347600487e-12
3.406460345289807640e-03 2.114232870108430777e-09 6.885749436643239498e-12
3.459154854594680487e-03 2.118927131811622815e-09 6.843996539436891407e-12
3.512664494865260292e-03 2.114641104389630364e-09 6.813379971143473736e-12
3.567001875356281583e-03 2.114012386546405054e-09 6.843610398152765930e-12
3.622179800374953056e-03 2.106936542210446687e-09 6.903032128690781277e-12
3.678211272298206793e-03 2.114806050147784132e-09 6.874413495248413229e-12
3.735109494636659668e-03 2.112414936849234130e-09 6.827252687355366128e-12
3.792887875145917100e-03 2.109961938717629320e-09 6.901200238528820683e-12
3.851560028986073057e-03 2.114950906250336663e-09 6.862496918266075844e-12
3.911139781930013902e-03 2.114586734549313816e-09 6.864586053064651337e-12
3.971641173621410364e-03 2.121795317574332239e-09 6.897143488766824913e-12
4.033078460883066790e-03 2.110636236070870029e-09 6.862253006918954134e-12
4.095466121076488109e-03 2.106112487974584171e-09 6.890639333316187742e-12
4.158818855513353625e-03 2.107812460868511293e-09 6.894673829906878945e-12
4.223151592919843073e-03 2.111079600804049737e-09 6.857240195079511366e-12
4.288479492954471936e-03 2.109240249724343431e-09 6.922820220610187132e-12
4.354817949780406643e-03 2.103128027419002585e-09 6.895403042778152670e-12
4.422182595692998597e-03 2.110608981331108988e-09 6.853894915634600930e-12
4.490589304803470350e-03 2.104897203092017236e-09 6.880624832103143078e-12
4.560054196779547535e-03 2.113569493050572797e-09 6.918521731704473423e-12
4.630593640643968119e-03 2.109897119169781893e-09 6.927287439465603072e-12
4.702224258631760613e-03 2.104185710915149272e-09 6.929112012425974300e-12
4.774962930107183763e-03 2.104742052053653864e-09 6.923017001725344070e-12
4.848826795541247119e-03 2.101880630705153169e-09 6.920570587965675826e-12
4.923833260550788266e-03 2.101565761919140442e-09 6.928296319424617860e-12
4.999999999999999237e-03 2.101929420947547696e-09 6.934567251556558057e-12
5.077344962165402167e-03 2.106345951366393413e-09 6.912484554724937092e-12
5.155886372965279470e-03 2.100615420985146052e-09 6.881813791157807514e-12
5.235642740254497010e-03 2.100562895793884737e-09 6.883567768707023408e-12
5.316632858185807095e-03 2.103242787188483085e-09 6.936766019561015916e-12
5.398875811638551535e-03 2.101478288997565974e-09 6.885585101689500998e-12
5.482390980715924449e-03 2.097567184593111095e-09 6.894710247745850390e-12
5.567198045311808757e-03 2.096476109489069998e-09 6.931069462218805810e-12
5.653316989748198573e-03 2.097239437099124819e-09 6.893715178486617046e-12
5.740768107484413990e-03 2.098403970425274042e-09 6.925794284833726041e-12
5.829572005899160379e-03 2.096598344660039054e-09 6.924814956933013784e-12
5.919749611146507724e-03 2.095190165057668437e-09 6.888554121968028963e-12
6.011322173087065013e-03 2.096661607205103134e-09 6.925201770830920685e-12
6.104311270295358430e-03 2.094316300030134935e-09 6.948314418179141002e-12
6.198738815144719597e-03 2.092999856308000835e-09 6.923227430665363957e-12
6.294627058970835715e-03 2.093814232929476946e-09 6.926161999214576648e-12
6.391998597315120406e-03 2.091432064018512236e-09 6.917388302435580101e-12
6.490876375249243595e-03 2.093311013342324009e-09 6.921122147348244271e-12
6.591283692782035596e-03 2.090768869454646377e-09 6.939789119274566152e-12
6.693244210349969317e-03 2.089984088680453854e-09 6.951261005831827064e-12
6.796781954392626564e-03 2.088401110640324366e-09 6.937951060503226537e-12
6.901921323014425201e-03 2.089146102699674706e-09 6.906128343243287888e-12
7.008687091733854443e-03 2.086588378598793419e-09 6.939295498755049915e-12
7.117104419321706663e-03 2.087333928361753080e-09 6.931839687666049134e-12
7.227198853729638849e-03 2.085973777856544115e-09 6.936067469238269107e-12
7.338996338110350889e-03 2.084571624831277561e-09 6.931369014047107661e-12
7.452523216930980084e-03 2.083688884561453824e-09 6.946943219443729806e-12
7.567806242181042420e-03 2.083608472698035283e-09 6.914146509781913572e-12
7.684872579676361309e-03 2.084721853409089220e-09 6.922681943649981680e-12
7.803749815460557168e-03 2.081616733968359083e-09 6.945429334892683334e-12
7.924465962305568892e-03 2.081508914673295511e-09 6.959613965137290025e-12
8.047049466312680005e-03 2.079838511028124193e-09 6.954387832902040006e-12
8.171529213615687931e-03 2.079067827404356443e-09 6.948559105577628298e-12
8.297934537187806256e-03 2.079010047177695169e-09 6.936780570062390279e-12
8.426295223753762359e-03 2.078413670025446633e-09 6.921008681504136760e-12
8.556641520808903195e-03 2.077492206624115189e-09 6.950127601414848231e-12
8.689004143746880890e-03 2.077217609540773614e-09 6.944404449240618632e-12
8.823414283097498478e-03 2.073472416139144316e-09 6.936979822274518735e-12
8.959903611876669088e-03 2.073291273999824877e-09 6.937468051849083508e-12
9.098504293049921449e-03 2.074177336742223300e-09 6.961152630983136291e-12
9.239248987111451858e-03 2.075083211104378621e-09 6.932601379844960578e-12
9.382170859780427849e-03 2.072611203885156816e-09 6.931581361075084676e-12
9.527303589816240106e-03 2.071413590838475404e-09 6.943126096605700598e-12
9.674681376954760020e-03 2.071817539699090499e-09 6.937919454771353137e-12
9.824338949967339335e-03 2.069206865649088757e-09 6.933131250966911409e-12
9.976311574844402841e-03 2.068455213295231210e-09 6.932789476165845730e-12
1.013063506310571578e-02 2.067773976233580456e-09 6.964582064904338760e-12
1.028734578023919946e-02 2.067498203849470259e-09 6.948088861210088456e-12
1.044648065427020329e-02 2.066297731320523754e-09 6.951595245703329124e-12
1.060807718446342071e-02 2.064304817556338032e-09 6.945892597908352539e-12
1.077217345015942136e-02 2.064822726239321647e-09 6.967074380439913535e-12
1.093880811974776851e-02 2.062921319401314624e-09 6.959958207624850248e-12
1.110802045977905654e-02 2.063333587990371541e-09 6.950961389771902941e-12
1.127985034421788435e-02 2.061933629135321607e-09 6.950715085028540723e-12
1.145433826383887230e-02 2.061347983720346773e-09 6.956121941167683654e-12
1.163152533576812878e-02 2.060367066187094802e-09 6.969616489668951511e-12
1.181145331317231227e-02 2.059199755324710088e-09 6.949355885473780130e-12
1.199416459509746076e-02 2.057663037226012182e-09 6.961704070587954364e-12
1.217970223646013331e-02 2.057380766825132434e-09 6.953179732940169210e-12
1.236810995819310859e-02 2.056153114706482506e-09 6.970769210237871599e-12
1.255943215754790933e-02 2.056431241193668611e-09 6.959984650268745906e-12
1.275371391855679472e-02 2.054361981669442855e-09 6.953644616869852279e-12
1.295100102265662502e-02 2.054603301074224446e-09 6.961095293935565737e-12
1.315133995947691953e-02 2.052299447661982959e-09 6.970863828645439720e-12
1.335477793779492675e-02 2.052646486681991432e-09 6.965248685536341567e-12
1.356136289666014585e-02 2.050398101378908102e-09 6.952250807423390684e-12
1.377114351669082859e-02 2.050245073023295289e-09 6.972333321357602200e-12
1.398416923154538472e-02 2.049197457490759785e-09 6.963764357822917959e-12
1.420049023957108136e-02 2.048034485095838419e-09 6.953011985895912628e-12
1.442015751563302701e-02 2.046920322328651955e-09 6.954037502759251061e-12
1.464322282312618267e-02 2.045667750832306791e-09 6.955033380229448788e-12
1.486973872617303530e-02 2.046052766586582246e-09 6.971147811238062655e-12
1.509975860201007852e-02 2.045237089924695467e-09 6.964610777883793337e-12
1.533333665356591616e-02 2.043704410124731686e-09 6.966992070429787503e-12
1.557052792223380389e-02 2.042010156538187876e-09 6.958337160652860852e-12
1.581138830084189567e-02 2.041807699584530851e-09 6.963725113420424891e-12
1.605597454682411787e-02 2.041531602393792217e-09 6.966364990855676528e-12
1.630434429559467560e-02 2.039765943185240088e-09 6.964164031485288242e-12
1.655655607412955324e-02 2.039052992140241520e-09 6.956894877129208378e-12
1.681266931475813853e-02 2.037967004881473643e-09 6.976462301073510452e-12
1.707274436916801988e-02 2.037908522941910935e-09 6.957060670903374920e-12
1.733684252262658251e-02 2.035271026376642841e-09 6.970510582076313935e-12
1.760502600842260221e-02 2.035365874204666360e-09 6.971922549355521593e-12
1.787735802253108061e-02 2.034239282547234760e-09 6.962215839034536575e-12
1.815390273850506567e-02 2.031469533946264454e-09 6.954255641691668083e-12
1.843472532259788493e-02 2.032229650246357562e-09 6.979024678501619268e-12
1.871989194911907045e-02 2.030710617851602447e-09 6.965382323510407339e-12
1.900946981602805869e-02 2.030895378570315694e-09 6.962862708820492659e-12
1.930352716076907255e-02 2.028984080360404387e-09 6.961938184293399502e-12
1.960213327635077635e-02 2.028375545064749513e-09 6.962148739815995303e-12
1.990535852767486361e-02 2.027701840685298319e-09 6.977521165045753150e-12
2.021327436811722403e-02 2.025955595466407260e-09 6.965655312166012244e-12
2.052595335636539162e-02 2.023847556875269074e-09 6.975619286514303340e-12
2.084346917351677375e-02 2.024996540709478426e-09 6.978717688249952167e-12
2.116589664044105437e-02 2.023825612467441837e-09 6.981839155793799172e-12
2.149331173541137868e-02 2.022506188352317911e-09 6.965962063699708667e-12
2.182579161200830231e-02 2.021887803518037667e-09 6.981485447871873675e-12
2.216341461730045315e-02 2.021133429630316240e-09 6.981028490848408669e-12
2.250626031030667981e-02 2.013540914556366597e-09 6.969952418048855162e-12
2.285440948074375644e-02 2.019158666309652350e-09 6.982110184657486853e-12
2.320794416806390773e-02 2.011072187687222652e-09 6.971849890451801246e-12
2.356694768078702179e-02 2.016378909276730151e-09 6.981761809819376797e-12
2.393150461613192254e-02 2.015452842123698065e-09 6.973095363649572633e-12
2.430170087995110056e-02 2.015437557199488745e-09 6.979886568669852234e-12
2.467762370697402716e-02 2.013434171675009628e-09 6.979027953865272859e-12
2.505936168136362399e-02 2.011916809247190238e-09 6.974038407167858800e-12
2.544700475759046482e-02 2.011469809124448827e-09 6.969821601017618750e-12
2.584064428163017693e-02 2.010884334662731958e-09 6.971745958110544821e-12
2.624037301248863946e-02 2.005306048333056901e-09 6.980718291775890040e-12
2.664628514406003693e-02 2.008049980700856715e-09 6.977397009979369868e-12
2.705847632732318736e-02 2.001475906401051077e-09 6.977909571401190658e-12
2.747704369288124157e-02 1.992638857254158804e-09 6.995631139006392427e-12
2.790208587384984326e-02 2.006122130293700271e-09 6.974133904201235508e-12
2.833370302909956479e-02 2.004869894716705501e-09 6.981871925597323273e-12
2.877199686685785740e-02 2.003449890129798979e-09 6.981543474342669035e-12
2.921707066867589714e-02 2.003244798233499224e-09 6.982077166903208063e-12
2.966902931376639782e-02 2.004457541000786927e-09 6.974086263366902333e-12
3.012797930371789723e-02 2.000705143002137958e-09 6.990296753490242503e-12
3.059402878759109184e-02 2.003193118554654731e-09 6.985615373457168037e-12
3.106728758740378432e-02 1.996803087039094883e-09 6.977736280994774984e-12
3.154786722400967913e-02 1.997827788403624751e-09 6.987835971579086675e-12
3.203588094337768422e-02 1.997400749675642196e-09 6.980442224079887345e-12
3.253144374327786303e-02 1.997355683477496666e-09 6.984660599194819837e-12
3.303467240037982061e-02 1.994832412729057448e-09 6.976181117959954371e-12
3.354568549777055264e-02 1.994529152536222070e-09 6.969933441335315335e-12
3.406460345289807207e-02 1.986403032287300122e-09 6.978342732304669914e-12
3.459154854594684303e-02 1.992348656281604231e-09 6.983580205135708484e-12
3.512664494865259945e-02 1.991471267132696716e-09 6.978048452872114119e-12
3.567001875356282103e-02 1.989267518694221177e-09 6.972068458773576502e-12
3.622179800374952796e-02 1.990086174891641947e-09 6.985843657757583052e-12
3.678211272298206186e-02 1.986850423204297752e-09 6.987214701985304110e-12
3.735109494636659061e-02 1.986772050698798446e-09 6.986726502396284535e-12
3.792887875145921350e-02 1.986805188502405594e-09 6.984406858629097989e-12
3.851560028986072970e-02 1.985302309734910443e-09 6.980319448804696523e-12
3.911139781930014075e-02 1.983754010307645609e-09 6.984375014184902003e-12
3.971641173621410364e-02 1.983136348844732170e-09 6.977571500484270811e-12
4.033078460883067484e-02 1.981871467381566425e-09 6.977020189806260124e-12
4.095466121076488109e-02 1.982011023815816693e-09 6.988547379631128829e-12
4.158818855513358309e-02 1.981093271487385015e-09 6.959258430274308234e-12
4.223151592919843073e-02 1.979410441773767009e-09 6.950044708070888505e-12
4.288479492954472283e-02 1.977947701755453315e-09 6.979400868630802611e-12
4.354817949780406816e-02 1.976878789899236258e-09 6.979406577752894728e-12
4.422182595692998597e-02 1.975917559274173233e-09 6.982532350938460112e-12
4.490589304803474513e-02 1.975437351464024420e-09 6.972247834617637726e-12
4.560054196779552566e-02 1.974184235517024947e-09 6.986915237469315110e-12
4.630593640643967945e-02 1.989253006185012305e-09 6.981620314607315383e-12
4.702224258631761133e-02 1.972112614624060776e-09 6.987585920382651756e-12
4.774962930107178732e-02 1.970352993501181949e-09 6.982388219124786811e-12
4.848826795541247292e-02 1.970071092450805148e-09 6.982050465568186149e-12
4.923833260550793123e-02 1.946521922364905532e-09 6.987260261344933966e-12
4.999999999999999584e-02 1.968412642075381271e-09 7.005505162950670191e-12
5.077344962165403208e-02 1.965645333547635590e-09 6.974900097355613597e-12
5.155886372965279296e-02 1.965322561295620254e-09 6.993674607152919802e-12
5.235642740254497357e-02 1.966491449795594103e-09 6.976586328442154762e-12
5.316632858185806748e-02 1.964018032114924760e-09 6.983132732025845447e-12
5.398875811638551708e-02 1.962019184157966741e-09 6.978637010136687769e-12
5.482390980715925316e-02 1.961200197458046962e-09 6.976872093272872422e-12
5.567198045311808757e-02 1.951727816537018342e-09 6.973039217073697179e-12
5.653316989748199267e-02 1.958750700382290101e-09 6.979677570713016332e-12
5.740768107484413990e-02 1.957996984094815606e-09 6.998672094515879887e-12
5.829572005899161247e-02 1.958294880343027345e-09 6.952950948283314994e-12
5.919749611146513102e-02 1.954439727786684257e-09 6.982360419461684496e-12
6.011322173087065013e-02 1.954949533061586454e-09 6.988479381388362084e-12
6.104311270295358083e-02 1.954185917000373720e-09 6.976100280171889314e-12
6.198738815144726189e-02 1.954432214217118512e-09 6.997486493023637780e-12
6.294627058970836408e-02 1.952850784164732472e-09 6.974353392645456806e-12
6.391998597315121100e-02 1.950641653336272431e-09 6.987480447251943120e-12
6.490876375249250707e-02 1.950016976444645422e-09 6.986211329894204262e-12
6.591283692782036463e-02 1.949870365989237166e-09 6.989570062107507756e-12
6.693244210349968970e-02 1.948210917365382807e-09 6.978250344781867903e-12
6.796781954392633329e-02 1.946401916313438084e-09 6.984595801611246803e-12
6.901921323014424681e-02 1.946584796042875475e-09 6.981115459759959627e-12
7.008687091733853403e-02 1.944997064014491910e-09 6.987718563582152589e-12
7.117104419321707010e-02 1.944112194728103848e-09 6.987060020737561660e-12
7.227198853729638328e-02 1.942997671800924987e-09 6.987395173345078505e-12
7.338996338110351236e-02 1.942261965870021369e-09 6.983008292742137549e-12
7.452523216930979910e-02 1.940913354698463535e-09 6.984381895061659101e-12
7.567806242181042420e-02 1.939242626934542213e-09 6.993351284851178069e-12
7.684872579676362003e-02 1.940240437326754721e-09 6.955038129078417591e-12
7.803749815460556127e-02 1.934505544970195937e-09 6.984129778464771931e-12
7.924465962305569933e-02 1.936234330486433586e-09 6.991442160240985076e-12
8.047049466312679311e-02 1.904150412341184438e-09 7.003192696140471100e-12
8.171529213615687237e-02 1.935392385410185681e-09 6.983106827345681364e-12
8.297934537187805215e-02 1.925738296117487884e-09 6.985216531817696532e-12
8.426295223753761665e-02 1.931786021572084525e-09 6.998718491525611599e-12
8.556641520808903889e-02 1.931945510540505236e-09 6.981671066521905906e-12
8.689004143746879849e-02 1.930961344593491408e-09 6.983539711327365442e-12
8.823414283097506805e-02 1.930943741559036173e-09 6.999937719277025379e-12
8.959903611876668394e-02 1.928602350621007978e-09 6.982920648515789855e-12
9.098504293049920755e-02 1.927513861598878836e-09 6.986969977476539627e-12
9.239248987111461919e-02 1.923065810269060974e-09 7.030339281724775721e-12
9.382170859780426808e-02 1.925885440281831404e-09 6.983425103196264924e-12
9.527303589816239759e-02 1.923238682931403995e-09 6.983348233068088980e-12
9.674681376954769041e-02 1.923889037703497148e-09 6.985266130329106216e-12
9.824338949967340029e-02 1.922796628282902191e-09 6.982022574451105122e-12
9.976311574844401453e-02 1.922039625850303617e-09 6.990524475473665654e-12
1.013063506310572376e-01 1.919285781367559215e-09 6.985031153513549851e-12
1.028734578023919877e-01 1.919146394933216027e-09 6.986445883383470686e-12
1.044648065427020295e-01 1.918377268228760000e-09 6.986178341311407009e-12
1.060807718446342279e-01 1.917758676812373189e-09 6.985185012743834502e-12
1.077217345015941963e-01 1.917159913646412150e-09 6.995450405454677632e-12
1.093880811974776990e-01 1.919162061397401594e-09 7.025430593422004736e-12
1.110802045977905550e-01 1.915636714768112490e-09 6.984896650004179462e-12
1.127985034421788435e-01 1.913517069474271922e-09 6.987314162639428422e-12
1.145433826383887160e-01 1.922573513366364978e-09 6.984496089908677383e-12
1.163152533576813086e-01 1.910471862816343949e-09 6.993777045000698119e-12
1.181145331317231262e-01 1.909508072449220418e-09 6.986636807181353852e-12
1.199416459509746041e-01 1.908274970853633518e-09 6.982421833468585741e-12
1.217970223646013539e-01 1.907703208760419361e-09 6.989899741738768892e-12
1.236810995819311032e-01 1.921233058184230170e-09 7.038629362233176802e-12
1.255943215754790898e-01 1.906254418483443706e-09 6.987721356742986126e-12
1.275371391855679437e-01 1.915527245850800271e-09 6.986270847045517610e-12
1.295100102265662467e-01 1.904032406532462877e-09 6.989017738921550623e-12
1.315133995947691814e-01 1.902833473204424161e-09 6.987073626687091109e-12
1.335477793779492606e-01 1.901034391824265274e-09 6.991301947863356351e-12
1.356136289666014794e-01 1.899806720944310366e-09 6.968291190896569866e-12
1.377114351669084247e-01 1.901885298688889867e-09 6.986419567503368120e-12
1.398416923154538749e-01 1.897843749060810954e-09 6.985883848001884966e-12
1.420049023957108136e-01 1.896745451793934189e-09 7.037390452480035326e-12
1.442015751563304193e-01 1.897126087540246304e-09 6.986114508338174626e-12
1.464322282312618406e-01 1.896251284334085463e-09 6.989000484089826842e-12
1.486973872617303738e-01 1.895453974019019763e-09 6.993035527181024152e-12
1.509975860201009379e-01 1.896164106320375246e-09 6.977432289100847521e-12
1.533333665356591546e-01 1.892964780904514803e-09 7.049804452076886793e-12
1.557052792223380666e-01 1.896053016925714281e-09 6.991045675289903491e-12
1.581138830084191094e-01 1.890949144993705762e-09 6.987099664120546776e-12
1.605597454682411718e-01 1.890486943247514569e-09 6.966855882543010432e-12
1.630434429559467491e-01 1.883540930634966687e-09 6.982091959786430074e-12
1.655655607412955255e-01 1.884816405006294144e-09 6.984385717356528674e-12
1.681266931475813853e-01 1.890416509225080800e-09 6.981280970774491702e-12
1.707274436916801919e-01 1.885588312070642783e-09 6.986332042879372965e-12
1.733684252262658043e-01 1.884160279240956572e-09 6.988300522587368931e-12
1.760502600842260290e-01 1.884450661919445816e-09 6.980536232041065481e-12
1.787735802253107853e-01 1.883019170474994613e-09 6.948104939869104518e-12
1.815390273850506775e-01 1.878755318982460800e-09 6.958310585064860651e-12
1.843472532259788355e-01 1.880529735973038690e-09 6.987403935136855804e-12
1.871989194911906906e-01 1.878532874140893330e-09 6.987233350646100579e-12
1.900946981602806007e-01 1.879142386048706158e-09 6.991260897345525669e-12
1.930352716076907393e-01 1.878402114068382933e-09 6.991515305234347009e-12
1.960213327635077496e-01 1.930098684707224404e-09 6.986276016551085662e-12
1.990535852767486569e-01 1.876258293439358593e-09 6.986011843507783191e-12
2.021327436811722333e-01 1.875172740793476780e-09 7.005445741485501761e-12
2.052595335636541174e-01 1.873302118119507517e-09 6.985729701074964211e-12
2.084346917351677098e-01 1.874873968475028293e-09 6.988717167270775199e-12
2.116589664044105368e-01 1.871630553474003733e-09 6.992833730341161692e-12
2.149331173541140227e-01 1.871651488445086216e-09 6.960081621063076379e-12
2.182579161200830231e-01 1.872553754498613145e-09 6.979000548949594080e-12
2.216341461730045315e-01 1.868671276946490722e-09 6.979275462142590454e-12
2.250626031030670271e-01 1.866524654911579394e-09 7.009091116024624074e-12
2.285440948074375367e-01 1.866248503782934114e-09 6.987183198020513931e-12
2.320794416806390703e-01 1.864756780286026863e-09 6.985483369956305158e-12
2.356694768078704816e-01 1.866357058270019049e-09 6.994345368150987478e-12
2.393150461613192392e-01 1.865430037222109966e-09 6.981059905482335082e-12
2.430170087995110195e-01 1.861667350454052494e-09 6.990347077179014184e-12
2.467762370697402785e-01 1.845668861974323770e-09 6.981131814030791425e-12
2.505936168136362330e-01 1.863763669852497768e-09 6.852466728707597898e-12
2.544700475759046343e-01 1.858715108877090842e-09 6.994759506042695020e-12
2.584064428163017069e-01 1.858905366104599698e-09 6.965209075795267754e-12
2.624037301248863807e-01 1.852798152403639293e-09 6.988181558265925694e-12
2.664628514406003901e-01 1.862139110463989086e-09 6.993343975520053903e-12
2.705847632732318320e-01 1.855348448554197819e-09 6.983124095235914836e-12
2.747704369288123671e-01 1.854309827531373810e-09 6.991524308518838424e-12
2.790208587384984118e-01 1.851401852818178505e-09 7.032873510121222943e-12
2.833370302909956062e-01 1.852349111951165710e-09 6.942557580815528505e-12
2.877199686685785740e-01 1.850943807194698466e-09 6.995694090335857452e-12
2.921707066867590408e-01 1.802820662672930575e-09 6.868696777931298032e-12
2.966902931376639851e-01 1.850887634351889635e-09 6.993925332817803517e-12
3.012797930371790001e-01 1.847844422763684194e-09 6.984370682142704631e-12
3.059402878759112099e-01 1.845062252410565326e-09 7.028151672570956519e-12
3.106728758740379126e-01 1.844570010126219297e-09 6.978990266043141399e-12
3.154786722400967913e-01 1.843681390328597266e-09 6.979020500177492208e-12
3.203588094337771475e-01 1.841451291778005746e-09 6.995806439102774537e-12
3.253144374327786581e-01 1.842771795470431335e-09 6.986043902207088942e-12
3.303467240037981645e-01 1.843192338995606490e-09 6.984139579825183542e-12
3.354568549777058872e-01 1.840479605013245266e-09 6.985829684462052531e-12
3.406460345289807345e-01 1.834639346951788969e-09 6.970412337563392932e-12
3.459154854594684303e-01 1.838606307893936148e-09 6.998945988108430403e-12
3.512664494865263554e-01 1.840125113349955817e-09 6.976368854939382034e-12
3.567001875356281548e-01 1.837344805190970141e-09 6.998479102027347958e-12
3.622179800374952241e-01 1.840497977608518383e-09 6.985348532172571822e-12
3.678211272298206325e-01 1.834741321800189963e-09 6.981678035693165590e-12
3.735109494636659200e-01 1.832820816716984687e-09 7.012766012694550958e-12
3.792887875145921073e-01 1.831743722477635427e-09 6.992443907092082055e-12
3.851560028986072970e-01 1.830914124955784001e-09 6.985280489505928109e-12
3.911139781930014214e-01 1.830765771242474138e-09 6.974228080748691151e-12
3.971641173621410781e-01 1.831266643867550110e-09 6.926140327988326072e-12
4.033078460883067207e-01 1.828603455691454396e-09 6.985861046637026217e-12
4.095466121076487553e-01 1.827453082558300064e-09 6.986374072645268602e-12
4.158818855513357615e-01 1.825821502716501737e-09 6.986794393475075811e-12
4.223151592919842656e-01 1.823787161475791470e-09 6.984643754846622620e-12
4.288479492954472283e-01 1.820087032248129742e-09 6.990914165806257595e-12
4.354817949780406261e-01 1.824208949027774846e-09 6.990674484606267262e-12
4.422182595692998874e-01 1.823092054487183291e-09 6.981929917320071365e-12
4.490589304803475068e-01 1.799189741289114402e-09 6.955664914430147480e-12
4.560054196779551594e-01 1.820111039753549100e-09 6.983607071104885957e-12
4.630593640643968500e-01 1.817123542429146024e-09 6.903390895663001016e-12
4.702224258631761411e-01 1.813212582284311273e-09 6.938842709436055457e-12
4.774962930107183867e-01 1.817048501261057093e-09 6.983587586151429791e-12
4.848826795541247847e-01 1.816085744043521804e-09 6.977795605755089219e-12
4.923833260550793400e-01 1.836540094808060243e-09 6.993614094917563683e-12
5.000000000000000000e-01 1.858021493989689149e-09 6.976737514991714982e-12
5.235642740254498051e-01 1.896486666796428529e-09 6.996711860127461671e-12
5.482390980715924345e-01 1.806866466579241083e-09 6.962911111398131709e-12
5.740768107484414129e-01 1.806173321672418456e-09 6.987958504508637579e-12
6.011322173087064735e-01 1.804760443823614440e-09 6.828826663824768309e-12
6.294627058970836408e-01 1.798936783592589662e-09 6.986178949671425347e-12
6.591283692782035075e-01 1.793668780597133014e-09 6.986967602713415641e-12
6.901921323014423848e-01 1.793846550640814236e-09 7.410532751361787181e-12
7.227198853729637218e-01 1.788206101425979314e-09 6.980945904859821517e-12
7.567806242181041032e-01 1.786695614187995930e-09 6.983400616345050790e-12
7.924465962305566880e-01 1.783953986379702205e-09 6.990062483026361705e-12
8.297934537187804382e-01 1.726843921907621691e-09 6.987349870289751710e-12
8.689004143746876796e-01 1.780263700396026939e-09 6.987228631353330654e-12
9.098504293049917147e-01 1.779155179549580015e-09 7.152454340871934278e-12
9.527303589816237261e-01 1.772048276309846461e-09 6.983378575206052853e-12
9.976311574844397567e-01 1.763107932674327867e-09 6.985988764554292444e-12
1.044648065427019823e+00 1.764441506539196739e-09 6.977796453218837629e-12
1.093880811974776268e+00 1.759504988454306394e-09 6.978784005853757431e-12
1.145433826383886577e+00 1.764203518223532165e-09 6.976848846873951024e-12
1.199416459509745181e+00 1.758930765974305480e-09 6.982109182281145817e-12
1.255943215754790065e+00 1.754282003265231446e-09 6.867537346958996214e-12
1.315133995947690870e+00 1.750274475077872825e-09 6.988661686488978491e-12
1.377114351669083137e+00 1.747123601626803466e-09 6.979840499143980914e-12
1.442015751563302972e+00 1.744509800110768319e-09 6.959052031059999359e-12
1.509975860201008047e+00 1.734558025417783332e-09 6.784715865308241251e-12
1.581138830084189761e+00 1.739207048031302620e-09 6.992418843865018238e-12
1.655655607412955810e+00 1.735649338808729487e-09 6.982006611471438993e-12
1.733684252262658321e+00 1.729136565495170982e-09 6.975807759831354048e-12
1.815390273850506997e+00 1.729799841713692485e-09 6.992830976137667338e-12
1.900946981602805952e+00 1.751303320489327423e-09 7.019939426326505428e-12
1.990535852767486347e+00 1.723968372578707819e-09 6.979835001142526879e-12
2.084346917351676876e+00 1.722917663627844595e-09 6.980826067533097165e-12
2.182579161200830065e+00 1.714416660356038151e-09 6.956460160100436405e-12
2.285440948074375367e+00 1.712968817018854355e-09 6.926550627200446401e-12
2.393150461613192004e+00 1.710449686863275993e-09 7.034881471913628437e-12
2.505936168136361886e+00 1.709619592967099101e-09 6.977084114167330699e-12
2.624037301248862697e+00 1.705244917512619915e-09 6.982424430972849240e-12
2.747704369288122894e+00 1.710049957842694487e-09 6.978730412666711555e-12
2.877199686685784741e+00 1.710792465432075894e-09 6.997252444969469296e-12
3.012797930371788890e+00 1.710613339906460286e-09 6.981820508329693135e-12
3.154786722400966692e+00 1.703281749260358128e-09 6.977023562891826861e-12
3.303467240037979646e+00 1.692864093864515966e-09 6.998009439775934206e-12
3.459154854594682416e+00 1.686267330436779597e-09 6.967014746282413777e-12
3.622179800374950798e+00 1.693096177982403934e-09 6.978037228715489359e-12
3.792887875145918741e+00 1.682889476813102980e-09 6.968000750376765244e-12
3.971641173621408338e+00 1.681416100871550754e-09 6.831360633554357817e-12
4.158818855513356283e+00 1.678303811410655515e-09 6.983613672109313212e-12
4.354817949780404263e+00 1.671153888129918470e-09 6.984007047738742013e-12
4.560054196779547375e+00 1.670134739959943492e-09 6.976751297301991374e-12
4.774962930107179204e+00 1.667672751249537316e-09 6.975031902501064091e-12
5.000000000000000888e+00 1.664701291086645879e-09 6.973805517540343054e-12
