3.154786722400964650e-05 1.456276185594452413e-15
3.228271145173280656e-05 1.607501382202937467e-13
3.303467240037981687e-05 6.670311663433813230e-13
3.380414876959908759e-05 1.485935103135463681e-12
3.459154854594680595e-05 2.574869507150487304e-12
3.539728921920685885e-05 3.883228553315841308e-12
3.622179800374952406e-05 5.357210784341140220e-12
3.706551206504588155e-05 6.935637335436811016e-12
3.792887875145917236e-05 8.563951232214294058e-12
3.881235583143463039e-05 1.016596729784793354e-11
3.971641173621410364e-05 1.169412468617844057e-11
4.064152580820496591e-05 1.309290229210027994e-11
4.158818855513353842e-05 1.431896540264479944e-11
4.255690191011878395e-05 1.533479624682086208e-11
4.354817949780398050e-05 1.611493955674046190e-11
4.456254690668729390e-05 1.666201271941309124e-11
4.560054196779547508e-05 1.698393600493590924e-11
4.666271503984952289e-05 1.709248903261750045e-11
4.774962930107183736e-05 1.706202433291286639e-11
4.886186104779054808e-05 1.693673057416691502e-11
4.999999999999998884e-05 1.680871751625234215e-11
5.057897271299490442e-05 1.676351940432664059e-11
5.116464961403767886e-05 1.675621773660190821e-11
5.175710833396714221e-05 1.679187779283886406e-11
5.235642740254491318e-05 1.687910071895111036e-11
5.296268625886447866e-05 1.703800166366610459e-11
5.357596526188034176e-05 1.727320925986699328e-11
5.419634570106018624e-05 1.759984220864172581e-11
5.482390980715924394e-05 1.802750684264801386e-11
5.545874076312003680e-05 1.856417051575680065e-11
5.610092271509813691e-05 1.920800111159029356e-11
5.675054078361570665e-05 1.997561402568701777e-11
5.740768107484407919e-05 2.086097936054231781e-11
5.807243069201718186e-05 2.188185564335319638e-11
5.874487774697651393e-05 2.301660555259452173e-11
5.942511137185093809e-05 2.427611464429763688e-11
6.011322173087064877e-05 2.564069914873720813e-11
6.080930003231838695e-05 2.712420613297653797e-11
6.151343854061905325e-05 2.869282348570252694e-11
6.222573058856921034e-05 3.035961738872095730e-11
6.294627058970830402e-05 3.207098749590617028e-11
6.367515405083314138e-05 3.384153550207289587e-11
6.441247758465673719e-05 3.562903777116067526e-11
6.515833892261499124e-05 3.744218812326627240e-11
6.591283692782035650e-05 3.923604125469340907e-11
6.667607160816619769e-05 4.100388309248378755e-11
6.744814412958265366e-05 4.271470883548240146e-11
6.822915682944618535e-05 4.432152940809061412e-11
6.901921323014417829e-05 4.586458397645403924e-11
6.981841805279679497e-05 4.730537553455632832e-11
7.062687723113775782e-05 4.861662721610098077e-11
7.144469792555517389e-05 4.978064553424388408e-11
7.227198853729638578e-05 5.083197471603890912e-11
7.310885872283590017e-05 5.173166229831408821e-11
7.395541940841035122e-05 5.251804877476732845e-11
7.481178280472162371e-05 5.317249014811817081e-11
7.567806242181034505e-05 5.373507827845845173e-11
7.655437308410142656e-05 5.421755145007126816e-11
7.744083094562412067e-05 5.466102380052209136e-11
7.833755350540748852e-05 5.510607490786066836e-11
7.924465962305569597e-05 5.559496000798140033e-11
8.016226953450208102e-05 5.616391173335175035e-11
8.109050486794647857e-05 5.682956121897901082e-11
8.202948865997692718e-05 5.771806330617559356e-11
8.297934537187796715e-05 5.879289204714853262e-11
8.394020090612792852e-05 6.017775356801640386e-11
8.491218262308728262e-05 6.187899907513141372e-11
8.589541935787945305e-05 6.394261642953122590e-11
8.689004143746881595e-05 6.643542273367276781e-11
8.789618069793464267e-05 6.932969740206536118e-11
8.891397050194613488e-05 7.263858506977831793e-11
8.994354575643936521e-05 7.638989504260916368e-11
9.098504293049911853e-05 8.051763155965775510e-11
9.203860007344770748e-05 8.503817771197324806e-11
9.310435683314326931e-05 8.986958060781841339e-11
9.418245447449009216e-05 9.493601446945699613e-11
9.527303589816239347e-05 1.001700872691653533e-10
9.637624565954680924e-05 1.054660612170519015e-10
9.749222998790225210e-05 1.107358966591576697e-10
9.862113680574265443e-05 1.158402514463463034e-10
9.976311574844392432e-05 1.206882113352103486e-10
1.009183181840780691e-04 1.251526596206331409e-10
1.020868972334764650e-04 1.291311447963627182e-10
1.032690077905264333e-04 1.325464338362520434e-10
1.044648065427019099e-04 1.353332590323446363e-10
1.056744519918323676e-04 1.374298770757112315e-10
1.068981044751116051e-04 1.388771024137103092e-10
1.081359261863509824e-04 1.396681578968161241e-10
1.093880811974775783e-04 1.398426315779494707e-10
1.106547354802819166e-04 1.395540647182476652e-10
1.119360569284169843e-04 1.389152119219469519e-10
1.132322153796529580e-04 1.381791528173615745e-10
1.145433826383886026e-04 1.374231781520143559e-10
1.158697324984239615e-04 1.369972348525958255e-10
1.172114407659961296e-04 1.371079885946587277e-10
1.185686852830827555e-04 1.379872281967639944e-10
1.199416459509744813e-04 1.399033051096277890e-10
1.213305047541207081e-04 1.430013913597519432e-10
1.227354457842515364e-04 1.474415913683652186e-10
1.241566552647784948e-04 1.533561183770401119e-10
1.255943215754789502e-04 1.607436170278349050e-10
1.270486352774653110e-04 1.694840446721795293e-10
1.285197891384432108e-04 1.794497258756870016e-10
1.300079781582635788e-04 1.903731096982800906e-10
1.315133995947690435e-04 2.019614302139553623e-10
1.330362529899403897e-04 2.137349441946724391e-10
1.345767401963458333e-04 2.254008285717682337e-10
1.361350654038956344e-04 2.363281656785025944e-10
1.377114351669082826e-04 2.460595147532832873e-10
1.393060584314884456e-04 2.542455505418848343e-10
1.409191465632227234e-04 2.605310436290686767e-10
1.425509133751954596e-04 2.647335793675137656e-10
1.442015751563302474e-04 2.666903560058633251e-10
1.458713507000582675e-04 2.666085024278923612e-10
1.475604613333193142e-04 2.647249743826818045e-10
1.492691309458979746e-04 2.614797116256577594e-10
1.509975860201007907e-04 2.575524456132126544e-10
1.527460556607755941e-04 2.536866192777792163e-10
1.545147716256795760e-04 2.506245479100960896e-10
1.563039683561977700e-04 2.493647276291785967e-10
1.581138830084189426e-04 2.505285183055429380e-10
1.599447554845698401e-04 2.548458314736425151e-10
1.617968284648139976e-04 2.626529352054106727e-10
1.636703474394191234e-04 2.740372638599766643e-10
1.655655607412955237e-04 2.888531896471995938e-10
1.674827195789137550e-04 3.065544027699227428e-10
1.694220780696013395e-04 3.261508297797524413e-10
1.713838932732251867e-04 3.466026785031713611e-10
1.733684252262658175e-04 3.665413267880501726e-10
1.753759369762839622e-04 3.845913754661541047e-10
1.774066946167876340e-04 3.993432344894568629e-10
1.794609673225026631e-04 4.099528261485274456e-10
1.815390273850506729e-04 4.157147217046002358e-10
1.836411502490422785e-04 4.165139345642587741e-10
1.857676145485863753e-04 4.127836196802810359e-10
1.879187021442221578e-04 4.057174893404906628e-10
1.900946981602805912e-04 3.968878763779782687e-10
1.922958910226767171e-04 3.882187873279079745e-10
1.945225724971401946e-04 3.819401803124444207e-10
1.967750377278885748e-04 3.800012056226166989e-10
1.990535852767486220e-04 3.841408451344608654e-10
2.013585171627295032e-04 3.952113425907791503e-10
2.036901389020562758e-04 4.133410919191320070e-10
2.060487595486651640e-04 4.375577509887778343e-10
2.084346917351676985e-04 4.661066422715618121e-10
2.108482517142910915e-04 4.962538533290765781e-10
2.132897594007962310e-04 5.249576177780844737e-10
2.157595384138824807e-04 5.490388984325777932e-10
2.182579161200830003e-04 5.659942132126974979e-10
2.207852236766562250e-04 5.741641109923032517e-10
2.233417960754814700e-04 5.731637514756567842e-10
2.259279721874612654e-04 5.642088212989836251e-10
2.285440948074375482e-04 5.501728817589441323e-10
2.311905106996301417e-04 5.349755634363292442e-10
2.338675706435990400e-04 5.229135988313737233e-10
2.365756294807401202e-04 5.182590208047413791e-10
2.393150461613192416e-04 5.241946032609880744e-10
2.420861837920496669e-04 5.421172955288170118e-10
2.448894096842230486e-04 5.711599993983028465e-10
2.477250954023952571e-04 6.082262479445508089e-10
2.505936168136362096e-04 6.479979416980628940e-10
2.534953541373521587e-04 6.852942246725367946e-10
2.564306919956823639e-04 7.133629026557513475e-10
2.594000194644803916e-04 7.286621794291194769e-10
2.624037301248860888e-04 7.290066941735968435e-10
2.654422221154941939e-04 7.164556297232009631e-10
2.685158981851263043e-04 6.957712798008784793e-10
2.716251657462165044e-04 6.738187718686058184e-10
2.747704369288123854e-04 6.586446906745668423e-10
2.779521286352018127e-04 6.576917430914617324e-10
2.811706625951744943e-04 6.743576021082124755e-10
2.844264654219205712e-04 7.081587038852328666e-10
2.877199686685782661e-04 7.541874755849481938e-10
2.910516088854357393e-04 8.034430816951135583e-10
2.944218276777944170e-04 8.454934728263787454e-10
2.978310717645051204e-04 8.720909437570162756e-10
3.012797930371790027e-04 8.773521812263927278e-10
3.047684486200846234e-04 8.627997747933994298e-10
3.082975009307410263e-04 8.350995247355554190e-10
3.118674177412095313e-04 8.067651212055174862e-10
3.154786722400964379e-04 7.894921419955045201e-10
3.191317430952743915e-04 7.940524172897174827e-10
3.228271145173277267e-04 8.239028234702076146e-10
3.265652763237360972e-04 8.739967462983030443e-10
3.303467240037981823e-04 9.313295026779221401e-10
3.341719587843073962e-04 9.820760790425110360e-10
3.380414876959908759e-04 1.010796487284354615e-09
3.419558236407145655e-04 1.011887285025863570e-09
3.459154854594681137e-04 9.853687806087071415e-10
3.499209980011365223e-04 9.488677470254020191e-10
3.539728921920690086e-04 9.187760870088843614e-10
3.580717051064509905e-04 9.120792996994527154e-10
3.622179800374948611e-04 9.417756744590760903e-10
3.664122665694521551e-04 9.957810511412025392e-10
3.706551206504588155e-04 1.063412690669252334e-09
3.749471046662278739e-04 1.117079880563207133e-09
3.792887875145917100e-04 1.135896137709495883e-09
3.836807446809091808e-04 1.116042314024882352e-09
3.881235583143459109e-04 1.080869711096058319e-09
3.926178173050358226e-04 1.040369642932320990e-09
3.971641173621406028e-04 1.022937848838970660e-09
4.017630610928087857e-04 1.052114263382283366e-09
4.064152580820496862e-04 1.111678647797605165e-09
4.111213249735355181e-04 1.183606489102276482e-09
4.158818855513353300e-04 1.234152705140802350e-09
4.206975708225972935e-04 1.247123314422400161e-09
4.255690191011882867e-04 1.219820936303608687e-09
4.304968760923003155e-04 1.162777904395575471e-09
4.354817949780401981e-04 1.131046604679606904e-09
4.405244365040072822e-04 1.142598401829795966e-09
4.456254690668728577e-04 1.189713469531323156e-09
4.507855688029784470e-04 1.281268980564093407e-09
4.560054196779547643e-04 1.338553304814036805e-09
4.612857135773813463e-04 1.335347592089555589e-09
4.666271503984952018e-04 1.298331054171897544e-09
4.720304381429617636e-04 1.233790858726549700e-09
4.774962930107178993e-04 1.223306133278828881e-09
4.830254394949064960e-04 1.256404181735921784e-09
4.886186104779055486e-04 1.336218557778793986e-09
4.942765473284694211e-04 1.410200667185655729e-09
4.999999999999999020e-04 1.417877663615437699e-09
5.057897271299491120e-04 1.382238024329730139e-09
5.116464961403766531e-04 1.315367440074444755e-09
5.175710833396719507e-04 1.302346203418678518e-09
5.235642740254497010e-04 1.352042972101050349e-09
5.296268625886442309e-04 1.442821474267323782e-09
5.357596526188034176e-04 1.500124745135447029e-09
5.419634570106019031e-04 1.492362176926838111e-09
5.482390980715924666e-04 1.424797545731955378e-09
5.545874076312004358e-04 1.384887281385704174e-09
5.610092271509814097e-04 1.385121742424599724e-09
5.675054078361570394e-04 1.472924260194610855e-09
5.740768107484413340e-04 1.556714216435133913e-09
5.807243069201711546e-04 1.542618755252820237e-09
5.874487774697650716e-04 1.512125957345888252e-09
5.942511137185093944e-04 1.449182009054744539e-09
6.011322173087063929e-04 1.471889733984499447e-09
6.080930003231838424e-04 1.554818690046023057e-09
6.151343854061905054e-04 1.628410489367266880e-09
6.222573058856920762e-04 1.609044052480800587e-09
6.294627058970835281e-04 1.512981857099362033e-09
6.367515405083307633e-04 1.515324244798531770e-09
6.441247758465673719e-04 1.540637868394549334e-09
6.515833892261498582e-04 1.658917049984603259e-09
6.591283692782036463e-04 1.683127875208275085e-09
6.667607160816619227e-04 1.617992025058623259e-09
6.744814412958264824e-04 1.552418977768522417e-09
6.822915682944616367e-04 1.586344695649786407e-09
6.901921323014424334e-04 1.685171340411991424e-09
6.981841805279687899e-04 1.730653217247400472e-09
7.062687723113776324e-04 1.660595462451510088e-09
7.144469792555517389e-04 1.597040074693446990e-09
7.227198853729638849e-04 1.656858663555532705e-09
7.310885872283591101e-04 1.756837182423110373e-09
7.395541940841035122e-04 1.759787413597427945e-09
7.481178280472162642e-04 1.696894894429175800e-09
7.567806242181033963e-04 1.648544176137644309e-09
7.655437308410150245e-04 1.724832898578441751e-09
7.744083094562404478e-04 1.812696876683214725e-09
7.833755350540749394e-04 1.762692363697047360e-09
7.924465962305569326e-04 1.692616595001799866e-09
8.016226953450207018e-04 1.703697086406657815e-09
8.109050486794647586e-04 1.834420365992598157e-09
8.202948865997692447e-04 1.836935647428406241e-09
8.297934537187796715e-04 1.737096983817118323e-09
8.394020090612802068e-04 1.743608579049771124e-09
8.491218262308720130e-04 1.828909520464626499e-09
8.589541935787945847e-04 1.879461066374359894e-09
8.689004143746880239e-04 1.804003330098095268e-09
8.789618069793463453e-04 1.775577289684437946e-09
8.891397050194612675e-04 1.872048120286054217e-09
8.994354575643935708e-04 1.900258989044951389e-09
9.098504293049911040e-04 1.800392947315977515e-09
9.203860007344780506e-04 1.799494847425495110e-09
9.310435683314336689e-04 1.902590371105709630e-09
9.418245447449009487e-04 1.887129289838218173e-09
9.527303589816240974e-04 1.808667649468956660e-09
9.637624565954682008e-04 1.873660850467530529e-09
9.749222998790226836e-04 1.928801870061886815e-09
9.862113680574266256e-04 1.867306318435848592e-09
9.976311574844392432e-04 1.845219950803908453e-09
1.009183181840779715e-03 1.945694883560983124e-09
1.020868972334764650e-03 1.924050626012396673e-09
1.032690077905264224e-03 1.844064745157906176e-09
1.044648065427020156e-03 1.939854057634032218e-09
1.056744519918323541e-03 1.975648667473298616e-09
1.068981044751116105e-03 1.888437254480462766e-09
1.081359261863509879e-03 1.919415201275502677e-09
1.093880811974775810e-03 1.992769488279891501e-09
1.106547354802818028e-03 1.909362883918039115e-09
1.119360569284169734e-03 1.933391259749390649e-09
1.132322153796529608e-03 2.016643948788255464e-09
1.145433826383887056e-03 1.944356935531132867e-09
1.158697324984239588e-03 1.942934272348648475e-09
1.172114407659961052e-03 2.027023313046973508e-09
1.185686852830827474e-03 1.945767986243310789e-09
1.199416459509744732e-03 1.938286023650127999e-09
1.213305047541206891e-03 2.019759192256690544e-09
1.227354457842515147e-03 1.938925382965306155e-09
1.241566552647784894e-03 1.991970946648259186e-09
1.255943215754790803e-03 2.031959097976044762e-09
1.270486352774652947e-03 1.951054680800319537e-09
1.285197891384432054e-03 2.015673649067495570e-09
1.300079781582635843e-03 2.031937192138276783e-09
1.315133995947690435e-03 1.971977111336119818e-09
1.330362529899403951e-03 2.052065831813750825e-09
1.345767401963456761e-03 1.990953888086854281e-09
1.361350654038956127e-03 2.028738359126642754e-09
1.377114351669082772e-03 2.057127289226066279e-09
1.393060584314885974e-03 1.978995796910502121e-09
1.409191465632227396e-03 2.095460506378183605e-09
1.425509133751954758e-03 1.990792441590994662e-09
1.442015751563302745e-03 2.040524777925144504e-09
1.458713507000582730e-03 2.047800840427824347e-09
1.475604613333191895e-03 2.030282827030384518e-09
1.492691309458979909e-03 2.103534394598936009e-09
1.509975860201007635e-03 2.017237464633376320e-09
1.527460556607757513e-03 2.090449836635260945e-09
1.545147716256795815e-03 2.028513209607229507e-09
1.563039683561977646e-03 2.081920460802699132e-09
1.581138830084189480e-03 2.054868945755629606e-09
1.599447554845698401e-03 2.079439802557154775e-09
1.617968284648140355e-03 2.062810548767892147e-09
1.636703474394191234e-03 2.065019665731085000e-09
1.655655607412955237e-03 2.090259991222898373e-09
1.674827195789139285e-03 2.070106502372877726e-09
1.694220780696013449e-03 2.103671336124491542e-09
1.713838932732251975e-03 2.058815688233490208e-09
1.733684252262658121e-03 2.107836514691608371e-09
1.753759369762839405e-03 2.068984071531954375e-09
1.774066946167876177e-03 2.114458782034350318e-09
1.794609673225024517e-03 2.084578559370047833e-09
1.815390273850506567e-03 2.110123736535870022e-09
1.836411502490422785e-03 2.099966903701883031e-09
1.857676145485863536e-03 2.097318246363803995e-09
1.879187021442221524e-03 2.118769674706907177e-09
1.900946981602806129e-03 2.079578793965978819e-09
1.922958910226767442e-03 2.135997483845446872e-09
1.945225724971402217e-03 2.077861324418455744e-09
1.967750377278885965e-03 2.143218992181681232e-09
1.990535852767486274e-03 2.096207967107310103e-09
2.013585171627295303e-03 2.121069542280363670e-09
2.036901389020564709e-03 2.129907986260109738e-09
2.060487595486651478e-03 2.092983653662074848e-09
2.084346917351677202e-03 2.149165496096638238e-09
2.108482517142910590e-03 2.100485238127157984e-09
2.132897594007962527e-03 2.124916559047202622e-09
2.157595384138824915e-03 2.147210579991213864e-09
2.182579161200830058e-03 2.095587267038810698e-09
2.207852236766562250e-03 2.150516130103958054e-09
2.233417960754816977e-03 2.144278176320212724e-09
2.259279721874612491e-03 2.100136686342233478e-09
2.285440948074375211e-03 2.151789101472352325e-09
2.311905106996301092e-03 2.139475804922442683e-09
2.338675706435990129e-03 2.110197543555031415e-09
2.365756294807400822e-03 2.152339412665815026e-09
2.393150461613189652e-03 2.154556153960496173e-09
2.420861837920496723e-03 2.115931786244024781e-09
2.448894096842230052e-03 2.147107897491120044e-09
2.477250954023952137e-03 2.166948231722381964e-09
2.505936168136361879e-03 2.137004139641389286e-09
2.534953541373521912e-03 2.121487679678659653e-09
2.564306919956823531e-03 2.162720700674481385e-09
2.594000194644804132e-03 2.165547218355819564e-09
2.624037301248860997e-03 2.132765475874606675e-09
2.654422221154941613e-03 2.126856941624393145e-09
2.685158981851263043e-03 2.163964742183481430e-09
2.716251657462167429e-03 2.179969701563045633e-09
2.747704369288123637e-03 2.161431202431124787e-09
2.779521286352018561e-03 2.131543873544235180e-09
2.811706625951745052e-03 2.132044103179207137e-09
2.844264654219206146e-03 2.168447825792014293e-09
2.877199686685782878e-03 2.177677163054005866e-09
2.910516088854357610e-03 2.176899853189484937e-09
2.944218276777944496e-03 2.157268821344703322e-09
2.978310717645054565e-03 2.140581744261304431e-09
3.012797930371789810e-03 2.135202727793229975e-09
3.047684486200846234e-03 2.143485106090947437e-09
3.082975009307410696e-03 2.161602011610049284e-09
3.118674177412095096e-03 2.166855528206542402e-09
3.154786722400964270e-03 2.180208847533363861e-09
3.191317430952740879e-03 2.182973440644130900e-09
3.228271145173277484e-03 2.183602465119773175e-09
3.265652763237360864e-03 2.172575597557821828e-09
3.303467240037981714e-03 2.177210185581115544e-09
3.341719587843073637e-03 2.167981694000274884e-09
3.380414876959908759e-03 2.168300676672535889e-09
3.419558236407145655e-03 2.162549859516041376e-09
3.459154854594680920e-03 2.165289607481540880e-09
3.499209980011365115e-03 2.168180044051307327e-09
3.539728921920689761e-03 2.173382962038838236e-09
3.580717051064509580e-03 2.168024409826379882e-09
3.622179800374952623e-03 2.183615121126126714e-09
3.664122665694521767e-03 2.182072970677950911e-09
3.706551206504587938e-03 2.186720365038881982e-09
3.749471046662278956e-03 2.182894527808728054e-09
3.792887875145917534e-03 2.172419260577355361e-09
3.836807446809092567e-03 2.164072214719739624e-09
3.881235583143459542e-03 2.155836196603693909e-09
3.926178173050358551e-03 2.155376885559913733e-09
3.971641173621410364e-03 2.165907511144932007e-09
4.017630610928087966e-03 2.183863106676490810e-09
4.064152580820497296e-03 2.184611925690866377e-09
4.111213249735355506e-03 2.174149418614764350e-09
4.158818855513353625e-03 2.155589125097471787e-09
4.206975708225972610e-03 2.163378472895709554e-09
4.255690191011878530e-03 2.186178753272545300e-09
4.304968760923003589e-03 2.181708864644368706e-09
4.354817949780402306e-03 2.159100213480990282e-09
4.405244365040072822e-03 2.164302516239934843e-09
4.456254690668728577e-03 2.185185816467584720e-09
4.507855688029784036e-03 2.175255503007898788e-09
4.560054196779547535e-03 2.157471474895625162e-09
4.612857135773812921e-03 2.183447583014925181e-09
4.666271503984951476e-03 2.171328801897069890e-09
4.720304381429616877e-03 2.160972496938402105e-09
4.774962930107178559e-03 2.181920301937991884e-09
4.830254394949069947e-03 2.159726172765637066e-09
4.886186104779055052e-03 2.174195678643141300e-09
4.942765473284694427e-03 2.176538980362244743e-09
4.999999999999999237e-03 2.168204680087161036e-09
5.057897271299490252e-03 2.173946876228817912e-09
5.116464961403772820e-03 2.160421377563929745e-09
5.175710833396719723e-03 2.180816034461726010e-09
5.235642740254497010e-03 2.162432328924765484e-09
5.296268625886442309e-03 2.171293286251577939e-09
5.357596526188034176e-03 2.167966568964883276e-09
5.419634570106018380e-03 2.162758233073264516e-09
5.482390980715924449e-03 2.174778241950838709e-09
5.545874076312003707e-03 2.158156682951049984e-09
5.610092271509814314e-03 2.180153701293840453e-09
5.675054078361577332e-03 2.171790646603415050e-09
5.740768107484413990e-03 2.161594425764762744e-09
5.807243069201712196e-03 2.179704880402636837e-09
5.874487774697644861e-03 2.169693976657206526e-09
5.942511137185094161e-03 2.154750328928435752e-09
6.011322173087065013e-03 2.164919360501515106e-09
6.080930003231838424e-03 2.180050022605581521e-09
6.151343854061904620e-03 2.173168863358780672e-09
6.222573058856926617e-03 2.161452583075508939e-09
6.294627058970836582e-03 2.157567699948594154e-09
6.367515405083306983e-03 2.164844258298107007e-09
6.441247758465666780e-03 2.173412442351804718e-09
6.515833892261499449e-03 2.178946342288666107e-09
6.591283692782035596e-03 2.176200219768385851e-09
6.667607160816618576e-03 2.168715297145577223e-09
6.744814412958264824e-03 2.171995221797995506e-09
6.822915682944625040e-03 2.166406261893977721e-09
6.901921323014425201e-03 2.165028864284748224e-09
6.981841805279687466e-03 2.175051653243153456e-09
7.062687723113769168e-03 2.171700119372783243e-09
7.144469792555517389e-03 2.173059866844938736e-09
7.227198853729638849e-03 2.175122408443778393e-09
7.310885872283590450e-03 2.173224869905109613e-09
7.395541940841034688e-03 2.163552461167375842e-09
7.481178280472170448e-03 2.156019462439178443e-09
7.567806242181043287e-03 2.158113363616815156e-09
7.655437308410150896e-03 2.166954404908254427e-09
7.744083094562405345e-03 2.170938605460949128e-09
7.833755350540741805e-03 2.161556242734652001e-09
7.924465962305568892e-03 2.157051389764300571e-09
8.016226953450207235e-03 2.170047003356175571e-09
8.109050486794647586e-03 2.158343115715308709e-09
8.202948865997691796e-03 2.154885968650146114e-09
8.297934537187804521e-03 2.168246262660001216e-09
8.394020090612802285e-03 2.151224841164362585e-09
8.491218262308719913e-03 2.169934898065917810e-09
8.589541935787937607e-03 2.152709642570186806e-09
8.689004143746880890e-03 2.166560975012322006e-09
8.789618069793463453e-03 2.151487498788270990e-09
8.891397050194612892e-03 2.164743589267100378e-09
8.994354575643934840e-03 2.154323991168346966e-09
9.098504293049919714e-03 2.158753748237195160e-09
9.203860007344778771e-03 2.164169963771533530e-09
9.310435683314336255e-03 2.152367139622150680e-09
9.418245447448998428e-03 2.150793261296626102e-09
9.527303589816240106e-03 2.159997685674952406e-09
9.637624565954681574e-03 2.162545693065227541e-09
9.749222998790225969e-03 2.154907713531761663e-09
9.862113680574265823e-03 2.147911469571645774e-09
9.976311574844402841e-03 2.147593613377005566e-09
1.009183181840780756e-02 2.148838848793920458e-09
1.020868972334764563e-02 2.147830785578707652e-09
1.032690077905264354e-02 2.146850554250717443e-09
1.044648065427019115e-02 2.151432753539729109e-09
1.056744519918323584e-02 2.145564495404101767e-09
1.068981044751115932e-02 2.144366764278543484e-09
1.081359261863509835e-02 2.145397440030071971e-09
1.093880811974775637e-02 2.154636697682224723e-09
1.106547354802819329e-02 2.155882079562840800e-09
1.119360569284169951e-02 2.148507342788568324e-09
1.132322153796529694e-02 2.142285328598271865e-09
1.145433826383886189e-02 2.151572463668849224e-09
1.158697324984239718e-02 2.146085586251494549e-09
1.172114407659961138e-02 2.142241143216191906e-09
1.185686852830827517e-02 2.152780043156172826e-09
1.199416459509744862e-02 2.139728078168427468e-09
1.213305047541208236e-02 2.150809676592558673e-09
1.227354457842515234e-02 2.139460045882509965e-09
1.241566552647785024e-02 2.147201768789180893e-09
1.255943215754789545e-02 2.144303936129496496e-09
1.270486352774653077e-02 2.138010209774491589e-09
1.285197891384432314e-02 2.144936496569095073e-09
1.300079781582635929e-02 2.147589090973087315e-09
1.315133995947690565e-02 2.142383026587509658e-09
1.330362529899405295e-02 2.136605622997789453e-09
1.345767401963458149e-02 2.134697358187653385e-09
1.361350654038956040e-02 2.135203949634951389e-09
1.377114351669082859e-02 2.133723805439882493e-09
1.393060584314884456e-02 2.133451999321087093e-09
1.409191465632227136e-02 2.133320494687000712e-09
1.425509133751954628e-02 2.135212830051313016e-09
1.442015751563302701e-02 2.139056848914253567e-09
1.458713507000582686e-02 2.140919049720534334e-09
1.475604613333193239e-02 2.133607847867514499e-09
1.492691309458979952e-02 2.132043948496533920e-09
1.509975860201007852e-02 2.137892189033472523e-09
1.527460556607755995e-02 2.129689581529245716e-09
1.545147716256795901e-02 2.136256436534965732e-09
1.563039683561977602e-02 2.128834541761112542e-09
1.581138830084189567e-02 2.135478540743534725e-09
1.599447554845698227e-02 2.132715401067345302e-09
1.617968284648142047e-02 2.130872880435928848e-09
1.636703474394191060e-02 2.134153726849621413e-09
1.655655607412955324e-02 2.131916727628744424e-09
1.674827195789137593e-02 2.126782136005873617e-09
1.694220780696013146e-02 2.124873763991307470e-09
1.713838932732252018e-02 2.123671240084539627e-09
1.733684252262658251e-02 2.123839540509221895e-09
1.753759369762839665e-02 2.124301465301056113e-09
1.774066946167878259e-02 2.124713393935555164e-09
1.794609673225026208e-02 2.127916637823140373e-09
1.815390273850506567e-02 2.125322486834227580e-09
1.836411502490422828e-02 2.120269971769572834e-09
1.857676145485861671e-02 2.126615661533809521e-09
1.879187021442221134e-02 2.121851778873069541e-09
1.900946981602805869e-02 2.124410852250346480e-09
1.922958910226767182e-02 2.119106023572648268e-09
1.945225724971402087e-02 2.124417512463932675e-09
1.967750377278887700e-02 2.118040313808124674e-09
1.990535852767486361e-02 2.116144418160015245e-09
2.013585171627295042e-02 2.117971808594263909e-09
2.036901389020562628e-02 2.119692307157665864e-09
2.060487595486651738e-02 2.119301249609368399e-09
2.084346917351677028e-02 2.117378204093344442e-09
2.108482517142910850e-02 2.115216825272025668e-09
2.132897594007962527e-02 2.112816817617111495e-09
2.157595384138826650e-02 2.097072473144237708e-09
2.182579161200829884e-02 2.117751920185940611e-09
2.207852236766562337e-02 2.111471164942711196e-09
2.233417960754814982e-02 2.115224873740067406e-09
2.259279721874613012e-02 2.108403039794453658e-09
2.285440948074375644e-02 2.114176797229118704e-09
2.311905106996301265e-02 2.100875504163918947e-09
2.338675706435990390e-02 2.107086593752751264e-09
2.365756294807403598e-02 2.109358970521819037e-09
2.393150461613192254e-02 2.109407190792261753e-09
2.420861837920496376e-02 2.108172705733326761e-09
2.448894096842230139e-02 2.105865987515083277e-09
2.477250954023949708e-02 2.104318058042744332e-09
2.505936168136362052e-02 2.107413645377022997e-09
2.534953541373521912e-02 2.107768237675438089e-09
2.564306919956823791e-02 2.102546286361680155e-09
2.594000194644804219e-02 2.106716689078758074e-09
2.624037301248863946e-02 2.101942711490644560e-09
2.654422221154941960e-02 2.103251474060256448e-09
2.685158981851263130e-02 2.104575138950335975e-09
2.716251657462164654e-02 2.104535904498486299e-09
2.747704369288123810e-02 2.103117780169682152e-09
2.779521286352018214e-02 2.101084119430263323e-09
2.811706625951744878e-02 2.102032137354570986e-09
2.844264654219206059e-02 2.098406391376593812e-09
2.877199686685785740e-02 2.096205929402558884e-09
2.910516088854357350e-02 2.099899623193206388e-09
2.944218276777944496e-02 2.094874167762281218e-09
2.978310717645051356e-02 2.096986986860255914e-09
3.012797930371790070e-02 2.096819193873428018e-09
3.047684486200846407e-02 2.089836623410651502e-09
3.082975009307410696e-02 2.092951941465037629e-09
3.118674177412095530e-02 2.092388381136579114e-09
3.154786722400967913e-02 2.092489256312875600e-09
3.191317430952744089e-02 2.094324069599762453e-09
3.228271145173277484e-02 2.091090551618616924e-09
3.265652763237360950e-02 2.077973059240371914e-09
3.303467240037977898e-02 2.088460792449197470e-09
3.341719587843073463e-02 2.091149377812260194e-09
3.380414876959908499e-02 2.089937727690108006e-09
3.419558236407146262e-02 2.087794778835881921e-09
3.459154854594680834e-02 2.086974528152102497e-09
3.499209980011368931e-02 2.087822761489907198e-09
3.539728921920690108e-02 2.091079228799611070e-09
3.580717051064509493e-02 2.084029269995346431e-09
3.622179800374948633e-02 2.085764347401005736e-09
3.664122665694521247e-02 2.082245340284542525e-09
3.706551206504588025e-02 2.083537129276573746e-09
3.749471046662278262e-02 2.083641345057134758e-09
3.792887875145917187e-02 2.084816143959544034e-09
3.836807446809096384e-02 2.090601607317166381e-09
3.881235583143458762e-02 2.078914413147990307e-09
3.926178173050358378e-02 2.078444730655997538e-09
3.971641173621406201e-02 2.078427285400197043e-09
4.017630610928087792e-02 2.079100209628824921e-09
4.064152580820496602e-02 2.076915157613395591e-09
4.111213249735355679e-02 2.075437273526578723e-09
4.158818855513353452e-02 2.075527659159837704e-09
4.206975708225977467e-02 2.074500451645074014e-09
4.255690191011882867e-02 2.076301188578265623e-09
4.304968760923003068e-02 2.072493656971623446e-09
4.354817949780401959e-02 2.077304910005315055e-09
4.405244365040068139e-02 2.072499234304117386e-09
4.456254690668728924e-02 2.072816945336179665e-09
4.507855688029784730e-02 2.073326574407084442e-09
4.560054196779547708e-02 2.072038868318805805e-09
4.612857135773813788e-02 2.069894120263479694e-09
4.666271503984956853e-02 2.077748680630667417e-09
4.720304381429617224e-02 2.067408618456993470e-09
4.774962930107178732e-02 2.067722002662955974e-09
4.830254394949064223e-02 2.066822650456052920e-09
4.886186104779054878e-02 2.064414952507033719e-09
4.942765473284694427e-02 2.057990504134967106e-09
4.999999999999998890e-02 2.065379834789166494e-09
5.057897271299490599e-02 2.063889336943269387e-09
5.116464961403772299e-02 2.063775270913433530e-09
5.175710833396719723e-02 2.061364504091206556e-09
5.235642740254497357e-02 2.061839935394485956e-09
5.296268625886442483e-02 2.061422885894693472e-09
5.357596526188034003e-02 2.060130521081153018e-09
5.419634570106018207e-02 2.059776979894091396e-09
5.482390980715924622e-02 2.062795720117931875e-09
5.545874076312003881e-02 2.059729768868999556e-09
5.610092271509820039e-02 2.056195248518407986e-09
5.675054078361576465e-02 2.056801802023545091e-09
5.740768107484413296e-02 2.055386306068295751e-09
5.807243069201711849e-02 2.054619251957584806e-09
5.874487774697650933e-02 2.056332347457685612e-09
5.942511137185092773e-02 2.050972641826959672e-09
6.011322173087065013e-02 2.054031215548912426e-09
6.080930003231838771e-02 2.050735173809441018e-09
6.151343854061905314e-02 2.055065794795395222e-09
6.222573058856927658e-02 2.051346358858899249e-09
6.294627058970836408e-02 2.049048170675889266e-09
6.367515405083307156e-02 2.050224863819974370e-09
6.441247758465666606e-02 2.047183664482593612e-09
6.515833892261499449e-02 2.048543997250922799e-09
6.591283692782035075e-02 2.047156939574684623e-09
6.667607160816618750e-02 2.045051490344913537e-09
6.744814412958265171e-02 2.046734607402379995e-09
6.822915682944626081e-02 2.046426453794188589e-09
6.901921323014426068e-02 2.045784743848274127e-09
6.981841805279687119e-02 2.044378317232471517e-09
7.062687723113769689e-02 2.042411824907386320e-09
7.144469792555516174e-02 2.041583781764502579e-09
7.227198853729638328e-02 2.042071688902510042e-09
7.310885872283590103e-02 2.041447374984509190e-09
7.395541940841034168e-02 2.039475508183374196e-09
7.481178280472169928e-02 2.030369978910902783e-09
7.567806242181042420e-02 2.038906634062588830e-09
7.655437308410149855e-02 2.037085667483806728e-09
7.744083094562403957e-02 2.037665979395441749e-09
7.833755350540749784e-02 2.036153053859433230e-09
7.924465962305569933e-02 2.035182597206330242e-09
8.016226953450207582e-02 2.032394313182234766e-09
8.109050486794647239e-02 2.034755226561618810e-09
8.202948865997691796e-02 2.035703013470883640e-09
8.297934537187805215e-02 2.031379514897823838e-09
8.394020090612801244e-02 2.032584150679970283e-09
8.491218262308719567e-02 2.030749426573860076e-09
8.589541935787936566e-02 2.029977674349358484e-09
8.689004143746879849e-02 2.027420473338289442e-09
8.789618069793463107e-02 2.030683840824968738e-09
8.891397050194613239e-02 2.028994000067549713e-09
8.994354575643936922e-02 2.030668617387163541e-09
9.098504293049920755e-02 2.026572438541553685e-09
9.203860007344781546e-02 2.025185060045789028e-09
9.310435683314335908e-02 2.024492553942775717e-09
9.418245447449000163e-02 2.026083423694873140e-09
9.527303589816239759e-02 2.024182121109656864e-09
9.637624565954683309e-02 2.022933992648151267e-09
9.749222998790225969e-02 2.023749956691807766e-09
9.862113680574265129e-02 2.023020516698609834e-09
9.976311574844401453e-02 2.022780762469281773e-09
1.009183181840780652e-01 2.022310721086242125e-09
1.020868972334764563e-01 2.021632110584723912e-09
1.032690077905264320e-01 2.020382443390673838e-09
1.044648065427020295e-01 2.018990459661674295e-09
1.056744519918323688e-01 2.010856301334797244e-09
1.068981044751115966e-01 2.016514506149793260e-09
1.081359261863509835e-01 2.015037828094751745e-09
1.093880811974775741e-01 2.015529912763953065e-09
1.106547354802819155e-01 2.013852089300542313e-09
1.119360569284169882e-01 2.025655355352035558e-09
1.132322153796529590e-01 2.010758593492869727e-09
1.145433826383886050e-01 2.012170347576924321e-09
1.158697324984239718e-01 2.010557908281665587e-09
1.172114407659961138e-01 2.032213120417724346e-09
1.185686852830827448e-01 2.009831923435141858e-09
1.199416459509744792e-01 2.008271429390171945e-09
1.213305047541208270e-01 2.010506959800420365e-09
1.227354457842515373e-01 2.008791973391023132e-09
1.241566552647785093e-01 2.008364928200160577e-09
1.255943215754789510e-01 2.006812590574423768e-09
1.270486352774652938e-01 2.009313823437801524e-09
1.285197891384432245e-01 2.001149370653392186e-09
1.300079781582635929e-01 2.004315049943887827e-09
1.315133995947690426e-01 2.003430349244964515e-09
1.330362529899405399e-01 2.007832084300576364e-09
1.345767401963458010e-01 2.003110595128040514e-09
1.361350654038956109e-01 2.001057759566351044e-09
1.377114351669082859e-01 1.999843870468279834e-09
1.393060584314886052e-01 1.998096624448310356e-09
1.409191465632227414e-01 1.999091819700688636e-09
1.425509133751954594e-01 1.945901303201940539e-09
1.442015751563302528e-01 1.997183708885504517e-09
1.458713507000582721e-01 1.995734398258931067e-09
1.475604613333193205e-01 1.994459642050575161e-09
1.492691309458979987e-01 1.995164809124499722e-09
1.509975860201007714e-01 1.993873001826547955e-09
1.527460556607755926e-01 1.994361104406082240e-09
1.545147716256795867e-01 1.995440707723847053e-09
1.563039683561977533e-01 1.993192771479469140e-09
1.581138830084189428e-01 1.991639317479472551e-09
1.599447554845698227e-01 1.991220156665575771e-09
1.617968284648141908e-01 1.987104203466919076e-09
1.636703474394191060e-01 1.988119880957156990e-09
1.655655607412955255e-01 1.988656867490786025e-09
1.674827195789137801e-01 1.987721603467003389e-09
1.694220780696013284e-01 1.989085604617222967e-09
1.713838932732252018e-01 1.985485234073061723e-09
1.733684252262658043e-01 1.987097902858531931e-09
1.753759369762839249e-01 1.985770062238800432e-09
1.774066946167878189e-01 1.984576179622142788e-09
1.794609673225026625e-01 1.982810036580715217e-09
1.815390273850506775e-01 1.983571354617518244e-09
1.836411502490422898e-01 1.981780315832780225e-09
1.857676145485863684e-01 1.947096899358262808e-09
1.879187021442221273e-01 1.981266611370503567e-09
1.900946981602806007e-01 1.979922840360084706e-09
1.922958910226767459e-01 1.993015822286439090e-09
1.945225724971401948e-01 1.976625065533911446e-09
1.967750377278887908e-01 1.976692627127942117e-09
1.990535852767486291e-01 1.977691320436375522e-09
2.013585171627295112e-01 1.973984339507282568e-09
2.036901389020563113e-01 1.989792432256453462e-09
2.060487595486651669e-01 1.974757426178228950e-09
2.084346917351677098e-01 1.974026162409869028e-09
2.108482517142910850e-01 1.924055416771435012e-09
2.132897594007962250e-01 1.973344303708142591e-09
2.157595384138826788e-01 1.901817492754083933e-09
2.182579161200829954e-01 1.967050995082507681e-09
2.207852236766562337e-01 1.971166162513288393e-09
2.233417960754814635e-01 1.970182122843974174e-09
2.259279721874612734e-01 1.969764128951537430e-09
2.285440948074375644e-01 1.968190063413586889e-09
2.311905106996301196e-01 1.966966611229531475e-09
2.338675706435990320e-01 1.966988087779845187e-09
2.365756294807403459e-01 1.966302262769261166e-09
2.393150461613192115e-01 1.965396698499067170e-09
2.420861837920496862e-01 1.966046451562003981e-09
2.448894096842230694e-01 1.967896049923802376e-09
2.477250954023952345e-01 1.962677514697561140e-09
2.505936168136362330e-01 1.970934076755137045e-09
2.534953541373521912e-01 1.962065774910883206e-09
2.564306919956823583e-01 1.959797558736840696e-09
2.594000194644804358e-01 1.960355835410626722e-09
2.624037301248863807e-01 1.960115713547546209e-09
2.654422221154941752e-01 1.963627917149746550e-09
2.685158981851262783e-01 1.957914620506333609e-09
2.716251657462164792e-01 1.957014180156639114e-09
2.747704369288123671e-01 1.956862597742853448e-09
2.779521286352018006e-01 1.951329893367033150e-09
2.811706625951744809e-01 1.956792563778666970e-09
2.844264654219206268e-01 1.952812447961153187e-09
2.877199686685785740e-01 1.951407090544908587e-09
2.910516088854357419e-01 1.953397700315614885e-09
2.944218276777944010e-01 1.949267144796369465e-09
2.978310717645051287e-01 1.963883190713738570e-09
3.012797930371790001e-01 1.952071809397452545e-09
3.047684486200846199e-01 1.951315854407396313e-09
3.082975009307410419e-01 1.949105998762755011e-09
3.118674177412095183e-01 1.949371615682175974e-09
3.154786722400967913e-01 1.947302961449349514e-09
3.191317430952744227e-01 1.946693684699166200e-09
3.228271145173277623e-01 1.949025185275247859e-09
3.265652763237361089e-01 1.945349784001537044e-09
3.303467240037981645e-01 1.945174028625052297e-09
3.341719587843073880e-01 1.944804646062403127e-09
3.380414876959909054e-01 1.945602462932416670e-09
3.419558236407145846e-01 1.942982740908458190e-09
3.459154854594680417e-01 1.942420438375611969e-09
3.499209980011368515e-01 1.939513912133978226e-09
3.539728921920690108e-01 1.940721180670296481e-09
3.580717051064509771e-01 1.958508319442316541e-09
3.622179800374948910e-01 1.938633940961978512e-09
3.664122665694521941e-01 1.938170917964495560e-09
3.706551206504588025e-01 1.939750894499083826e-09
3.749471046662278817e-01 1.935845726340316286e-09
3.792887875145917742e-01 1.903255098095541948e-09
3.836807446809096245e-01 1.936786124246323788e-09
3.881235583143459178e-01 1.934645210882711829e-09
3.926178173050358100e-01 1.930092202520155228e-09
3.971641173621405785e-01 1.934319272015724848e-09
4.017630610928087931e-01 1.950487718568892475e-09
4.064152580820497018e-01 1.931696349098237819e-09
4.111213249735355402e-01 1.929662719249243278e-09
4.158818855513353729e-01 1.930171343831408716e-09
4.206975708225977328e-01 1.928661626817191664e-09
4.255690191011883283e-01 1.929789363101760883e-09
4.304968760923003068e-01 1.927726571336055656e-09
4.354817949780401820e-01 1.926980220675789237e-09
4.405244365040072441e-01 1.932784321198846335e-09
4.456254690668728924e-01 1.925974195555033943e-09
4.507855688029784313e-01 1.927229797784888189e-09
4.560054196779547708e-01 1.930200065461926599e-09
4.612857135773818507e-01 1.906733202069610315e-09
4.666271503984956714e-01 1.920691805444366377e-09
4.720304381429616947e-01 1.906837449931151294e-09
4.774962930107178871e-01 1.921919744104918528e-09
4.830254394949065055e-01 1.919423590554874867e-09
4.886186104779055572e-01 1.922871748190652982e-09
4.942765473284694844e-01 1.917378518579748129e-09
5.000000000000000000e-01 1.919017963461978202e-09
5.235642740254496941e-01 1.900903565663274754e-09
5.482390980715925455e-01 1.788368988848972539e-09
5.740768107484413019e-01 1.910683672648671896e-09
6.011322173087064735e-01 1.908838706394364005e-09
6.294627058970835298e-01 1.903843893847543427e-09
6.591283692782035075e-01 1.902428562085988423e-09
6.901921323014423848e-01 1.911993489058365474e-09
7.227198853729638328e-01 1.896247641986292028e-09
7.567806242181041032e-01 1.903986140591128834e-09
7.924465962305566880e-01 1.889386277764608708e-09
8.297934537187803272e-01 1.886219571406985081e-09
8.689004143746876796e-01 1.883707220036196519e-09
9.098504293049917147e-01 1.880671971557781031e-09
9.527303589816236151e-01 1.876977739260065568e-09
9.976311574844398677e-01 1.875417825010224213e-09
1.044648065427019601e+00 1.872329965778806299e-09
1.093880811974776268e+00 1.866081239417115988e-09
1.145433826383886355e+00 1.865807042817479984e-09
1.199416459509745181e+00 1.863419003228526726e-09
1.255943215754790065e+00 1.858748023969625787e-09
1.315133995947690870e+00 1.857503384550747177e-09
1.377114351669083137e+00 1.855762975167672123e-09
1.442015751563303194e+00 1.851350242592801824e-09
1.509975860201008047e+00 1.850426506335839233e-09
1.581138830084189539e+00 1.844599552256079990e-09
1.655655607412955588e+00 1.844305718681241639e-09
1.733684252262658321e+00 1.839321655888765908e-09
1.815390273850506775e+00 1.838777496881921756e-09
1.900946981602805730e+00 1.833377912624620226e-09
1.990535852767486125e+00 1.833594539201908882e-09
2.084346917351676876e+00 1.827159385749163808e-09
2.182579161200830065e+00 1.833270218709365358e-09
2.285440948074374923e+00 1.827023394976759421e-09
2.393150461613192004e+00 1.820371830010274489e-09
2.505936168136361886e+00 1.817656895930942800e-09
2.624037301248862697e+00 1.813034678619725130e-09
2.747704369288122450e+00 1.811154763416271650e-09
2.877199686685784741e+00 1.807487915628022454e-09
3.012797930371788890e+00 1.806954779123121594e-09
3.154786722400966248e+00 1.804623403199939274e-09
3.303467240037980091e+00 1.797648672815785631e-09
3.459154854594682416e+00 1.795475487530601026e-09
3.622179800374950354e+00 1.791813470971365419e-09
3.792887875145919185e+00 1.791676163972088645e-09
3.971641173621408338e+00 1.838882703270771605e-09
4.158818855513356283e+00 1.786740448309309740e-09
4.354817949780404263e+00 1.782382118055672612e-09
4.560054196779547375e+00 1.783743690310701428e-09
4.774962930107178316e+00 1.761362088535538361e-09
5.000000000000000000e+00 1.733685532401576198e-09
6.294627058970836408e+00 1.753788429986665472e-09
7.924465962305568212e+00 1.753907955825076353e-09
9.976311574844396901e+00 1.731124363104530536e-09
1.255943215754790110e+01 1.717500054589160329e-09
1.581138830084189451e+01 1.704308867062427300e-09
1.990535852767486347e+01 1.689029264347274717e-09
2.505936168136361886e+01 1.677203373493107500e-09
3.154786722400966426e+01 1.662457147246082876e-09
3.971641173621406296e+01 1.650199998001740657e-09
4.999999999999999289e+01 1.636009811070281344e-09
