2.505936168136361892e-05 6.893281889999225970e-14
2.564306919956824046e-05 7.753425811338564323e-13
2.624037301248861295e-05 3.116828216104133705e-12
2.685158981851265889e-05 7.241767287882339397e-12
2.747704369288123718e-05 1.328259831570727994e-11
2.811706625951745350e-05 2.138456534532649918e-11
2.877199686685782864e-05 3.165999914132812756e-11
2.944218276777942002e-05 4.423530311251188236e-11
3.012797930371789959e-05 5.918677972172818988e-11
3.082975009307410534e-05 7.666389584321287497e-11
3.154786722400964650e-05 9.664253063820069563e-11
3.228271145173280656e-05 1.192032173642390842e-10
3.303467240037981687e-05 1.443596820250486480e-10
3.380414876959908759e-05 1.721678075584917144e-10
3.459154854594680595e-05 2.023944454872406704e-10
3.539728921920685885e-05 2.351728221589861440e-10
3.622179800374952406e-05 2.701378016563678945e-10
3.706551206504588155e-05 3.073642384390475548e-10
3.792887875145917236e-05 3.463654721457663737e-10
3.881235583143463039e-05 3.868591982745072386e-10
3.971641173621410364e-05 4.287625412422115770e-10
4.064152580820496591e-05 4.716881284581821723e-10
4.158818855513353842e-05 5.149739790567236353e-10
4.255690191011878395e-05 5.581306819154928848e-10
4.354817949780398050e-05 6.007767990453038929e-10
4.456254690668729390e-05 6.424189932683043262e-10
4.560054196779547508e-05 6.820639331409758589e-10
4.666271503984952289e-05 7.194828257258202288e-10
4.774962930107183736e-05 7.542680212171873704e-10
4.886186104779054808e-05 7.847745293160082668e-10
4.999999999999998207e-05 8.114477234320572530e-10
5.057897271299490442e-05 8.229985204729261172e-10
5.116464961403767209e-05 8.332549507362350182e-10
5.175710833396714221e-05 8.422159445011595737e-10
5.235642740254491318e-05 8.497465212730374707e-10
5.296268625886447866e-05 8.559150407936351385e-10
5.357596526188033499e-05 8.602517361254871465e-10
5.419634570106018624e-05 8.634885603784802935e-10
5.482390980715924394e-05 8.653610517595858592e-10
5.545874076312004358e-05 8.653260298777091478e-10
5.610092271509813691e-05 8.639943838089785391e-10
5.675054078361569987e-05 8.608296734504636659e-10
5.740768107484407919e-05 8.563082563623909691e-10
5.807243069201718186e-05 8.501271993070996245e-10
5.874487774697651393e-05 8.427154986059139197e-10
5.942511137185093809e-05 8.338336731707946487e-10
6.011322173087064877e-05 8.237661089225859617e-10
6.080930003231838017e-05 8.124143566725808628e-10
6.151343854061905325e-05 8.000056338433776535e-10
6.222573058856921034e-05 7.867909803170442165e-10
6.294627058970830402e-05 7.721800611467053598e-10
6.367515405083314138e-05 7.571992454411684855e-10
6.441247758465673719e-05 7.417284280322366028e-10
6.515833892261499124e-05 7.257876886738983502e-10
6.591283692782035650e-05 7.098338465145847454e-10
6.667607160816619769e-05 6.938436513398714783e-10
6.744814412958265366e-05 6.779803543998854278e-10
6.822915682944618535e-05 6.628452269145859066e-10
6.901921323014417829e-05 6.485988628039237999e-10
6.981841805279679497e-05 6.351122822957837640e-10
7.062687723113775782e-05 6.227976571246806707e-10
7.144469792555517389e-05 6.119747886196000052e-10
7.227198853729638578e-05 6.031236578616609303e-10
7.310885872283590017e-05 5.960786151861693076e-10
7.395541940841035122e-05 5.912977073703497668e-10
7.481178280472162371e-05 5.892039987991233046e-10
7.567806242181034505e-05 5.895776530707393004e-10
7.655437308410142656e-05 5.927315811967496969e-10
7.744083094562412067e-05 5.993011602174816919e-10
7.833755350540748852e-05 6.086803084255279268e-10
7.924465962305569597e-05 6.218738391719537305e-10
8.016226953450208102e-05 6.379098512544984736e-10
8.109050486794647857e-05 6.578255707901938583e-10
8.202948865997692718e-05 6.811967722348093387e-10
8.297934537187796715e-05 7.079197448481638363e-10
8.394020090612792852e-05 7.379796955332595132e-10
8.491218262308728262e-05 7.715368013292287023e-10
8.589541935787945305e-05 8.080881525816615847e-10
8.689004143746881595e-05 8.473312340437785190e-10
8.789618069793464267e-05 8.892709086287122761e-10
8.891397050194613488e-05 9.334556145956739187e-10
8.994354575643936521e-05 9.791849522378644069e-10
9.098504293049911853e-05 1.026621975316053642e-09
9.203860007344770748e-05 1.074814726659676264e-09
9.310435683314326931e-05 1.123559551025578494e-09
9.418245447449009216e-05 1.172029403454502228e-09
9.527303589816239347e-05 1.219435279396520193e-09
9.637624565954680924e-05 1.265783399525562489e-09
9.749222998790225210e-05 1.309985352415164635e-09
9.862113680574265443e-05 1.351509768471134304e-09
9.976311574844391077e-05 1.389948354169020722e-09
1.009183181840780691e-04 1.424642549929682348e-09
1.020868972334764785e-04 1.455055331948392933e-09
1.032690077905264468e-04 1.480142328647943362e-09
1.044648065427019099e-04 1.500166486032561036e-09
1.056744519918323541e-04 1.514375739971176833e-09
1.068981044751116051e-04 1.523163119287301373e-09
1.081359261863509824e-04 1.525839515667521712e-09
1.093880811974775783e-04 1.522125370367692585e-09
1.106547354802819166e-04 1.512475324789702038e-09
1.119360569284169843e-04 1.497186695196062214e-09
1.132322153796529580e-04 1.475907354088799580e-09
1.145433826383886026e-04 1.450542614099104364e-09
1.158697324984239615e-04 1.420383025807198558e-09
1.172114407659961431e-04 1.386675543347241147e-09
1.185686852830827555e-04 1.350559551770685772e-09
1.199416459509744813e-04 1.312806273626332786e-09
1.213305047541207081e-04 1.274421395365769278e-09
1.227354457842515364e-04 1.236808853106898485e-09
1.241566552647784948e-04 1.201137065524107122e-09
1.255943215754789502e-04 1.168303028343934827e-09
1.270486352774653110e-04 1.139977703415599477e-09
1.285197891384432108e-04 1.116718035112138891e-09
1.300079781582635788e-04 1.100181241809602928e-09
1.315133995947690435e-04 1.090930065124148907e-09
1.330362529899403897e-04 1.089870867274409306e-09
1.345767401963458333e-04 1.096971441949534827e-09
1.361350654038956344e-04 1.113319613191019568e-09
1.377114351669082826e-04 1.139156644919641957e-09
1.393060584314884456e-04 1.172232651778089051e-09
1.409191465632227234e-04 1.214164001113621374e-09
1.425509133751954596e-04 1.262991301566485899e-09
1.442015751563302474e-04 1.317830530155257739e-09
1.458713507000582675e-04 1.376990388099647563e-09
1.475604613333193142e-04 1.439422566426647429e-09
1.492691309458979746e-04 1.502692226088845545e-09
1.509975860201007907e-04 1.564971259312632611e-09
1.527460556607755941e-04 1.623748336701113503e-09
1.545147716256795760e-04 1.677489339525459636e-09
1.563039683561977700e-04 1.724380902804091480e-09
1.581138830084189426e-04 1.762164094615015859e-09
1.599447554845698401e-04 1.790024061606843297e-09
1.617968284648140247e-04 1.806444000448287692e-09
1.636703474394191234e-04 1.810845974927113359e-09
1.655655607412955237e-04 1.803196220946402622e-09
1.674827195789137550e-04 1.784000291660269043e-09
1.694220780696013395e-04 1.754368118705919061e-09
1.713838932732251867e-04 1.715383369381482567e-09
1.733684252262658175e-04 1.669402277981801384e-09
1.753759369762839622e-04 1.619312361624538709e-09
1.774066946167876340e-04 1.567163935917986688e-09
1.794609673225026631e-04 1.516744057265101600e-09
1.815390273850506729e-04 1.470998312805119080e-09
1.836411502490422785e-04 1.432609448634276324e-09
1.857676145485863753e-04 1.405173293887155783e-09
1.879187021442221307e-04 1.390158305774317653e-09
1.900946981602805912e-04 1.389361211866099673e-09
1.922958910226767171e-04 1.403329308290057386e-09
1.945225724971401946e-04 1.432521957527829887e-09
1.967750377278885748e-04 1.475544103123168177e-09
1.990535852767486220e-04 1.530209833821915952e-09
2.013585171627295032e-04 1.593829656763521438e-09
2.036901389020563029e-04 1.662733241345759231e-09
2.060487595486651640e-04 1.733039935155828899e-09
2.084346917351676985e-04 1.800015942738290286e-09
2.108482517142910644e-04 1.859126468728228380e-09
2.132897594007962582e-04 1.906272695992289984e-09
2.157595384138824807e-04 1.938850453518382045e-09
2.182579161200830003e-04 1.953923078699136767e-09
2.207852236766562250e-04 1.951062299789434548e-09
2.233417960754814429e-04 1.930296138454211207e-09
2.259279721874612383e-04 1.893351646683193090e-09
2.285440948074375753e-04 1.843362849167484083e-09
2.311905106996301688e-04 1.785916788801504568e-09
2.338675706435990129e-04 1.726413718162795116e-09
2.365756294807400931e-04 1.670105016755942063e-09
2.393150461613192145e-04 1.623080293224908781e-09
2.420861837920496669e-04 1.591000829881372955e-09
2.448894096842230486e-04 1.577504719981722117e-09
2.477250954023952571e-04 1.584685562999210393e-09
2.505936168136362096e-04 1.613468056162749106e-09
2.534953541373521587e-04 1.661268894152160895e-09
2.564306919956823639e-04 1.724220184253301543e-09
2.594000194644803916e-04 1.796391976024282291e-09
2.624037301248860888e-04 1.870324181927228069e-09
2.654422221154941939e-04 1.938429065365166912e-09
2.685158981851263043e-04 1.993010519932493136e-09
2.716251657462165044e-04 2.028806089983632062e-09
2.747704369288123854e-04 2.040314309496541408e-09
2.779521286352018127e-04 2.028085697966278079e-09
2.811706625951744943e-04 1.992743395436764405e-09
2.844264654219205712e-04 1.939424733990826013e-09
2.877199686685782661e-04 1.876526389907291850e-09
2.910516088854357393e-04 1.812212573192668145e-09
2.944218276777944170e-04 1.757120449090559549e-09
2.978310717645051204e-04 1.719263261549922188e-09
3.012797930371790027e-04 1.705825274141934981e-09
3.047684486200846234e-04 1.719825732240728312e-09
3.082975009307410263e-04 1.760462371656541621e-09
3.118674177412095313e-04 1.822184447694564274e-09
3.154786722400964379e-04 1.896500749032868335e-09
3.191317430952743915e-04 1.971959337826067027e-09
3.228271145173277267e-04 2.036697115856973051e-09
3.265652763237360972e-04 2.080549210807685840e-09
3.303467240037981823e-04 2.095747399331310423e-09
3.341719587843073962e-04 2.079925444744159394e-09
3.380414876959908759e-04 2.036924383709437797e-09
3.419558236407145655e-04 1.975282752413273252e-09
3.459154854594681137e-04 1.907017581572365159e-09
3.499209980011365223e-04 1.846976149209702315e-09
3.539728921920690086e-04 1.807780229577570780e-09
3.580717051064509905e-04 1.799194936221732767e-09
3.622179800374948611e-04 1.823984910878363753e-09
3.664122665694521551e-04 1.878836900049438043e-09
3.706551206504588155e-04 1.952533596959290260e-09
3.749471046662278739e-04 2.029392135859250258e-09
3.792887875145917100e-04 2.092990671740257845e-09
3.836807446809091808e-04 2.129361208807752726e-09
3.881235583143459109e-04 2.129086539239892185e-09
3.926178173050358226e-04 2.093172256952975841e-09
3.971641173621406028e-04 2.032297731561873461e-09
4.017630610928087315e-04 1.967239510744600702e-09
4.064152580820496862e-04 1.900959226117503823e-09
4.111213249735355723e-04 1.871063783193342578e-09
4.158818855513353300e-04 1.877019949803917437e-09
4.206975708225973477e-04 1.922630263125028723e-09
4.255690191011882867e-04 1.991463584762883934e-09
4.304968760923003155e-04 2.068263609295267557e-09
4.354817949780402523e-04 2.134301113926497477e-09
4.405244365040073364e-04 2.156622528582029048e-09
4.456254690668728035e-04 2.145139816829761980e-09
4.507855688029785012e-04 2.085379471060420736e-09
4.560054196779547643e-04 2.038346654212438636e-09
4.612857135773814005e-04 1.959546593770328760e-09
4.666271503984951476e-04 1.919958592567845087e-09
4.720304381429617636e-04 1.929803531181617065e-09
4.774962930107178993e-04 1.979995013473088706e-09
4.830254394949065502e-04 2.058898613210629382e-09
4.886186104779055486e-04 2.129442767679033124e-09
4.942765473284694211e-04 2.179025656824802051e-09
4.999999999999999020e-04 2.172996417023636672e-09
5.057897271299491120e-04 2.129631419220074080e-09
5.116464961403766531e-04 2.057652325477636978e-09
5.175710833396719507e-04 1.992391811330314028e-09
5.235642740254497010e-04 1.960640853246745763e-09
5.296268625886442309e-04 1.983648126390755403e-09
5.357596526188034176e-04 2.047177342986759454e-09
5.419634570106019031e-04 2.130135430877630316e-09
5.482390980715924666e-04 2.182259195399881547e-09
5.545874076312004358e-04 2.194154157142909727e-09
5.610092271509814097e-04 2.153537305989411285e-09
5.675054078361570394e-04 2.082357019954865505e-09
5.740768107484413340e-04 2.014348541459758184e-09
5.807243069201711546e-04 1.995506310401147205e-09
5.874487774697650716e-04 2.035838426492544625e-09
5.942511137185093944e-04 2.111241988923619042e-09
6.011322173087063929e-04 2.180807087167246479e-09
6.080930003231838424e-04 2.213743342907671208e-09
6.151343854061905054e-04 2.175044993743285989e-09
6.222573058856920762e-04 2.102991701066347601e-09
6.294627058970836365e-04 2.032695793557909248e-09
6.367515405083307633e-04 2.039636579431504682e-09
6.441247758465673719e-04 2.065595728137903722e-09
6.515833892261498582e-04 2.142354030652088513e-09
6.591283692782036463e-04 2.208577325089161605e-09
6.667607160816619227e-04 2.200273316131091603e-09
6.744814412958264824e-04 2.157985972933248159e-09
6.822915682944617451e-04 2.092773188806272854e-09
6.901921323014424334e-04 2.051744171461120207e-09
6.981841805279687899e-04 2.076609691627162278e-09
7.062687723113776324e-04 2.146573228922931927e-09
7.144469792555517389e-04 2.212539304936703311e-09
7.227198853729638849e-04 2.209850669007035912e-09
7.310885872283591101e-04 2.165973840098871101e-09
7.395541940841035122e-04 2.087504836462193736e-09
7.481178280472162642e-04 2.057231054679562001e-09
7.567806242181033963e-04 2.113682172214395622e-09
7.655437308410150245e-04 2.194007454199374254e-09
7.744083094562404478e-04 2.249846464930073782e-09
7.833755350540749394e-04 2.195476307254370261e-09
7.924465962305569326e-04 2.117509995131906501e-09
8.016226953450207018e-04 2.081155248328315972e-09
8.109050486794647586e-04 2.117355277533179373e-09
8.202948865997693531e-04 2.196319497207627228e-09
8.297934537187795631e-04 2.232599703649224144e-09
8.394020090612803152e-04 2.202403582823720389e-09
8.491218262308720130e-04 2.113639588600063594e-09
8.589541935787945847e-04 2.101079660330946363e-09
8.689004143746880239e-04 2.152116584220736922e-09
8.789618069793463453e-04 2.222102461317717955e-09
8.891397050194613759e-04 2.229179933940189904e-09
8.994354575643935708e-04 2.168630275062061160e-09
9.098504293049911040e-04 2.091567422061818949e-09
9.203860007344780506e-04 2.131087553131348844e-09
9.310435683314336689e-04 2.205430417922842892e-09
9.418245447449009487e-04 2.249003286077010707e-09
9.527303589816239890e-04 2.202998558165294106e-09
9.637624565954682008e-04 2.124279877388913316e-09
9.749222998790226836e-04 2.125124950772852760e-09
9.862113680574266256e-04 2.208608065025623833e-09
9.976311574844392432e-04 2.244068413625972102e-09
1.009183181840779715e-03 2.186110203390782565e-09
1.020868972334764650e-03 2.135306278178766372e-09
1.032690077905264224e-03 2.159848716820663722e-09
1.044648065427020156e-03 2.238406426584989335e-09
1.056744519918323541e-03 2.244258546040128226e-09
1.068981044751116105e-03 2.167332613163945210e-09
1.081359261863509879e-03 2.136664807966095290e-09
1.093880811974775810e-03 2.193336583086491551e-09
1.106547354802818028e-03 2.246493970426478471e-09
1.119360569284169734e-03 2.210311925094400937e-09
1.132322153796529608e-03 2.142153731939334832e-09
1.145433826383887056e-03 2.174068284971846734e-09
1.158697324984239588e-03 2.240726643485031758e-09
1.172114407659961052e-03 2.226031688653241908e-09
1.185686852830827474e-03 2.134962081035219431e-09
1.199416459509744732e-03 2.171715624866301427e-09
1.213305047541206891e-03 2.249865169378394033e-09
1.227354457842515364e-03 2.226611091460188561e-09
1.241566552647784894e-03 2.156987475672148804e-09
1.255943215754790803e-03 2.180102028251469323e-09
1.270486352774652947e-03 2.248578828782194989e-09
1.285197891384432054e-03 2.218241912256376670e-09
1.300079781582635843e-03 2.156001569684332744e-09
1.315133995947690435e-03 2.204633929359115762e-09
1.330362529899403951e-03 2.248503539359423777e-09
1.345767401963456761e-03 2.190875319957290622e-09
1.361350654038956127e-03 2.166069994701570839e-09
1.377114351669082772e-03 2.232493788757959917e-09
1.393060584314885974e-03 2.227718162400682770e-09
1.409191465632227396e-03 2.170247208011739676e-09
1.425509133751954758e-03 2.217016064118370232e-09
1.442015751563302745e-03 2.264660950505999416e-09
1.458713507000582730e-03 2.190304643764464811e-09
1.475604613333191895e-03 2.183481537258025544e-09
1.492691309458979909e-03 2.250842428718868379e-09
1.509975860201007635e-03 2.202989150168467116e-09
1.527460556607757513e-03 2.175843893442722364e-09
1.545147716256795815e-03 2.244967391060741375e-09
1.563039683561977646e-03 2.228148114169623557e-09
1.581138830084189480e-03 2.176376170050059714e-09
1.599447554845698184e-03 2.244010682528707798e-09
1.617968284648140355e-03 2.221261857272390390e-09
1.636703474394191234e-03 2.181314376451608852e-09
1.655655607412955021e-03 2.249578186904819605e-09
1.674827195789139285e-03 2.222897781999981978e-09
1.694220780696013449e-03 2.184961889742306163e-09
1.713838932732251975e-03 2.252258405596016785e-09
1.733684252262658121e-03 2.208079113833365947e-09
1.753759369762839405e-03 2.199675370356754985e-09
1.774066946167876177e-03 2.257278953290650582e-09
1.794609673225024300e-03 2.190930704532284929e-09
1.815390273850506567e-03 2.227593713854300529e-09
1.836411502490422785e-03 2.240886954171087565e-09
1.857676145485863319e-03 2.186844222869954058e-09
1.879187021442221741e-03 2.250796887181245293e-09
1.900946981602806129e-03 2.206763450685977782e-09
1.922958910226767659e-03 2.217785733269858045e-09
1.945225724971402434e-03 2.243556983740998192e-09
1.967750377278885965e-03 2.187223464036376203e-09
1.990535852767486274e-03 2.252003815504721844e-09
2.013585171627295303e-03 2.203589005230240606e-09
2.036901389020564709e-03 2.224795311249127515e-09
2.060487595486651478e-03 2.235414642590442469e-09
2.084346917351677202e-03 2.203363393782840596e-09
2.108482517142910590e-03 2.246722494910749612e-09
2.132897594007962527e-03 2.193105024759424605e-09
2.157595384138824915e-03 2.247215084229490302e-09
2.182579161200830058e-03 2.200300646647490891e-09
2.207852236766562250e-03 2.241546780720445058e-09
2.233417960754816977e-03 2.211587658301811571e-09
2.259279721874612491e-03 2.224332815900141808e-09
2.285440948074375211e-03 2.222923053799263872e-09
2.311905106996301092e-03 2.220164578148281386e-09
2.338675706435990129e-03 2.228038727742439667e-09
2.365756294807400822e-03 2.217181225955421284e-09
2.393150461613189652e-03 2.232349356085275202e-09
2.420861837920496723e-03 2.213785638197109479e-09
2.448894096842230052e-03 2.232501082082504685e-09
2.477250954023952137e-03 2.216390245681042811e-09
2.505936168136361879e-03 2.228792428875355709e-09
2.534953541373521912e-03 2.219776804589899667e-09
2.564306919956823531e-03 2.215369709533719243e-09
2.594000194644804132e-03 2.231886736746015180e-09
2.624037301248860997e-03 2.209584095931992541e-09
2.654422221154941613e-03 2.236472619034146610e-09
2.685158981851263043e-03 2.199724297883505018e-09
2.716251657462167429e-03 2.247646146710486133e-09
2.747704369288123637e-03 2.204018210074632881e-09
2.779521286352018561e-03 2.232799008855961565e-09
2.811706625951745052e-03 2.222007707834552615e-09
2.844264654219206146e-03 2.205503763393590854e-09
2.877199686685782878e-03 2.238526266438350382e-09
2.910516088854357610e-03 2.203773458492235277e-09
2.944218276777944496e-03 2.229262374765563929e-09
2.978310717645054565e-03 2.224931589263207831e-09
3.012797930371789810e-03 2.205964479313187597e-09
3.047684486200846234e-03 2.242916227375310735e-09
3.082975009307410696e-03 2.211038604458763460e-09
3.118674177412095096e-03 2.207641665530606494e-09
3.154786722400964270e-03 2.246076906087262253e-09
3.191317430952740879e-03 2.204978173636581572e-09
3.228271145173277051e-03 2.219297849432565386e-09
3.265652763237360864e-03 2.234725827729238703e-09
3.303467240037981714e-03 2.205155091807907153e-09
3.341719587843073637e-03 2.215465718589392319e-09
3.380414876959908325e-03 2.240716106229570492e-09
3.419558236407145221e-03 2.219961450663914082e-09
3.459154854594680920e-03 2.202632277391119183e-09
3.499209980011364681e-03 2.219952645876344161e-09
3.539728921920689761e-03 2.237165797939441338e-09
3.580717051064509146e-03 2.213728176428757022e-09
3.622179800374952623e-03 2.200789840367280928e-09
3.664122665694521334e-03 2.227347112991862557e-09
3.706551206504588372e-03 2.229971010736275588e-09
3.749471046662278956e-03 2.209967232339221108e-09
3.792887875145917534e-03 2.200647287152839751e-09
3.836807446809093001e-03 2.212772625348407657e-09
3.881235583143459542e-03 2.227438841370421673e-09
3.926178173050358551e-03 2.230911963369016210e-09
3.971641173621410364e-03 2.211608404986459265e-09
4.017630610928087966e-03 2.197361951484895648e-09
4.064152580820497296e-03 2.206220590369094400e-09
4.111213249735355506e-03 2.219710824348105819e-09
4.158818855513353625e-03 2.230485196876398852e-09
4.206975708225972610e-03 2.225702956237251170e-09
4.255690191011878530e-03 2.220984695522528591e-09
4.304968760923003589e-03 2.207033856099078071e-09
4.354817949780402306e-03 2.207910097669288043e-09
4.405244365040072822e-03 2.200124487492278715e-09
4.456254690668728577e-03 2.198683282208900039e-09
4.507855688029784036e-03 2.206965854787996217e-09
4.560054196779547535e-03 2.209510647751766888e-09
4.612857135773812921e-03 2.212538019450669937e-09
4.666271503984951476e-03 2.217081796258000877e-09
4.720304381429616877e-03 2.218505716719757362e-09
4.774962930107178559e-03 2.215351366871129268e-09
4.830254394949069947e-03 2.222045261917202593e-09
4.886186104779055052e-03 2.214306275019201787e-09
4.942765473284694427e-03 2.211989880577541446e-09
4.999999999999999237e-03 2.220322599736792414e-09
5.057897271299490252e-03 2.209810917778295658e-09
5.116464961403772820e-03 2.203892908849959486e-09
5.175710833396719723e-03 2.199441092677784340e-09
5.235642740254497010e-03 2.195152268862118969e-09
5.296268625886442309e-03 2.193850718032644932e-09
5.357596526188034176e-03 2.202338051202840826e-09
5.419634570106018380e-03 2.211709200455224953e-09
5.482390980715924449e-03 2.217464432293691186e-09
5.545874076312003707e-03 2.220061256665851788e-09
5.610092271509814314e-03 2.203453561401844091e-09
5.675054078361577332e-03 2.194678500579527340e-09
5.740768107484413990e-03 2.194595359668252040e-09
5.807243069201712196e-03 2.206383988010330542e-09
5.874487774697644861e-03 2.214076638953950906e-09
5.942511137185094161e-03 2.202009752749999430e-09
6.011322173087065013e-03 2.192948950040043025e-09
6.080930003231838424e-03 2.198589207976196701e-09
6.151343854061904620e-03 2.208776736835225435e-09
6.222573058856926617e-03 2.198536569988559639e-09
6.294627058970836582e-03 2.193422809901461248e-09
6.367515405083306983e-03 2.207727837619824266e-09
6.441247758465666780e-03 2.199858587764597765e-09
6.515833892261498582e-03 2.191848762734374444e-09
6.591283692782034728e-03 2.209195930451599304e-09
6.667607160816619444e-03 2.194179638369841682e-09
6.744814412958264824e-03 2.194385781965975596e-09
6.822915682944625908e-03 2.202674649353312718e-09
6.901921323014426068e-03 2.187932189353122786e-09
6.981841805279687466e-03 2.205745145364337844e-09
7.062687723113768301e-03 2.187810014699767229e-09
7.144469792555517389e-03 2.201729836586832883e-09
7.227198853729639716e-03 2.189165567016968453e-09
7.310885872283590450e-03 2.203830333694164059e-09
7.395541940841034688e-03 2.186039973547204930e-09
7.481178280472170448e-03 2.200955726398377052e-09
7.567806242181043287e-03 2.187053174194724774e-09
7.655437308410150896e-03 2.197960882957670636e-09
7.744083094562406212e-03 2.191393689781120065e-09
7.833755350540741805e-03 2.186619772497900216e-09
7.924465962305568892e-03 2.197978884589260354e-09
8.016226953450207235e-03 2.186452454749330680e-09
8.109050486794647586e-03 2.185466697137195816e-09
8.202948865997691796e-03 2.196429614555827663e-09
8.297934537187804521e-03 2.184048123376248948e-09
8.394020090612802285e-03 2.179934950177105019e-09
8.491218262308719913e-03 2.187421483623483550e-09
8.589541935787937607e-03 2.194369752574428911e-09
8.689004143746880890e-03 2.197201864957913213e-09
8.789618069793463453e-03 2.181244398393543248e-09
8.891397050194612892e-03 2.178402553387636960e-09
8.994354575643934840e-03 2.182599549293778993e-09
9.098504293049919714e-03 2.187065130824218060e-09
9.203860007344778771e-03 2.189087416370582956e-09
9.310435683314336255e-03 2.189306880000272473e-09
9.418245447448998428e-03 2.188045673850331418e-09
9.527303589816240106e-03 2.183504370866451824e-09
9.637624565954681574e-03 2.187144148695891900e-09
9.749222998790225969e-03 2.185858608044595851e-09
9.862113680574265823e-03 2.183975103286233301e-09
9.976311574844402841e-03 2.185137133320326966e-09
1.009183181840780756e-02 2.183983231178116388e-09
1.020868972334764563e-02 2.178371360942553340e-09
1.032690077905264354e-02 2.173526484673911750e-09
1.044648065427019115e-02 2.171668013316019667e-09
1.056744519918323584e-02 2.175599992392671591e-09
1.068981044751115932e-02 2.184059815927747274e-09
1.081359261863509835e-02 2.179451628275799894e-09
1.093880811974775637e-02 2.170918100405215102e-09
1.106547354802819329e-02 2.171434794269431783e-09
1.119360569284169951e-02 2.178853938806016022e-09
1.132322153796529694e-02 2.168719551571286850e-09
1.145433826383886189e-02 2.169958338715204739e-09
1.158697324984239718e-02 2.176373216211344748e-09
1.172114407659961138e-02 2.166685946254316540e-09
1.185686852830827517e-02 2.175783756876890992e-09
1.199416459509744862e-02 2.164913519789136450e-09
1.213305047541208236e-02 2.173627938509545848e-09
1.227354457842515234e-02 2.163245878348889388e-09
1.241566552647785024e-02 2.172212503386794506e-09
1.255943215754789545e-02 2.163525745182265362e-09
1.270486352774653077e-02 2.166894868580066860e-09
1.285197891384432141e-02 2.170433415304213385e-09
1.300079781582636103e-02 2.160938709240761550e-09
1.315133995947690565e-02 2.162798921798963319e-09
1.330362529899405122e-02 2.168551636021054239e-09
1.345767401963458149e-02 2.165783253632852080e-09
1.361350654038956040e-02 2.159697394753821510e-09
1.377114351669083032e-02 2.156445025333053519e-09
1.393060584314884456e-02 2.158506520177819462e-09
1.409191465632227136e-02 2.160597901717879925e-09
1.425509133751954628e-02 2.161773967170801777e-09
1.442015751563302701e-02 2.161488017661586069e-09
1.458713507000582686e-02 2.160234998905932909e-09
1.475604613333193239e-02 2.157953400313227889e-09
1.492691309458979952e-02 2.155758767594902585e-09
1.509975860201007852e-02 2.153000234731284817e-09
1.527460556607755822e-02 2.152576491618391589e-09
1.545147716256795901e-02 2.156924411655786904e-09
1.563039683561977602e-02 2.159003305956099842e-09
1.581138830084189567e-02 2.153082937518084318e-09
1.599447554845698227e-02 2.150748962396073981e-09
1.617968284648142047e-02 2.158635842041238127e-09
1.636703474394191060e-02 2.149967652212047889e-09
1.655655607412955324e-02 2.148435122429365613e-09
1.674827195789137593e-02 2.150900049053081377e-09
1.694220780696013146e-02 2.148838150355774957e-09
1.713838932732252018e-02 2.149493027270759178e-09
1.733684252262658251e-02 2.149403414780423308e-09
1.753759369762839665e-02 2.145489537073496431e-09
1.774066946167878259e-02 2.150111223623332519e-09
1.794609673225026208e-02 2.149005452537091982e-09
1.815390273850506567e-02 2.143106809543869979e-09
1.836411502490422828e-02 2.144848921649591121e-09
1.857676145485861671e-02 2.146908675864823508e-09
1.879187021442221134e-02 2.147228812101237807e-09
1.900946981602805869e-02 2.146520200840461627e-09
1.922958910226767182e-02 2.145816589057892824e-09
1.945225724971402087e-02 2.145279619116730981e-09
1.967750377278887700e-02 2.144106121201997692e-09
1.990535852767486361e-02 2.142665239270896846e-09
2.013585171627295042e-02 2.138495015252177416e-09
2.036901389020562628e-02 2.136801478861856842e-09
2.060487595486651738e-02 2.139517583989295271e-09
2.084346917351677028e-02 2.140779912998779877e-09
2.108482517142910850e-02 2.134671584258765894e-09
2.132897594007962527e-02 2.139280363906457668e-09
2.157595384138826650e-02 2.134364642527692778e-09
2.182579161200829884e-02 2.136424960794984386e-09
2.207852236766562337e-02 2.133078642621652979e-09
2.233417960754814982e-02 2.136711590358148533e-09
2.259279721874613012e-02 2.131371815133914929e-09
2.285440948074375644e-02 2.130194119154469433e-09
2.311905106996301265e-02 2.133750784062741584e-09
2.338675706435990390e-02 2.133311468515830443e-09
2.365756294807403598e-02 2.130714720715777491e-09
2.393150461613192254e-02 2.131457628676510595e-09
2.420861837920496376e-02 2.129970604794358706e-09
2.448894096842230139e-02 2.129405615039115716e-09
2.477250954023949708e-02 2.130078195981077228e-09
2.505936168136362052e-02 2.128026023696572752e-09
2.534953541373521912e-02 2.125170794501999985e-09
2.564306919956824138e-02 2.124656343407131522e-09
2.594000194644804219e-02 2.127003849147451188e-09
2.624037301248863946e-02 2.121756417435395682e-09
2.654422221154941960e-02 2.126250294100260288e-09
2.685158981851263130e-02 2.120578564461321218e-09
2.716251657462164654e-02 2.123638393568351266e-09
2.747704369288123810e-02 2.121925263468586592e-09
2.779521286352017867e-02 2.118182400023696408e-09
2.811706625951744878e-02 2.118921709587914259e-09
2.844264654219206406e-02 2.120426482387524409e-09
2.877199686685786087e-02 2.120583582910427495e-09
2.910516088854357350e-02 2.119025533565447067e-09
2.944218276777944149e-02 2.117948852763721845e-09
2.978310717645051356e-02 2.113818173303452030e-09
3.012797930371789723e-02 2.113635279153672036e-09
3.047684486200846407e-02 2.117039276795688071e-09
3.082975009307410696e-02 2.111122109860267001e-09
3.118674177412095183e-02 2.112285481238600065e-09
3.154786722400967913e-02 2.114279948706772438e-09
3.191317430952744089e-02 2.112512556697277512e-09
3.228271145173277484e-02 2.110221040266936001e-09
3.265652763237360950e-02 2.110859741191639253e-09
3.303467240037977898e-02 2.111769400532917575e-09
3.341719587843073463e-02 2.111595159515052933e-09
3.380414876959908499e-02 2.109350847038869826e-09
3.419558236407146262e-02 2.109897604668110225e-09
3.459154854594680834e-02 2.108142394466590245e-09
3.499209980011368931e-02 2.105155216863730649e-09
3.539728921920690108e-02 2.105227656811643596e-09
3.580717051064509493e-02 2.106699034464787794e-09
3.622179800374948633e-02 2.102520747382111630e-09
3.664122665694521247e-02 2.104776963743554700e-09
3.706551206504588025e-02 2.102973401036506603e-09
3.749471046662278262e-02 2.100959395163397996e-09
3.792887875145917187e-02 2.101844305967180827e-09
3.836807446809096384e-02 2.101397464097413169e-09
3.881235583143458762e-02 2.098426647493655077e-09
3.926178173050358378e-02 2.098195899132533198e-09
3.971641173621406201e-02 2.097207943503537509e-09
4.017630610928087792e-02 2.098765990730435538e-09
4.064152580820496602e-02 2.096562907329066045e-09
4.111213249735355679e-02 2.096633132113877542e-09
4.158818855513353452e-02 2.094645626001196098e-09
4.206975708225977467e-02 2.096258151218834696e-09
4.255690191011882867e-02 2.092766748601080626e-09
4.304968760923003068e-02 2.093471040619359642e-09
4.354817949780401959e-02 2.091925744212115637e-09
4.405244365040068139e-02 2.092147316698910474e-09
4.456254690668728924e-02 2.092233116583699985e-09
4.507855688029784730e-02 2.088833865502652703e-09
4.560054196779547708e-02 2.090383291143897674e-09
4.612857135773813788e-02 2.086881182404407678e-09
4.666271503984956853e-02 2.089016193115688764e-09
4.720304381429617224e-02 2.086656360939453658e-09
4.774962930107178732e-02 2.085530354029828773e-09
4.830254394949064223e-02 2.084655825072305541e-09
4.886186104779054878e-02 2.084757562251202677e-09
4.942765473284694427e-02 2.084992635224771965e-09
4.999999999999998890e-02 2.084997989253699119e-09
5.057897271299490599e-02 2.082181031920776845e-09
5.116464961403771605e-02 2.083526215353568772e-09
5.175710833396719723e-02 2.082663895352422785e-09
5.235642740254498051e-02 2.080984821173120728e-09
5.296268625886443177e-02 2.079548121391046703e-09
5.357596526188034003e-02 2.079097095548552651e-09
5.419634570106018207e-02 2.080044404042791003e-09
5.482390980715924622e-02 2.078553657082998226e-09
5.545874076312003881e-02 2.077215593629583730e-09
5.610092271509820733e-02 2.076969279936147253e-09
5.675054078361576465e-02 2.076373469912321219e-09
5.740768107484413990e-02 2.077881833777146093e-09
5.807243069201711849e-02 2.074087631851476100e-09
5.874487774697650933e-02 2.075462332925688635e-09
5.942511137185092773e-02 2.074618562124677317e-09
6.011322173087065707e-02 2.071606820712960560e-09
6.080930003231838771e-02 2.071880626132887415e-09
6.151343854061905314e-02 2.070574777976945774e-09
6.222573058856926964e-02 2.067904505781241455e-09
6.294627058970836408e-02 2.068921227570196888e-09
6.367515405083307156e-02 2.074142686437062845e-09
6.441247758465666606e-02 2.067487798394963538e-09
6.515833892261499449e-02 2.068544166107016452e-09
6.591283692782035075e-02 2.066754798147789169e-09
6.667607160816618750e-02 2.065836913648075840e-09
6.744814412958265171e-02 2.065796628659200737e-09
6.822915682944626081e-02 2.064053052762432792e-09
6.901921323014426068e-02 2.063331658329476596e-09
6.981841805279687119e-02 2.061161455833087833e-09
7.062687723113769689e-02 2.063103254261211663e-09
7.144469792555516174e-02 2.061771940044290107e-09
7.227198853729638328e-02 2.061058397140178357e-09
7.310885872283590103e-02 2.060329919972478577e-09
7.395541940841034168e-02 2.057738384000152581e-09
7.481178280472169928e-02 2.059314941214761960e-09
7.567806242181042420e-02 2.049125245795507194e-09
7.655437308410149855e-02 2.057260259380691848e-09
7.744083094562403957e-02 2.055745053223144963e-09
7.833755350540749784e-02 2.055279586413378772e-09
7.924465962305569933e-02 2.054867156507383432e-09
8.016226953450207582e-02 2.053129233403328342e-09
8.109050486794647239e-02 2.053291226645599756e-09
8.202948865997691796e-02 2.053002317643131898e-09
8.297934537187805215e-02 2.052250283497952244e-09
8.394020090612801244e-02 2.050147933319013073e-09
8.491218262308719567e-02 2.050800437796552445e-09
8.589541935787936566e-02 2.049973453284706469e-09
8.689004143746879849e-02 2.048031846195923107e-09
8.789618069793463107e-02 2.048364200685496404e-09
8.891397050194613239e-02 2.046169574209410183e-09
8.994354575643936922e-02 2.045758591198867501e-09
9.098504293049920755e-02 2.044363236007247283e-09
9.203860007344781546e-02 2.044990161478652219e-09
9.310435683314335908e-02 2.045542008147961644e-09
9.418245447449000163e-02 2.044035003478490067e-09
9.527303589816239759e-02 2.044010479383221384e-09
9.637624565954681921e-02 2.041559172251145519e-09
9.749222998790225969e-02 2.041313669373099115e-09
9.862113680574265129e-02 2.041387245835659369e-09
9.976311574844401453e-02 2.040446667726137338e-09
1.009183181840780652e-01 2.039878578057177397e-09
1.020868972334764702e-01 2.039440900946922883e-09
1.032690077905264320e-01 2.037466128751632175e-09
1.044648065427020295e-01 2.034654674673308782e-09
1.056744519918323688e-01 2.035439118446720621e-09
1.068981044751115966e-01 2.034678018377908040e-09
1.081359261863509696e-01 2.034868366796787748e-09
1.093880811974775741e-01 2.037103443910974402e-09
1.106547354802819016e-01 2.031877455093916177e-09
1.119360569284170021e-01 2.031890965375614195e-09
1.132322153796529451e-01 2.031591708622061835e-09
1.145433826383886050e-01 2.030077795002210107e-09
1.158697324984239718e-01 2.030146443419888005e-09
1.172114407659961000e-01 2.030498402718217934e-09
1.185686852830827587e-01 2.027373864147697862e-09
1.199416459509744792e-01 2.028288632140880872e-09
1.213305047541208270e-01 2.026305848081513518e-09
1.227354457842515373e-01 2.026864911116621782e-09
1.241566552647785232e-01 2.025866526620964515e-09
1.255943215754789510e-01 2.025511608942747273e-09
1.270486352774652938e-01 2.023892559294187418e-09
1.285197891384432245e-01 2.031930113555743300e-09
1.300079781582635929e-01 2.019370704603318883e-09
1.315133995947690426e-01 2.021353873662555086e-09
1.330362529899405399e-01 2.029943684591397902e-09
1.345767401963458010e-01 2.019263728067058183e-09
1.361350654038956109e-01 2.020975895338194653e-09
1.377114351669082859e-01 2.019277075260100717e-09
1.393060584314886052e-01 2.018859998991918498e-09
1.409191465632227414e-01 2.017364240798110195e-09
1.425509133751954594e-01 2.015643042412825233e-09
1.442015751563302528e-01 2.016091880428626706e-09
1.458713507000582721e-01 2.016427181567280288e-09
1.475604613333193205e-01 2.013756049802940209e-09
1.492691309458979987e-01 2.013828823401012624e-09
1.509975860201007714e-01 2.013885989152925781e-09
1.527460556607755926e-01 2.013163669116285435e-09
1.545147716256795867e-01 2.011669630420552012e-09
1.563039683561977533e-01 2.010281189734998977e-09
1.581138830084189428e-01 2.010474743914518106e-09
1.599447554845698227e-01 2.011416349197943906e-09
1.617968284648141908e-01 2.007988098960826671e-09
1.636703474394191060e-01 2.008262283237035332e-09
1.655655607412955255e-01 2.007204772971260271e-09
1.674827195789137801e-01 2.006543513623741058e-09
1.694220780696013284e-01 2.003939036906140892e-09
1.713838932732252018e-01 2.002397227830440392e-09
1.733684252262658043e-01 2.004590982600648633e-09
1.753759369762839249e-01 2.034052351209162224e-09
1.774066946167878189e-01 2.002429070609257269e-09
1.794609673225026625e-01 2.001620962947313692e-09
1.815390273850506775e-01 1.999771354051478557e-09
1.836411502490422898e-01 2.001614760918453154e-09
1.857676145485863684e-01 1.999638608910093740e-09
1.879187021442221273e-01 1.998729220776171303e-09
1.900946981602806007e-01 1.998237289261428260e-09
1.922958910226767459e-01 2.002907117681237025e-09
1.945225724971401948e-01 1.996430957923947928e-09
1.967750377278887908e-01 1.995391112772103354e-09
1.990535852767486291e-01 1.996402118759420352e-09
2.013585171627295112e-01 1.995575968086673223e-09
2.036901389020562836e-01 1.994142750444080959e-09
2.060487595486651669e-01 1.992966627288477215e-09
2.084346917351677098e-01 1.992116600894031793e-09
2.108482517142910850e-01 1.991525246303338717e-09
2.132897594007962250e-01 1.988033385957535481e-09
2.157595384138826788e-01 1.987551696909632915e-09
2.182579161200830231e-01 1.979419909232592686e-09
2.207852236766562337e-01 1.988283451862357804e-09
2.233417960754814635e-01 1.987801064975999964e-09
2.259279721874612734e-01 1.986321767213054031e-09
2.285440948074375644e-01 1.986090173526842374e-09
2.311905106996301196e-01 1.984868199473581676e-09
2.338675706435990320e-01 1.984616786685623862e-09
2.365756294807403459e-01 1.982622863123018589e-09
2.393150461613191837e-01 1.984796833736588399e-09
2.420861837920496584e-01 1.983098215179185846e-09
2.448894096842230417e-01 1.980826172521209876e-09
2.477250954023952345e-01 1.981402728868756649e-09
2.505936168136362330e-01 1.981021633103351984e-09
2.534953541373521912e-01 1.981060666293773909e-09
2.564306919956823583e-01 1.978517681828203481e-09
2.594000194644804358e-01 1.975729532292699332e-09
2.624037301248863807e-01 1.977453368574686689e-09
2.654422221154941752e-01 2.016924927580626100e-09
2.685158981851262783e-01 1.975032291884857190e-09
2.716251657462164792e-01 1.973510916069241147e-09
2.747704369288123671e-01 1.974265031856472918e-09
2.779521286352018006e-01 1.973812179102471422e-09
2.811706625951744809e-01 1.973538849825171486e-09
2.844264654219206268e-01 1.973039855588244445e-09
2.877199686685785740e-01 1.972615583633707563e-09
2.910516088854357419e-01 1.970681116182362213e-09
2.944218276777944010e-01 1.969160930277702790e-09
2.978310717645051287e-01 1.969112116178680311e-09
3.012797930371790001e-01 1.970082831966819889e-09
3.047684486200846199e-01 1.967109891708190385e-09
3.082975009307410419e-01 1.965786017725796923e-09
3.118674177412095183e-01 1.966867867708271789e-09
3.154786722400967358e-01 1.971888489773519185e-09
3.191317430952744227e-01 1.965903975644260404e-09
3.228271145173277623e-01 1.963911870923979305e-09
3.265652763237361089e-01 1.963529675775452502e-09
3.303467240037981645e-01 1.962807847020066028e-09
3.341719587843073880e-01 1.962822135665354047e-09
3.380414876959909054e-01 1.960689083127223116e-09
3.419558236407145846e-01 1.977879409200947516e-09
3.459154854594680417e-01 1.960257308472529337e-09
3.499209980011368515e-01 1.959137982811478145e-09
3.539728921920690108e-01 1.958183443834701347e-09
3.580717051064509771e-01 1.957402343607761026e-09
3.622179800374948910e-01 1.955023574964862649e-09
3.664122665694521941e-01 1.956555356087840321e-09
3.706551206504588025e-01 1.955220866012782801e-09
3.749471046662278817e-01 1.954294939556599307e-09
3.792887875145917742e-01 1.952641761234714275e-09
3.836807446809096245e-01 1.955090684012237749e-09
3.881235583143459178e-01 1.952993129804018144e-09
3.926178173050358100e-01 1.951220035792896106e-09
3.971641173621405785e-01 1.955885393972752744e-09
4.017630610928087931e-01 1.950748723099134524e-09
4.064152580820497018e-01 1.949370154576989583e-09
4.111213249735355957e-01 1.947916906011766583e-09
4.158818855513353729e-01 1.947812588358144791e-09
4.206975708225976773e-01 1.948519384090248005e-09
4.255690191011883838e-01 1.946432261671399497e-09
4.304968760923003068e-01 1.946730056405664302e-09
4.354817949780401820e-01 1.944302443569168237e-09
4.405244365040072441e-01 1.944914994116621230e-09
4.456254690668728924e-01 1.944771896617266683e-09
4.507855688029783758e-01 1.942123026534893641e-09
4.560054196779547708e-01 1.942710062615119164e-09
4.612857135773819062e-01 1.940425951246053749e-09
4.666271503984956714e-01 1.941209461707679461e-09
4.720304381429616947e-01 1.940035442946930821e-09
4.774962930107178871e-01 1.940504557941584326e-09
4.830254394949065055e-01 1.939838889942386055e-09
4.886186104779055572e-01 1.933987343482760008e-09
4.942765473284694844e-01 1.936669668077024352e-09
5.000000000000000000e-01 1.937077175233235179e-09
5.235642740254496941e-01 1.943356595412158485e-09
5.482390980715925455e-01 1.936226428963782639e-09
5.740768107484413019e-01 1.926112600084662020e-09
6.011322173087064735e-01 1.925501041554882520e-09
6.294627058970835298e-01 1.921316031968694030e-09
6.591283692782035075e-01 1.919818600525380936e-09
6.901921323014423848e-01 1.921121680994038367e-09
7.227198853729638328e-01 1.913197253967400502e-09
7.567806242181041032e-01 1.918566918512636877e-09
7.924465962305566880e-01 1.906451386699014539e-09
8.297934537187803272e-01 1.897969075407337986e-09
8.689004143746876796e-01 1.901571554104042711e-09
9.098504293049917147e-01 1.898183301703203730e-09
9.527303589816236151e-01 1.897204852591127055e-09
9.976311574844398677e-01 1.893644154030200307e-09
1.044648065427019601e+00 1.891285599826475947e-09
1.093880811974776268e+00 1.884180829847178565e-09
1.145433826383886355e+00 1.883090743091878651e-09
1.199416459509745181e+00 1.880411173230509384e-09
1.255943215754790065e+00 1.879213089656740394e-09
1.315133995947690870e+00 1.876283660105227120e-09
1.377114351669083137e+00 1.869416365601897747e-09
1.442015751563303194e+00 1.868886430675810453e-09
1.509975860201008047e+00 1.861865243041994128e-09
1.581138830084189539e+00 1.863101746501003310e-09
1.655655607412955588e+00 1.861092736568659435e-09
1.733684252262658321e+00 1.857283949219830790e-09
1.815390273850506775e+00 1.854240058220844370e-09
1.900946981602805508e+00 1.849490417073252392e-09
1.990535852767486125e+00 1.839539862462477842e-09
2.084346917351676876e+00 1.845450746753098240e-09
2.182579161200830065e+00 1.844200544338335900e-09
2.285440948074374923e+00 1.840031972465548498e-09
2.393150461613192004e+00 1.837158334437240304e-09
2.505936168136361886e+00 1.833864827281066345e-09
2.624037301248862697e+00 1.833198139947091485e-09
2.747704369288122450e+00 1.828521285734615013e-09
2.877199686685784741e+00 1.825165082833657961e-09
3.012797930371788890e+00 1.822402339565076618e-09
3.154786722400966248e+00 1.822740929441081982e-09
3.303467240037980091e+00 1.813123997014096441e-09
3.459154854594681971e+00 1.814658145912631188e-09
3.622179800374950354e+00 1.811314523932354074e-09
3.792887875145919629e+00 1.810196288589395905e-09
3.971641173621408338e+00 1.805379853089317526e-09
4.158818855513356283e+00 1.805050773361115661e-09
4.354817949780404263e+00 1.799419421807991079e-09
4.560054196779547375e+00 1.796901357356853673e-09
4.774962930107178316e+00 1.793525902325435118e-09
5.000000000000000000e+00 1.791792499913320409e-09
6.294627058970836408e+00 1.776793521891493629e-09
7.924465962305569100e+00 1.763008595087011482e-09
9.976311574844396901e+00 1.748353122066863487e-09
1.255943215754790110e+01 1.735048373935726903e-09
1.581138830084189451e+01 1.717542755268082635e-09
1.990535852767486347e+01 1.679936238227987317e-09
2.505936168136361886e+01 1.696051943925185945e-09
3.154786722400966426e+01 1.686595754751596378e-09
3.971641173621406296e+01 1.649102901105393213e-09
4.999999999999999289e+01 1.651400047107850587e-09
