1.900946981602806183e-05 1.204043389642881830e-13
1.945225724971401946e-05 1.978914066155190229e-13
1.990535852767484390e-05 7.466887290285532482e-13
2.036901389020564723e-05 1.761164140958795051e-12
2.084346917351677256e-05 3.243863898876475574e-12
2.132897594007962175e-05 5.203736091696470578e-12
2.182579161200832714e-05 7.659381274831633155e-12
2.233417960754817749e-05 1.063040283971763895e-11
2.285440948074375482e-05 1.414496255638401134e-11
2.338675706435990129e-05 1.823488272246242789e-11
2.393150461613189502e-05 2.293836858750928733e-11
2.448894096842227708e-05 2.830782810099361221e-11
2.505936168136361892e-05 3.436093050550375825e-11
2.564306919956823707e-05 4.118362323774813966e-11
2.624037301248860956e-05 4.878735413149060563e-11
2.685158981851265889e-05 5.726868546137008402e-11
2.747704369288123718e-05 6.668391736327092118e-11
2.811706625951745011e-05 7.709034235157826163e-11
2.877199686685782864e-05 8.857490419449756039e-11
2.944218276777941663e-05 1.011851912908833982e-10
3.012797930371790298e-05 1.150188305131338583e-10
3.082975009307410534e-05 1.301900377454907178e-10
3.154786722400964650e-05 1.467499251980070175e-10
3.228271145173280656e-05 1.648057697233929988e-10
3.303467240037981687e-05 1.844178344229918326e-10
3.380414876959908759e-05 2.057236527838540841e-10
3.459154854594680595e-05 2.288702160612600679e-10
3.539728921920685885e-05 2.538011000563616380e-10
3.622179800374952406e-05 2.807642415488304919e-10
3.706551206504588155e-05 3.098405874192311054e-10
3.792887875145917236e-05 3.410438225102548284e-10
3.881235583143463039e-05 3.745939157630654948e-10
3.971641173621411042e-05 4.104101201267190544e-10
4.064152580820495913e-05 4.487630046429311576e-10
4.158818855513353842e-05 4.897183369988506902e-10
4.255690191011878395e-05 5.331080850265178410e-10
4.354817949780398050e-05 5.793125456593027592e-10
4.456254690668729390e-05 6.282049857597073233e-10
4.560054196779547508e-05 6.799039850090245072e-10
4.666271503984952289e-05 7.343553581027247234e-10
4.774962930107183736e-05 7.913728563389258538e-10
4.886186104779054808e-05 8.511794444663331163e-10
4.999999999999998884e-05 9.134831346851611412e-10
5.057897271299490442e-05 9.460304520044234691e-10
5.116464961403767209e-05 9.784435722963011138e-10
5.175710833396714221e-05 1.011908955972290500e-09
5.235642740254490640e-05 1.045882882941352845e-09
5.296268625886448543e-05 1.080165562687039842e-09
5.357596526188034176e-05 1.115219409667305124e-09
5.419634570106017946e-05 1.150581715306656595e-09
5.482390980715924394e-05 1.186691389692105956e-09
5.545874076312003680e-05 1.222711751303571659e-09
5.610092271509813691e-05 1.259533078174378228e-09
5.675054078361569987e-05 1.296466865878761077e-09
5.740768107484407919e-05 1.333794717214186534e-09
5.807243069201718186e-05 1.371323893898064995e-09
5.874487774697651393e-05 1.408840180205578207e-09
5.942511137185093809e-05 1.446587046438224137e-09
6.011322173087064877e-05 1.484451992045243512e-09
6.080930003231839372e-05 1.522182417078028158e-09
6.151343854061905325e-05 1.559804483532728576e-09
6.222573058856921034e-05 1.597421912518197188e-09
6.294627058970830402e-05 1.635162844985679978e-09
6.367515405083314138e-05 1.672009811323781885e-09
6.441247758465673719e-05 1.708352137983722461e-09
6.515833892261499124e-05 1.744400282541164293e-09
6.591283692782035650e-05 1.779589907970906173e-09
6.667607160816619769e-05 1.814524558658651469e-09
6.744814412958265366e-05 1.848528679990339294e-09
6.822915682944618535e-05 1.881554333483707997e-09
6.901921323014417829e-05 1.913764387893494542e-09
6.981841805279679497e-05 1.944494532029259217e-09
7.062687723113775782e-05 1.974333175033109066e-09
7.144469792555517389e-05 2.003038585049496778e-09
7.227198853729638578e-05 2.029539490879184637e-09
7.310885872283590017e-05 2.055054729793030343e-09
7.395541940841035122e-05 2.078593255958678423e-09
7.481178280472162371e-05 2.100735570322246240e-09
7.567806242181034505e-05 2.121118586882110947e-09
7.655437308410142656e-05 2.138353517684575187e-09
7.744083094562413422e-05 2.154714179613950574e-09
7.833755350540748852e-05 2.168279220867528127e-09
7.924465962305569597e-05 2.179897051768545010e-09
8.016226953450208102e-05 2.188598279022077157e-09
8.109050486794647857e-05 2.195450795145863197e-09
8.202948865997692718e-05 2.199118989994205600e-09
8.297934537187795360e-05 2.200323156524822053e-09
8.394020090612791497e-05 2.199320235074225939e-09
8.491218262308728262e-05 2.195976031422756853e-09
8.589541935787945305e-05 2.188744817653920980e-09
8.689004143746880239e-05 2.178279623358591941e-09
8.789618069793464267e-05 2.165644413182677060e-09
8.891397050194613488e-05 2.150685218925873250e-09
8.994354575643936521e-05 2.131977558160551944e-09
9.098504293049911853e-05 2.111183620184268687e-09
9.203860007344770748e-05 2.087172421641392653e-09
9.310435683314326931e-05 2.060642701368431008e-09
9.418245447449010571e-05 2.031979519501929510e-09
9.527303589816237992e-05 1.999754962544590387e-09
9.637624565954680924e-05 1.966580315195686017e-09
9.749222998790225210e-05 1.930868266777477544e-09
9.862113680574265443e-05 1.892696555046534231e-09
9.976311574844392432e-05 1.853127091167538813e-09
1.009183181840780691e-04 1.812058024775966648e-09
1.020868972334764650e-04 1.769734819616383012e-09
1.032690077905264333e-04 1.726005910125245999e-09
1.044648065427019099e-04 1.682498789574863822e-09
1.056744519918323676e-04 1.637559170324939192e-09
1.068981044751116051e-04 1.593082780042056572e-09
1.081359261863509824e-04 1.548689331511023303e-09
1.093880811974775783e-04 1.505065244516976844e-09
1.106547354802819166e-04 1.462202751681791800e-09
1.119360569284169843e-04 1.421194740903764666e-09
1.132322153796529580e-04 1.381807867222887123e-09
1.145433826383886026e-04 1.344663060437483595e-09
1.158697324984239751e-04 1.310146171472114485e-09
1.172114407659961431e-04 1.278509034339982359e-09
1.185686852830827691e-04 1.250393978625274013e-09
1.199416459509744948e-04 1.225841613083216383e-09
1.213305047541207216e-04 1.205524444307953031e-09
1.227354457842515364e-04 1.189776855758924926e-09
1.241566552647784948e-04 1.178758382405291700e-09
1.255943215754789502e-04 1.172492082085171687e-09
1.270486352774653110e-04 1.171644982280662426e-09
1.285197891384432108e-04 1.176071335759973744e-09
1.300079781582635788e-04 1.185816548981633010e-09
1.315133995947690435e-04 1.201015182869478677e-09
1.330362529899403897e-04 1.221999438697371177e-09
1.345767401963458333e-04 1.248292531099146574e-09
1.361350654038956344e-04 1.279867479830903179e-09
1.377114351669082826e-04 1.316749128214067922e-09
1.393060584314884456e-04 1.358123143622040670e-09
1.409191465632227234e-04 1.403636438158058393e-09
1.425509133751954596e-04 1.453230983162618343e-09
1.442015751563302474e-04 1.506355295874078844e-09
1.458713507000582675e-04 1.562192305770761715e-09
1.475604613333193142e-04 1.619688496672029631e-09
1.492691309458979746e-04 1.678834853877872939e-09
1.509975860201007907e-04 1.738571823976844881e-09
1.527460556607755941e-04 1.797656291693845855e-09
1.545147716256795760e-04 1.855865477222316387e-09
1.563039683561977700e-04 1.912009488913681383e-09
1.581138830084189426e-04 1.965093915661007938e-09
1.599447554845698401e-04 2.014199342856295486e-09
1.617968284648140247e-04 2.058954341310534615e-09
1.636703474394191234e-04 2.098203647317248110e-09
1.655655607412955237e-04 2.130843184515615521e-09
1.674827195789137550e-04 2.156840261735030452e-09
1.694220780696013395e-04 2.175443578385151859e-09
1.713838932732251867e-04 2.186314790155922416e-09
1.733684252262658175e-04 2.189113261712946030e-09
1.753759369762839622e-04 2.183794665962176449e-09
1.774066946167876340e-04 2.170879909986521574e-09
1.794609673225026631e-04 2.149826440594897617e-09
1.815390273850506729e-04 2.121091973185552000e-09
1.836411502490422785e-04 2.085827992348019546e-09
1.857676145485863482e-04 2.044607717195742551e-09
1.879187021442221307e-04 1.998692008345153956e-09
1.900946981602805912e-04 1.949117508988664022e-09
1.922958910226767171e-04 1.897524666130737159e-09
1.945225724971401946e-04 1.844286741174481701e-09
1.967750377278885748e-04 1.791378339877955621e-09
1.990535852767486220e-04 1.741280361108927800e-09
2.013585171627295032e-04 1.694905181168125153e-09
2.036901389020562487e-04 1.652937987682227332e-09
2.060487595486651640e-04 1.618006283775833671e-09
2.084346917351677256e-04 1.590860040504269771e-09
2.108482517142910915e-04 1.573011859671060610e-09
2.132897594007962310e-04 1.564722015747216371e-09
2.157595384138824807e-04 1.566713800068797679e-09
2.182579161200830003e-04 1.579336198080295029e-09
2.207852236766562250e-04 1.602684730923614228e-09
2.233417960754814700e-04 1.635721274222221102e-09
2.259279721874612654e-04 1.678265651797455918e-09
2.285440948074375482e-04 1.728254062752750367e-09
2.311905106996301417e-04 1.784606775512440570e-09
2.338675706435990400e-04 1.845822476882020670e-09
2.365756294807401202e-04 1.909048144617243314e-09
2.393150461613192416e-04 1.971525494625402580e-09
2.420861837920496398e-04 2.032094864736795906e-09
2.448894096842230486e-04 2.087546419990300965e-09
2.477250954023952571e-04 2.135988465607892416e-09
2.505936168136362096e-04 2.175061136505443821e-09
2.534953541373521587e-04 2.203211793767241688e-09
2.564306919956823639e-04 2.219208053061653145e-09
2.594000194644803916e-04 2.222435119069933634e-09
2.624037301248860888e-04 2.212101207870237041e-09
2.654422221154941939e-04 2.188763689263038215e-09
2.685158981851263043e-04 2.154229793050413394e-09
2.716251657462165044e-04 2.110559367893034169e-09
2.747704369288123854e-04 2.058628582498472814e-09
2.779521286352018127e-04 2.003017722624400638e-09
2.811706625951744943e-04 1.945955831571832178e-09
2.844264654219205712e-04 1.891097183461393588e-09
2.877199686685782661e-04 1.841794875329052664e-09
2.910516088854357393e-04 1.801476085462154391e-09
2.944218276777944170e-04 1.772592084880104781e-09
2.978310717645051204e-04 1.757968030843966995e-09
3.012797930371790027e-04 1.757322947299231101e-09
3.047684486200846234e-04 1.774187071213892334e-09
3.082975009307409721e-04 1.804739265543240991e-09
3.118674177412095313e-04 1.848841507204013210e-09
3.154786722400964379e-04 1.903864691758025242e-09
3.191317430952743915e-04 1.965859068269030958e-09
3.228271145173277267e-04 2.030273845724240390e-09
3.265652763237360972e-04 2.093030792903512892e-09
3.303467240037981823e-04 2.149990078187853123e-09
3.341719587843073962e-04 2.195156366549439916e-09
3.380414876959908759e-04 2.226781816973140458e-09
3.419558236407145655e-04 2.241509347018204812e-09
3.459154854594681137e-04 2.238179279998750871e-09
3.499209980011365223e-04 2.216738141606862369e-09
3.539728921920690086e-04 2.180312694651480686e-09
3.580717051064509905e-04 2.130921011624172514e-09
3.622179800374948611e-04 2.073623829906775526e-09
3.664122665694521551e-04 2.014415979324038797e-09
3.706551206504588155e-04 1.958955943911451878e-09
3.749471046662278739e-04 1.913269329187700020e-09
3.792887875145917100e-04 1.882187253460618498e-09
3.836807446809091808e-04 1.869209850617211106e-09
3.881235583143459109e-04 1.876772919079912636e-09
3.926178173050358226e-04 1.904483356955287234e-09
3.971641173621406028e-04 1.949784523465593671e-09
4.017630610928087857e-04 2.007639958455498426e-09
4.064152580820496862e-04 2.072172341471011237e-09
4.111213249735355181e-04 2.136055792942637360e-09
4.158818855513353300e-04 2.191528625754659368e-09
4.206975708225972935e-04 2.231914943818372912e-09
4.255690191011882325e-04 2.252404131534677900e-09
4.304968760923003155e-04 2.249924086924610562e-09
4.354817949780401981e-04 2.224896491790131257e-09
4.405244365040072822e-04 2.181369591075455068e-09
4.456254690668728577e-04 2.125163014122128539e-09
4.507855688029784470e-04 2.064442950452089015e-09
4.560054196779547643e-04 2.008571193715349085e-09
4.612857135773814005e-04 1.966229434209562138e-09
4.666271503984952018e-04 1.944458888495893591e-09
4.720304381429617636e-04 1.947654963559206139e-09
4.774962930107178993e-04 1.975276022714730959e-09
4.830254394949064960e-04 2.023863518251609064e-09
4.886186104779055486e-04 2.086002374406077253e-09
4.942765473284694211e-04 2.151183008502221974e-09
4.999999999999999020e-04 2.208231041314520289e-09
5.057897271299491120e-04 2.246054457792399835e-09
5.116464961403766531e-04 2.260367573462920345e-09
5.175710833396719507e-04 2.247339530709763970e-09
5.235642740254497010e-04 2.208391663598200937e-09
5.296268625886442309e-04 2.152514237700348470e-09
5.357596526188034176e-04 2.090665662734315702e-09
5.419634570106019031e-04 2.042499355208887558e-09
5.482390980715924666e-04 2.001929410358907455e-09
5.545874076312004358e-04 1.996573353073813595e-09
5.610092271509814097e-04 2.018967626635894186e-09
5.675054078361570394e-04 2.065683699710327745e-09
5.740768107484413340e-04 2.124256797594838032e-09
5.807243069201711546e-04 2.189433615763464990e-09
5.874487774697650716e-04 2.239928079231346000e-09
5.942511137185093944e-04 2.261238687259829490e-09
6.011322173087063929e-04 2.253128390262297440e-09
6.080930003231838424e-04 2.215315256910339932e-09
6.151343854061903970e-04 2.158526742833113807e-09
6.222573058856919678e-04 2.098491968456992739e-09
6.294627058970835281e-04 2.049374888393179320e-09
6.367515405083308717e-04 2.030652294913432861e-09
6.441247758465672634e-04 2.047219803881288006e-09
6.515833892261498582e-04 2.094008000511099673e-09
6.591283692782036463e-04 2.155923376659466973e-09
6.667607160816619227e-04 2.215983847948745130e-09
6.744814412958264824e-04 2.258309562557915770e-09
6.822915682944617451e-04 2.264888675984535609e-09
6.901921323014423250e-04 2.238849209654369172e-09
6.981841805279687899e-04 2.177500969864241005e-09
7.062687723113775240e-04 2.117720346406330901e-09
7.144469792555517389e-04 2.070754845596673999e-09
7.227198853729638849e-04 2.058691062267505358e-09
7.310885872283591101e-04 2.084878275466071824e-09
7.395541940841034037e-04 2.142288277345100795e-09
7.481178280472162642e-04 2.204849696920872074e-09
7.567806242181033963e-04 2.252715023509084824e-09
7.655437308410150245e-04 2.265385284352216414e-09
7.744083094562404478e-04 2.237374730230061962e-09
7.833755350540750478e-04 2.180477428561947983e-09
7.924465962305570410e-04 2.119590813628940410e-09
8.016226953450208102e-04 2.084801805026247013e-09
8.109050486794646502e-04 2.090069664779582069e-09
8.202948865997692447e-04 2.133971509710993154e-09
8.297934537187796715e-04 2.197567464377942467e-09
8.394020090612802068e-04 2.248883952267271258e-09
8.491218262308720130e-04 2.266836213302293057e-09
8.589541935787946931e-04 2.237856664761424460e-09
8.689004143746880239e-04 2.177442569196286038e-09
8.789618069793463453e-04 2.120798104470470914e-09
8.891397050194612675e-04 2.096944020476852374e-09
8.994354575643935708e-04 2.120257966390163676e-09
9.098504293049911040e-04 2.180144330249621949e-09
9.203860007344779421e-04 2.241266542987268017e-09
9.310435683314336689e-04 2.266931045411255744e-09
9.418245447449009487e-04 2.243704194506749502e-09
9.527303589816240974e-04 2.185276730647566033e-09
9.637624565954682008e-04 2.130322578250398912e-09
9.749222998790226836e-04 2.115476398175066594e-09
9.862113680574266256e-04 2.145529292790532337e-09
9.976311574844392432e-04 2.206687885916893256e-09
1.009183181840779715e-03 2.259584875231201190e-09
1.020868972334764650e-03 2.259898224742148235e-09
1.032690077905264224e-03 2.213461370417370551e-09
1.044648065427020156e-03 2.151501707251477174e-09
1.056744519918323541e-03 2.119947030358168491e-09
1.068981044751116105e-03 2.148785446441222689e-09
1.081359261863509879e-03 2.212202633848960108e-09
1.093880811974775810e-03 2.259010154898312212e-09
1.106547354802818028e-03 2.255519691009297812e-09
1.119360569284169734e-03 2.204959893590818677e-09
1.132322153796529608e-03 2.143754409684171446e-09
1.145433826383887056e-03 2.136473496218347834e-09
1.158697324984239588e-03 2.180971385648172146e-09
1.172114407659961052e-03 2.241040481148400089e-09
1.185686852830827474e-03 2.262076928482652023e-09
1.199416459509744732e-03 2.220639266485638124e-09
1.213305047541206891e-03 2.161129150038733662e-09
1.227354457842515364e-03 2.140056294025808184e-09
1.241566552647784894e-03 2.180900497597310747e-09
1.255943215754790803e-03 2.244274655253936901e-09
1.270486352774653164e-03 2.259906991397946337e-09
1.285197891384432054e-03 2.213593493172681887e-09
1.300079781582635843e-03 2.155725064028093177e-09
1.315133995947690435e-03 2.152048230739136751e-09
1.330362529899403951e-03 2.205507772061312538e-09
1.345767401963456761e-03 2.262496475073521164e-09
1.361350654038956127e-03 2.245193018744248416e-09
1.377114351669082772e-03 2.183237740218250637e-09
1.393060584314885974e-03 2.150239426442045090e-09
1.409191465632227396e-03 2.184004428619763526e-09
1.425509133751954758e-03 2.246395892594485193e-09
1.442015751563302745e-03 2.249886895392256383e-09
1.458713507000582730e-03 2.195071656088492738e-09
1.475604613333191895e-03 2.155330675052684424e-09
1.492691309458979692e-03 2.188309163427357775e-09
1.509975860201007635e-03 2.246234856521631228e-09
1.527460556607757513e-03 2.247118756035233005e-09
1.545147716256795815e-03 2.188457143851357262e-09
1.563039683561977646e-03 2.161203986366072456e-09
1.581138830084189480e-03 2.205328746472982403e-09
1.599447554845698401e-03 2.254136847069721017e-09
1.617968284648140355e-03 2.226255232678217441e-09
1.636703474394191234e-03 2.169324422871622382e-09
1.655655607412955237e-03 2.179162976821207140e-09
1.674827195789139285e-03 2.238397185437771914e-09
1.694220780696013449e-03 2.244834708999760055e-09
1.713838932732251975e-03 2.188129256816638822e-09
1.733684252262658121e-03 2.170596428672408980e-09
1.753759369762839405e-03 2.221850778206384051e-09
1.774066946167876177e-03 2.250567027265156246e-09
1.794609673225024517e-03 2.197994370480734628e-09
1.815390273850506567e-03 2.169277904903468698e-09
1.836411502490422785e-03 2.221250627435042447e-09
1.857676145485863753e-03 2.249172391662147162e-09
1.879187021442221741e-03 2.196717296160901549e-09
1.900946981602806129e-03 2.174604841252786513e-09
1.922958910226767442e-03 2.227566487681063951e-09
1.945225724971402217e-03 2.243826034426623538e-09
1.967750377278885965e-03 2.186095224167034765e-09
1.990535852767486274e-03 2.184837374378529761e-09
2.013585171627295303e-03 2.242220454131724846e-09
2.036901389020564709e-03 2.226421644443286393e-09
2.060487595486651478e-03 2.173161118355424730e-09
2.084346917351677202e-03 2.209382973284646811e-09
2.108482517142910590e-03 2.247308304166926517e-09
2.132897594007962527e-03 2.193395379390281438e-09
2.157595384138824915e-03 2.185332635908951751e-09
2.182579161200830058e-03 2.240076023200630247e-09
2.207852236766562250e-03 2.216425969075412257e-09
2.233417960754816977e-03 2.176926107964183701e-09
2.259279721874612491e-03 2.226783166807098856e-09
2.285440948074375211e-03 2.230432037715543155e-09
2.311905106996301092e-03 2.178640806004365599e-09
2.338675706435990129e-03 2.217303187248227901e-09
2.365756294807400822e-03 2.234654733006396322e-09
2.393150461613189652e-03 2.176470131829710686e-09
2.420861837920496723e-03 2.210982776788290664e-09
2.448894096842230052e-03 2.235646968683212190e-09
2.477250954023951703e-03 2.182153817651611509e-09
2.505936168136361879e-03 2.212919442874382145e-09
2.534953541373521912e-03 2.230909362391746155e-09
2.564306919956823964e-03 2.180397781980145972e-09
2.594000194644804566e-03 2.221174590524204690e-09
2.624037301248860997e-03 2.220264160037706475e-09
2.654422221154941613e-03 2.182272453042271557e-09
2.685158981851263043e-03 2.229300014426393578e-09
2.716251657462167429e-03 2.205534488830513312e-09
2.747704369288123637e-03 2.193435623708969254e-09
2.779521286352018561e-03 2.235412493600492177e-09
2.811706625951745052e-03 2.183736192888224291e-09
2.844264654219206146e-03 2.218290475966176677e-09
2.877199686685782878e-03 2.215017716254751433e-09
2.910516088854357610e-03 2.185787448438398158e-09
2.944218276777944496e-03 2.230662117119295294e-09
2.978310717645054565e-03 2.187020207231199084e-09
3.012797930371789810e-03 2.217750755061045796e-09
3.047684486200846234e-03 2.209200693783211194e-09
3.082975009307410696e-03 2.192653992692296769e-09
3.118674177412095096e-03 2.228022298865050539e-09
3.154786722400964270e-03 2.182821822949008441e-09
3.191317430952740879e-03 2.225731301348313835e-09
3.228271145173277484e-03 2.187724730844581337e-09
3.265652763237360864e-03 2.215681208668920560e-09
3.303467240037981281e-03 2.200799787413214096e-09
3.341719587843073637e-03 2.204908431560524435e-09
3.380414876959909193e-03 2.211103711378972253e-09
3.419558236407145655e-03 2.194286982509905517e-09
3.459154854594680920e-03 2.216952998906700088e-09
3.499209980011365115e-03 2.188311178564662706e-09
3.539728921920690195e-03 2.220012234870860354e-09
3.580717051064509580e-03 2.186301105022304976e-09
3.622179800374952623e-03 2.220170517883359415e-09
3.664122665694521767e-03 2.183687739838570531e-09
3.706551206504587938e-03 2.217810149366164441e-09
3.749471046662278956e-03 2.187894272523265424e-09
3.792887875145917534e-03 2.207877462165810190e-09
3.836807446809093001e-03 2.196408948214598419e-09
3.881235583143459542e-03 2.211027592753325451e-09
3.926178173050358551e-03 2.200360934512750261e-09
3.971641173621410364e-03 2.199718639829572742e-09
4.017630610928087966e-03 2.204382529206033679e-09
4.064152580820497296e-03 2.188535638800519030e-09
4.111213249735355506e-03 2.219039196668670263e-09
4.158818855513353625e-03 2.182293311398233412e-09
4.206975708225972610e-03 2.218231503012644899e-09
4.255690191011878530e-03 2.198639093336469447e-09
4.304968760923003589e-03 2.198164354281212979e-09
4.354817949780402306e-03 2.198791538262308030e-09
4.405244365040072822e-03 2.172688805986308472e-09
4.456254690668728577e-03 2.214091940530795710e-09
4.507855688029784036e-03 2.192652478594049547e-09
4.560054196779547535e-03 2.190019591988204171e-09
4.612857135773812921e-03 2.207105559601289756e-09
4.666271503984951476e-03 2.179260598345427394e-09
4.720304381429616877e-03 2.206592769956181825e-09
4.774962930107178559e-03 2.203695057618523511e-09
4.830254394949069947e-03 2.180201761714337983e-09
4.886186104779055052e-03 2.201819162979965444e-09
4.942765473284694427e-03 2.205278195312254046e-09
4.999999999999999237e-03 2.178286187792541271e-09
5.057897271299490252e-03 2.194585255432788780e-09
5.116464961403772820e-03 2.214694353253861838e-09
5.175710833396719723e-03 2.181105063302918171e-09
5.235642740254497010e-03 2.168807647721739199e-09
5.296268625886442309e-03 2.204430569179499969e-09
5.357596526188034176e-03 2.195577933110769923e-09
5.419634570106018380e-03 2.172384124582796125e-09
5.482390980715925316e-03 2.186709559856100243e-09
5.545874076312003707e-03 2.198716747359363859e-09
5.610092271509813447e-03 2.193551596474263648e-09
5.675054078361577332e-03 2.176002896453576061e-09
5.740768107484413990e-03 2.174109609370518213e-09
5.807243069201712196e-03 2.194359235240705281e-09
5.874487774697644861e-03 2.199396214050085086e-09
5.942511137185094161e-03 2.192870276969704170e-09
6.011322173087065013e-03 2.174852696693896635e-09
6.080930003231838424e-03 2.171600474464959700e-09
6.151343854061904620e-03 2.185779591719241868e-09
6.222573058856926617e-03 2.192616380941397119e-09
6.294627058970835715e-03 2.195968801196385490e-09
6.367515405083306983e-03 2.191366797655545839e-09
6.441247758465666780e-03 2.183821667890850125e-09
6.515833892261499449e-03 2.173214961817786011e-09
6.591283692782035596e-03 2.172528278994644201e-09
6.667607160816618576e-03 2.170191923023359822e-09
6.744814412958264824e-03 2.175269509987921679e-09
6.822915682944624173e-03 2.179437354200800403e-09
6.901921323014425201e-03 2.180222789378436599e-09
6.981841805279687466e-03 2.185934555125714333e-09
7.062687723113769168e-03 2.187536809714624067e-09
7.144469792555517389e-03 2.190525826072109408e-09
7.227198853729638849e-03 2.188562241016718906e-09
7.310885872283589583e-03 2.185815908952185487e-09
7.395541940841034688e-03 2.185166217042295704e-09
7.481178280472170448e-03 2.185814967203747719e-09
7.567806242181043287e-03 2.181333416368270850e-09
7.655437308410150896e-03 2.177073370670193033e-09
7.744083094562405345e-03 2.173179236819656458e-09
7.833755350540741805e-03 2.167614208319176090e-09
7.924465962305568892e-03 2.165610525926580107e-09
8.016226953450207235e-03 2.163949281584993296e-09
8.109050486794647586e-03 2.167019538500102188e-09
8.202948865997691796e-03 2.171078283910021650e-09
8.297934537187804521e-03 2.178217568329451349e-09
8.394020090612802285e-03 2.180759567263870759e-09
8.491218262308719913e-03 2.176326604584592113e-09
8.589541935787937607e-03 2.166296675921122305e-09
8.689004143746880890e-03 2.163163828451136671e-09
8.789618069793463453e-03 2.170925571598859043e-09
8.891397050194612892e-03 2.176097807182422581e-09
8.994354575643934840e-03 2.172124618666686230e-09
9.098504293049919714e-03 2.159904221042361451e-09
9.203860007344778771e-03 2.165275121099192306e-09
9.310435683314336255e-03 2.175447326109946458e-09
9.418245447448998428e-03 2.165929720332041650e-09
9.527303589816240106e-03 2.157503014883191689e-09
9.637624565954681574e-03 2.169675368738860328e-09
9.749222998790225969e-03 2.167891327742450376e-09
9.862113680574265823e-03 2.157988592057381027e-09
9.976311574844402841e-03 2.170169157611896633e-09
1.009183181840780756e-02 2.162401212870051729e-09
1.020868972334764563e-02 2.158777278791495893e-09
1.032690077905264354e-02 2.168261603754222706e-09
1.044648065427019115e-02 2.155044235421737601e-09
1.056744519918323584e-02 2.168238535609982980e-09
1.068981044751115932e-02 2.156097994455213773e-09
1.081359261863509835e-02 2.165833606277233854e-09
1.093880811974775637e-02 2.155338101917070415e-09
1.106547354802819329e-02 2.161296387366292725e-09
1.119360569284169778e-02 2.153394674850142983e-09
1.132322153796529694e-02 2.164410048428693488e-09
1.145433826383886189e-02 2.151269591345428074e-09
1.158697324984239718e-02 2.161603313695324460e-09
1.172114407659961138e-02 2.155255792654818311e-09
1.185686852830827517e-02 2.152178038168553325e-09
1.199416459509744862e-02 2.159570532518519191e-09
1.213305047541208236e-02 2.149277790016096650e-09
1.227354457842515234e-02 2.151366675064537004e-09
1.241566552647785197e-02 2.158875347306284743e-09
1.255943215754789719e-02 2.151440865553472538e-09
1.270486352774653077e-02 2.146689255724459926e-09
1.285197891384432141e-02 2.153152507731743341e-09
1.300079781582635756e-02 2.157306156661859413e-09
1.315133995947690738e-02 2.151086142115224524e-09
1.330362529899405295e-02 2.144270322747131601e-09
1.345767401963458149e-02 2.143794229579996274e-09
1.361350654038956040e-02 2.146975973136122118e-09
1.377114351669082859e-02 2.149816247079826173e-09
1.393060584314884456e-02 2.151112372548213877e-09
1.409191465632227309e-02 2.151595008284205928e-09
1.425509133751954628e-02 2.150788192971939768e-09
1.442015751563302875e-02 2.148539099029591233e-09
1.458713507000582686e-02 2.149385972654359096e-09
1.475604613333193239e-02 2.148936874962888192e-09
1.492691309458979952e-02 2.148320801205612980e-09
1.509975860201007852e-02 2.148263858993132611e-09
1.527460556607756169e-02 2.145985239114119180e-09
1.545147716256795901e-02 2.142636887326700281e-09
1.563039683561977602e-02 2.137982131678583421e-09
1.581138830084189567e-02 2.135426849973979965e-09
1.599447554845698227e-02 2.138373971634663194e-09
1.617968284648142047e-02 2.143702929223911412e-09
1.636703474394191060e-02 2.141068675338571148e-09
1.655655607412955324e-02 2.134359820733464859e-09
1.674827195789137593e-02 2.135314072549201775e-09
1.694220780696013146e-02 2.141054082331683328e-09
1.713838932732252018e-02 2.133635722961239640e-09
1.733684252262658251e-02 2.135338938193175350e-09
1.753759369762839665e-02 2.140023137530461118e-09
1.774066946167878259e-02 2.131171060361007634e-09
1.794609673225026208e-02 2.137979297427558745e-09
1.815390273850506567e-02 2.130066100250393222e-09
1.836411502490422828e-02 2.137440562254820344e-09
1.857676145485861671e-02 2.128912340748951169e-09
1.879187021442221134e-02 2.135177932300108605e-09
1.900946981602805869e-02 2.129074144031246731e-09
1.922958910226767182e-02 2.129703431252970152e-09
1.945225724971402087e-02 2.133490906855096082e-09
1.967750377278888047e-02 2.126830033317635027e-09
1.990535852767486361e-02 2.126154567173795610e-09
2.013585171627295042e-02 2.131122621958920510e-09
2.036901389020562628e-02 2.130277951776295896e-09
2.060487595486651738e-02 2.125625993432799081e-09
2.084346917351677375e-02 2.122380827737439797e-09
2.108482517142910850e-02 2.122305202484145808e-09
2.132897594007962527e-02 2.122647637215968695e-09
2.157595384138826650e-02 2.123483969871422111e-09
2.182579161200829884e-02 2.123093475828942743e-09
2.207852236766562684e-02 2.121902062155163622e-09
2.233417960754814982e-02 2.120582470954557093e-09
2.259279721874613012e-02 2.118371285566151189e-09
2.285440948074375644e-02 2.117866495318724319e-09
2.311905106996301265e-02 2.119995965789439086e-09
2.338675706435990390e-02 2.121630199572285073e-09
2.365756294807403598e-02 2.121056260917324689e-09
2.393150461613191907e-02 2.116019321963372916e-09
2.420861837920496376e-02 2.116328249649866163e-09
2.448894096842230139e-02 2.119710412584657222e-09
2.477250954023949708e-02 2.114051399901326644e-09
2.505936168136362052e-02 2.117892911152911052e-09
2.534953541373521912e-02 2.114202977384980615e-09
2.564306919956823791e-02 2.115920666678924182e-09
2.594000194644804219e-02 2.112498552943137827e-09
2.624037301248863946e-02 2.116898670844434845e-09
2.654422221154941613e-02 2.109967612591870161e-09
2.685158981851263130e-02 2.112769465680386173e-09
2.716251657462164307e-02 2.113469466475306957e-09
2.747704369288123463e-02 2.109738977756326977e-09
2.779521286352017867e-02 2.107466210897635963e-09
2.811706625951744878e-02 2.107938691264684936e-09
2.844264654219206059e-02 2.109022294507467102e-09
2.877199686685786087e-02 2.110051545993432257e-09
2.910516088854357350e-02 2.109708043000065901e-09
2.944218276777944496e-02 2.108573699696867494e-09
2.978310717645051356e-02 2.106934447959847584e-09
3.012797930371790070e-02 2.104481793771467207e-09
3.047684486200846407e-02 2.102475911047623565e-09
3.082975009307411043e-02 2.103066296284487823e-09
3.118674177412095530e-02 2.105264507618158921e-09
3.154786722400967913e-02 2.102782754453455321e-09
3.191317430952744089e-02 2.100794455334196513e-09
3.228271145173277484e-02 2.103721838138615090e-09
3.265652763237360950e-02 2.098897757637693156e-09
3.303467240037977898e-02 2.102502461366023772e-09
3.341719587843073463e-02 2.097925751797570903e-09
3.380414876959908499e-02 2.100066941898618338e-09
3.419558236407146262e-02 2.099986210884713687e-09
3.459154854594680834e-02 2.095855746163218814e-09
3.499209980011368931e-02 2.096439394124965070e-09
3.539728921920690108e-02 2.097920056899394939e-09
3.580717051064509493e-02 2.097492341390381467e-09
3.622179800374948633e-02 2.097111866258556899e-09
3.664122665694521247e-02 2.097516543144795420e-09
3.706551206504588025e-02 2.095541090385400900e-09
3.749471046662278262e-02 2.093551457803559157e-09
3.792887875145917187e-02 2.090629572171022159e-09
3.836807446809096384e-02 2.090408072816459313e-09
3.881235583143458762e-02 2.092444871840283970e-09
3.926178173050359071e-02 2.089926346116129061e-09
3.971641173621406201e-02 2.089904495558286794e-09
4.017630610928087098e-02 2.089772160104003505e-09
4.064152580820495908e-02 2.087996030114208127e-09
4.111213249735355679e-02 2.088259028128180855e-09
4.158818855513353452e-02 2.088906040022137127e-09
4.206975708225978161e-02 2.086945847145157793e-09
4.255690191011882867e-02 2.085125654813246188e-09
4.304968760923003068e-02 2.083905451362150461e-09
4.354817949780401265e-02 2.083494010238968844e-09
4.405244365040068139e-02 2.082984474567300123e-09
4.456254690668728924e-02 2.082156627324485400e-09
4.507855688029784730e-02 2.082191315446654771e-09
4.560054196779547708e-02 2.083998816799229951e-09
4.612857135773814482e-02 2.082098752207255458e-09
4.666271503984956853e-02 2.079759815437055316e-09
4.720304381429617224e-02 2.081856934802791643e-09
4.774962930107178732e-02 2.077801988449743564e-09
4.830254394949064223e-02 2.077185923461191650e-09
4.886186104779054878e-02 2.079198108516008278e-09
4.942765473284693734e-02 2.075907081903198598e-09
4.999999999999998890e-02 2.075835062949506506e-09
5.057897271299490599e-02 2.076607748495992535e-09
5.116464961403772299e-02 2.075082761788401009e-09
5.175710833396720417e-02 2.074074516486432814e-09
5.235642740254497357e-02 2.072659292561273050e-09
5.296268625886442483e-02 2.074213266332537077e-09
5.357596526188034003e-02 2.074274187020371320e-09
5.419634570106018207e-02 2.071102886442693505e-09
5.482390980715924622e-02 2.073595463635205670e-09
5.545874076312003881e-02 2.069187545793839123e-09
5.610092271509820039e-02 2.070831797103714485e-09
5.675054078361576465e-02 2.071162972585632495e-09
5.740768107484413296e-02 2.069049267994925217e-09
5.807243069201712543e-02 2.068591432474915862e-09
5.874487774697650933e-02 2.067894078894819244e-09
5.942511137185092773e-02 2.068006823107266413e-09
6.011322173087065707e-02 2.067527158489586770e-09
6.080930003231838771e-02 2.064756081379436296e-09
6.151343854061905314e-02 2.064714407025159075e-09
6.222573058856927658e-02 2.064794845421880553e-09
6.294627058970836408e-02 2.064505048303673020e-09
6.367515405083307156e-02 2.062507397764863421e-09
6.441247758465666606e-02 2.062002525474593317e-09
6.515833892261499449e-02 2.061898436971603437e-09
6.591283692782035075e-02 2.061338326236732748e-09
6.667607160816618750e-02 2.060109858999326556e-09
6.744814412958265171e-02 2.059012729039416525e-09
6.822915682944626081e-02 2.059638943671484128e-09
6.901921323014426068e-02 2.057668093330143905e-09
6.981841805279687119e-02 2.064569465669910449e-09
7.062687723113769689e-02 2.057186736159377629e-09
7.144469792555516174e-02 2.056969364151746285e-09
7.227198853729638328e-02 2.057073048764094093e-09
7.310885872283590103e-02 2.055285074494149612e-09
7.395541940841034168e-02 2.054821494105705555e-09
7.481178280472169928e-02 2.053341299775004666e-09
7.567806242181042420e-02 2.053586371842224178e-09
7.655437308410149855e-02 2.052628464931646613e-09
7.744083094562403957e-02 2.053124428015655051e-09
7.833755350540751172e-02 2.050668609300168107e-09
7.924465962305569933e-02 2.051924393215595145e-09
8.016226953450207582e-02 2.050226452430431968e-09
8.109050486794647239e-02 2.048749405310120888e-09
8.202948865997691796e-02 2.048083699070805854e-09
8.297934537187805215e-02 2.049350775492447502e-09
8.394020090612802631e-02 2.046988440051174624e-09
8.491218262308718179e-02 2.047588420749909485e-09
8.589541935787935178e-02 2.045502492614044742e-09
8.689004143746879849e-02 2.044496028229887274e-09
8.789618069793463107e-02 2.044099293632462273e-09
8.891397050194611851e-02 2.043792979175931313e-09
8.994354575643935534e-02 2.044478759981763784e-09
9.098504293049920755e-02 2.041702849703063842e-09
9.203860007344781546e-02 2.043469239062170024e-09
9.310435683314335908e-02 2.041211593797489077e-09
9.418245447449000163e-02 2.040262628795125075e-09
9.527303589816239759e-02 2.038730211026822261e-09
9.637624565954681921e-02 2.039180252375556903e-09
9.749222998790225969e-02 2.039651525030838692e-09
9.862113680574265129e-02 2.036874728168814026e-09
9.976311574844401453e-02 2.038422448885232711e-09
1.009183181840780652e-01 2.037137764033757225e-09
1.020868972334764563e-01 2.035671609415774947e-09
1.032690077905264459e-01 2.035617150013366793e-09
1.044648065427020295e-01 2.034847606272677592e-09
1.056744519918323688e-01 2.033232952371592709e-09
1.068981044751115828e-01 2.033330223093328957e-09
1.081359261863509835e-01 2.033351886095489295e-09
1.093880811974775741e-01 2.032744265679752655e-09
1.106547354802819155e-01 2.032004200857048562e-09
1.119360569284169743e-01 2.030982371142879844e-09
1.132322153796529590e-01 2.030206771340584784e-09
1.145433826383886050e-01 2.029748144959300495e-09
1.158697324984239718e-01 2.029276876043246065e-09
1.172114407659961138e-01 2.027596582612161901e-09
1.185686852830827448e-01 2.027105026205188617e-09
1.199416459509744654e-01 2.027187490023492439e-09
1.213305047541208409e-01 2.025574967535644575e-09
1.227354457842515234e-01 2.025880398742876301e-09
1.241566552647785093e-01 2.025552235791000590e-09
1.255943215754789510e-01 2.024204516031014512e-09
1.270486352774652938e-01 2.022641318569138472e-09
1.285197891384432245e-01 2.022920113347574455e-09
1.300079781582635929e-01 2.022196453005185642e-09
1.315133995947690426e-01 2.021838666106132248e-09
1.330362529899405399e-01 2.021489905430721327e-09
1.345767401963458010e-01 2.019554570404555849e-09
1.361350654038956109e-01 2.019931457398353567e-09
1.377114351669082859e-01 2.019017572289889108e-09
1.393060584314886052e-01 2.018496700795271905e-09
1.409191465632227414e-01 2.017928521076171803e-09
1.425509133751954594e-01 2.016070849405201625e-09
1.442015751563302528e-01 2.016344943932330368e-09
1.458713507000582721e-01 2.015626280415187975e-09
1.475604613333193205e-01 2.014925961053405808e-09
1.492691309458979987e-01 2.014387847267039765e-09
1.509975860201007714e-01 2.014570144790059211e-09
1.527460556607755926e-01 2.012899918775548117e-09
1.545147716256795867e-01 2.012359449009479442e-09
1.563039683561977256e-01 2.011360212396707719e-09
1.581138830084189428e-01 2.010614619194479786e-09
1.599447554845698227e-01 2.010501176800037655e-09
1.617968284648141908e-01 2.009770369071274667e-09
1.636703474394191060e-01 2.007970159376118394e-09
1.655655607412955255e-01 2.008383084996739706e-09
1.674827195789138079e-01 2.008057713121517959e-09
1.694220780696013284e-01 2.007246427266618569e-09
1.713838932732252018e-01 2.009269277924725985e-09
1.733684252262658043e-01 2.005942410575615535e-09
1.753759369762838971e-01 2.005178064773406135e-09
1.774066946167878189e-01 2.004904198647831085e-09
1.794609673225026347e-01 2.004105463726420598e-09
1.815390273850506775e-01 2.002221416059906157e-09
1.836411502490422898e-01 2.002314100835281554e-09
1.857676145485863961e-01 2.001623782400084654e-09
1.879187021442221273e-01 2.000778719338645812e-09
1.900946981602806007e-01 2.000253030029144519e-09
1.922958910226767459e-01 1.999710715470694611e-09
1.945225724971401948e-01 1.998605559015523611e-09
1.967750377278887908e-01 1.998704860972007813e-09
1.990535852767486014e-01 1.997572935841490532e-09
2.013585171627295112e-01 1.997140362901113014e-09
2.036901389020562836e-01 1.994494073001686594e-09
2.060487595486651669e-01 1.995504652755070840e-09
2.084346917351676820e-01 1.994594586372911666e-09
2.108482517142910850e-01 1.997003057360609782e-09
2.132897594007962250e-01 1.994269779490502065e-09
2.157595384138826788e-01 1.993052063850313925e-09
2.182579161200829954e-01 1.992871235092077389e-09
2.207852236766562337e-01 1.993372344066071850e-09
2.233417960754814635e-01 1.990615603297436544e-09
2.259279721874612457e-01 1.990868760312642869e-09
2.285440948074375644e-01 1.989676674385743818e-09
2.311905106996301196e-01 1.989050103828367964e-09
2.338675706435990598e-01 1.989040443302188845e-09
2.365756294807403459e-01 1.987549587395780516e-09
2.393150461613192115e-01 1.988670231152526371e-09
2.420861837920497139e-01 1.982034687770723884e-09
2.448894096842230417e-01 1.983767326352831187e-09
2.477250954023952345e-01 1.985159318989309026e-09
2.505936168136362330e-01 1.983776796860922948e-09
2.534953541373521912e-01 1.984235214832852492e-09
2.564306919956823583e-01 1.982648821092798740e-09
2.594000194644804358e-01 1.982547045644535734e-09
2.624037301248863807e-01 1.981896538734676959e-09
2.654422221154941752e-01 1.981110668731149901e-09
2.685158981851262783e-01 1.980197329824782615e-09
2.716251657462164792e-01 1.979463440770498607e-09
2.747704369288123671e-01 1.979317500263932835e-09
2.779521286352018006e-01 1.979085108657618183e-09
2.811706625951744809e-01 1.980598120761215301e-09
2.844264654219206268e-01 1.978535812344374429e-09
2.877199686685785740e-01 1.976314793122675271e-09
2.910516088854357419e-01 1.975395114046863227e-09
2.944218276777944010e-01 1.974436143213900077e-09
2.978310717645051287e-01 1.974746301072648619e-09
3.012797930371790001e-01 1.973336732978066765e-09
3.047684486200846199e-01 1.973220102912820953e-09
3.082975009307410419e-01 1.975368346382977683e-09
3.118674177412095183e-01 1.971514883318360938e-09
3.154786722400967358e-01 1.971271651354429739e-09
3.191317430952744227e-01 1.971126805167735820e-09
3.228271145173277623e-01 1.968561313472210063e-09
3.265652763237361089e-01 1.970848843069213002e-09
3.303467240037981645e-01 1.968881708281477162e-09
3.341719587843073880e-01 1.968142577200693529e-09
3.380414876959909054e-01 1.968053063390904525e-09
3.419558236407145846e-01 1.966567608736656218e-09
3.459154854594680417e-01 1.965508825387690668e-09
3.499209980011368515e-01 1.964861072666019023e-09
3.539728921920690663e-01 1.965642107999493816e-09
3.580717051064509771e-01 1.964832831125028209e-09
3.622179800374948910e-01 1.962626353129462846e-09
3.664122665694521941e-01 1.961948867549294178e-09
3.706551206504588580e-01 1.961291699442655713e-09
3.749471046662278817e-01 1.961244794954287621e-09
3.792887875145917742e-01 1.960638002742554283e-09
3.836807446809096245e-01 1.958990519978584206e-09
3.881235583143459733e-01 1.959539304234805142e-09
3.926178173050358100e-01 1.959101729573270799e-09
3.971641173621405785e-01 1.957966586603248907e-09
4.017630610928087931e-01 1.957781176602834281e-09
4.064152580820497018e-01 1.956436754085730956e-09
4.111213249735355402e-01 1.956532641990934646e-09
4.158818855513353729e-01 1.955017736642829581e-09
4.206975708225977328e-01 1.955936821232796969e-09
4.255690191011883283e-01 1.953794249915734948e-09
4.304968760923003068e-01 1.952743521577545496e-09
4.354817949780401820e-01 1.951797566884607808e-09
4.405244365040072441e-01 1.951921798694513543e-09
4.456254690668728924e-01 1.951560132281329171e-09
4.507855688029784869e-01 1.949120537512803466e-09
4.560054196779547708e-01 1.950050287440324493e-09
4.612857135773818507e-01 1.949113558270796549e-09
4.666271503984956714e-01 1.946816108413741738e-09
4.720304381429617502e-01 1.949108889849931157e-09
4.774962930107178871e-01 1.948194735505918314e-09
4.830254394949065055e-01 1.947711975258068250e-09
4.886186104779055017e-01 1.945123939344161760e-09
4.942765473284694844e-01 1.946439572162684080e-09
5.000000000000000000e-01 1.945127844443577210e-09
5.235642740254496941e-01 1.941400758424633707e-09
5.482390980715925455e-01 1.939250149372785694e-09
5.740768107484413019e-01 1.937529728477403130e-09
6.011322173087064735e-01 1.934630513426231278e-09
6.294627058970835298e-01 1.931348772264753159e-09
6.591283692782033965e-01 1.929629506224750345e-09
6.901921323014423848e-01 1.926574497079321297e-09
7.227198853729638328e-01 1.923890167013113461e-09
7.567806242181041032e-01 1.921590876685791658e-09
7.924465962305566880e-01 1.918470068142303713e-09
8.297934537187803272e-01 1.915945249682051130e-09
8.689004143746877906e-01 1.912774705846963437e-09
9.098504293049917147e-01 1.908751980423840915e-09
9.527303589816235041e-01 1.908130500009999229e-09
9.976311574844398677e-01 1.906320856311751983e-09
1.044648065427019601e+00 1.909480243903107287e-09
1.093880811974776268e+00 1.901852961781787112e-09
1.145433826383886355e+00 1.894354779183975543e-09
1.199416459509745181e+00 1.895814547756683381e-09
1.255943215754790065e+00 1.895042191393065766e-09
1.315133995947691092e+00 1.889121663454779942e-09
1.377114351669083137e+00 1.885303523308756425e-09
1.442015751563303194e+00 1.883665992003672664e-09
1.509975860201008047e+00 1.880379546411932386e-09
1.581138830084189317e+00 1.878850364150086657e-09
1.655655607412955366e+00 1.876362744306587777e-09
1.733684252262658543e+00 1.875338027711634171e-09
1.815390273850506775e+00 1.861619676937815268e-09
1.900946981602805730e+00 1.854344087902345912e-09
1.990535852767486125e+00 1.867492242944364466e-09
2.084346917351676876e+00 1.865504488411468459e-09
2.182579161200830065e+00 1.861795248345296795e-09
2.285440948074374923e+00 1.858341068797388810e-09
2.393150461613192004e+00 1.861809177342794440e-09
2.505936168136361886e+00 1.850972389004679590e-09
2.624037301248862697e+00 1.879077695055136817e-09
2.747704369288122450e+00 1.848673664670215370e-09
2.877199686685784741e+00 1.845728881464220908e-09
3.012797930371788890e+00 1.843988465144524630e-09
3.154786722400966692e+00 1.838928354294633923e-09
3.303467240037980091e+00 1.838815349383969058e-09
3.459154854594682416e+00 1.835576922582242717e-09
3.622179800374950354e+00 1.832592430591764437e-09
3.792887875145918741e+00 1.821690577826843959e-09
3.971641173621408338e+00 1.827127327867444808e-09
4.158818855513356283e+00 1.823705876242925342e-09
4.354817949780404263e+00 1.827456234432611479e-09
4.560054196779547375e+00 1.818358882300881549e-09
4.774962930107178316e+00 1.819067960878211263e-09
5.000000000000000000e+00 1.814317596585219612e-09
6.294627058970837297e+00 1.804262441408994066e-09
7.924465962305568212e+00 1.779166663953051665e-09
9.976311574844396901e+00 1.778576240091476740e-09
1.255943215754790110e+01 1.763697922273622813e-09
1.581138830084189451e+01 1.752919195899200968e-09
1.990535852767486347e+01 1.738574961720205519e-09
2.505936168136361886e+01 1.726480190552458459e-09
3.154786722400966781e+01 1.714538177864135611e-09
3.971641173621406296e+01 1.701914540089868137e-09
5.000000000000000000e+01 1.690363672319452854e-09
