3.539728921920685885e-05 1.257531063461543392e-13
3.622179800374952406e-05 2.180637760408141825e-13
3.706551206504588155e-05 1.501605749569805164e-12
3.792887875145917236e-05 4.051905572352495074e-12
3.881235583143463716e-05 7.930376652533149815e-12
3.971641173621410364e-05 1.318663977987429253e-11
4.064152580820496591e-05 1.983573144326077453e-11
4.158818855513353842e-05 2.789006749163150451e-11
4.255690191011878395e-05 3.734153054931242897e-11
4.354817949780398050e-05 4.809597698296582268e-11
4.456254690668729390e-05 6.012424423070036484e-11
4.560054196779547508e-05 7.331299621853840450e-11
4.666271503984952289e-05 8.750908661470434983e-11
4.774962930107183736e-05 1.025027455338511450e-10
4.886186104779054808e-05 1.181894617655402766e-10
4.999999999999998884e-05 1.341895923656968601e-10
5.057897271299490442e-05 1.422963347067194689e-10
5.116464961403767209e-05 1.503396958761545706e-10
5.175710833396714221e-05 1.583716967067496697e-10
5.235642740254491318e-05 1.662875677421899755e-10
5.296268625886447866e-05 1.741506088727853832e-10
5.357596526188034176e-05 1.818527910061728737e-10
5.419634570106018624e-05 1.893373495625874584e-10
5.482390980715924394e-05 1.966325022576360586e-10
5.545874076312003680e-05 2.035628395057918996e-10
5.610092271509813691e-05 2.102226226730570382e-10
5.675054078361570665e-05 2.165506701033349728e-10
5.740768107484407919e-05 2.224617684247906803e-10
5.807243069201718186e-05 2.279587779711410249e-10
5.874487774697651393e-05 2.330582118193831450e-10
5.942511137185093809e-05 2.376546421034118252e-10
6.011322173087064877e-05 2.417509537438180674e-10
6.080930003231838695e-05 2.453292593487564453e-10
6.151343854061905325e-05 2.483240638582320435e-10
6.222573058856921034e-05 2.508108626364260725e-10
6.294627058970830402e-05 2.528283442197834088e-10
6.367515405083314138e-05 2.542038001656185495e-10
6.441247758465673719e-05 2.549912280169277611e-10
6.515833892261499124e-05 2.553951885741275090e-10
6.591283692782035650e-05 2.552735981200882302e-10
6.667607160816619769e-05 2.546198406432618179e-10
6.744814412958265366e-05 2.536180037664606083e-10
6.822915682944618535e-05 2.521924877855001493e-10
6.901921323014417829e-05 2.504307492995411969e-10
6.981841805279679497e-05 2.484376848436759425e-10
7.062687723113775782e-05 2.462352978181969531e-10
7.144469792555517389e-05 2.439366769411206128e-10
7.227198853729638578e-05 2.417065280000637936e-10
7.310885872283590017e-05 2.394206368681957599e-10
7.395541940841035122e-05 2.374439857489792444e-10
7.481178280472162371e-05 2.357023968254183410e-10
7.567806242181034505e-05 2.343096683552380702e-10
7.655437308410142656e-05 2.335504967498767709e-10
7.744083094562412067e-05 2.334414304899199826e-10
7.833755350540750207e-05 2.340487136465187404e-10
7.924465962305569597e-05 2.356701184971966585e-10
8.016226953450209458e-05 2.382076966846923529e-10
8.109050486794647857e-05 2.419481313253735771e-10
8.202948865997692718e-05 2.469577607697547283e-10
8.297934537187796715e-05 2.532496863075226593e-10
8.394020090612792852e-05 2.611140397535366215e-10
8.491218262308728262e-05 2.703519594061025144e-10
8.589541935787945305e-05 2.812976367948341859e-10
8.689004143746881595e-05 2.938863105385401335e-10
8.789618069793464267e-05 3.081892695944661771e-10
8.891397050194613488e-05 3.240429565995635916e-10
8.994354575643936521e-05 3.418238195015407789e-10
9.098504293049911853e-05 3.609433699939475355e-10
9.203860007344770748e-05 3.817885296972264070e-10
9.310435683314326931e-05 4.040623387431564241e-10
9.418245447449009216e-05 4.276211423529364792e-10
9.527303589816239347e-05 4.524912636454558223e-10
9.637624565954680924e-05 4.782341847331920063e-10
9.749222998790223855e-05 5.048370463919459874e-10
9.862113680574266798e-05 5.319222568821351000e-10
9.976311574844392432e-05 5.594309975885501480e-10
1.009183181840780691e-04 5.867737200488596544e-10
1.020868972334764785e-04 6.139313252995616774e-10
1.032690077905264333e-04 6.405271302513279672e-10
1.044648065427019099e-04 6.658779503858036015e-10
1.056744519918323676e-04 6.899850233543172218e-10
1.068981044751116051e-04 7.126023209229881818e-10
1.081359261863509824e-04 7.334334512172231373e-10
1.093880811974775783e-04 7.517334512584908977e-10
1.106547354802819166e-04 7.676893108267551216e-10
1.119360569284169843e-04 7.807914922399104577e-10
1.132322153796529580e-04 7.911115513132571165e-10
1.145433826383886026e-04 7.981237964191419546e-10
1.158697324984239615e-04 8.020973931693507955e-10
1.172114407659961296e-04 8.026923481705823048e-10
1.185686852830827555e-04 8.002471106452302958e-10
1.199416459509744677e-04 7.949376646342998191e-10
1.213305047541207081e-04 7.867915198249700071e-10
1.227354457842515364e-04 7.760747508902664245e-10
1.241566552647784948e-04 7.633649264810275512e-10
1.255943215754789502e-04 7.489293895933982219e-10
1.270486352774653110e-04 7.334221368900598625e-10
1.285197891384432108e-04 7.173180107580406040e-10
1.300079781582635788e-04 7.013876754404185423e-10
1.315133995947690435e-04 6.863052036631849568e-10
1.330362529899403897e-04 6.728447849037069124e-10
1.345767401963458333e-04 6.618056364198374341e-10
1.361350654038956344e-04 6.537237955789153206e-10
1.377114351669082826e-04 6.493174825867598635e-10
1.393060584314884456e-04 6.491065883177381319e-10
1.409191465632227234e-04 6.540090464705783238e-10
1.425509133751954596e-04 6.641691573140252032e-10
1.442015751563302474e-04 6.798408495426813733e-10
1.458713507000582404e-04 7.011399264198916043e-10
1.475604613333193142e-04 7.283260377888408044e-10
1.492691309458979746e-04 7.607998206120453319e-10
1.509975860201007907e-04 7.982823517709714428e-10
1.527460556607755941e-04 8.402662899228490203e-10
1.545147716256795760e-04 8.855838298182181239e-10
1.563039683561977971e-04 9.336916609020702990e-10
1.581138830084189426e-04 9.830549358249869226e-10
1.599447554845698401e-04 1.032593002740057051e-09
1.617968284648140247e-04 1.080736805352438361e-09
1.636703474394191234e-04 1.126318666420926558e-09
1.655655607412955237e-04 1.167644067863616899e-09
1.674827195789137550e-04 1.203919389319998483e-09
1.694220780696013395e-04 1.233567856739717755e-09
1.713838932732252138e-04 1.255422910839955311e-09
1.733684252262658175e-04 1.269205650672490252e-09
1.753759369762839622e-04 1.274267588469441866e-09
1.774066946167876340e-04 1.270737008287741112e-09
1.794609673225026631e-04 1.258712539115203396e-09
1.815390273850506729e-04 1.239241911932680393e-09
1.836411502490422785e-04 1.212769555813533501e-09
1.857676145485863753e-04 1.181850242209976004e-09
1.879187021442221307e-04 1.147717089322496795e-09
1.900946981602805912e-04 1.112825733587740372e-09
1.922958910226767442e-04 1.079186909136453385e-09
1.945225724971401946e-04 1.049254876836546487e-09
1.967750377278885748e-04 1.025560758517751896e-09
1.990535852767486220e-04 1.009873324533881009e-09
2.013585171627295032e-04 1.004281901248867524e-09
2.036901389020562487e-04 1.009703129208895859e-09
2.060487595486651640e-04 1.027449797772366568e-09
2.084346917351676985e-04 1.056769387403472647e-09
2.108482517142911186e-04 1.097574162966754702e-09
2.132897594007962310e-04 1.148224978403369619e-09
2.157595384138824807e-04 1.206481579218323174e-09
2.182579161200830003e-04 1.269904611364080790e-09
2.207852236766562250e-04 1.334687947615472838e-09
2.233417960754814700e-04 1.397972298919741195e-09
2.259279721874612654e-04 1.455352635842828385e-09
2.285440948074375482e-04 1.503981170401419638e-09
2.311905106996301417e-04 1.540360035347371287e-09
2.338675706435990400e-04 1.562668238359896018e-09
2.365756294807401473e-04 1.569647036966269092e-09
2.393150461613192416e-04 1.560518404140171119e-09
2.420861837920496669e-04 1.537134501875731748e-09
2.448894096842230486e-04 1.501224353828035179e-09
2.477250954023952571e-04 1.456389474479157053e-09
2.505936168136362096e-04 1.406990732195382492e-09
2.534953541373521587e-04 1.358128860931117750e-09
2.564306919956823639e-04 1.314625268790413232e-09
2.594000194644803916e-04 1.282199996578514405e-09
2.624037301248860888e-04 1.264278681019533414e-09
2.654422221154941939e-04 1.264376119380707262e-09
2.685158981851263043e-04 1.283562451284065362e-09
2.716251657462165044e-04 1.321974678097771311e-09
2.747704369288123854e-04 1.376626370258692250e-09
2.779521286352018127e-04 1.443616106753711142e-09
2.811706625951744943e-04 1.517253435819717382e-09
2.844264654219205712e-04 1.590849942673606645e-09
2.877199686685782661e-04 1.657687321204530424e-09
2.910516088854357393e-04 1.710132024815295731e-09
2.944218276777944170e-04 1.743947862358069354e-09
2.978310717645050662e-04 1.754881848462639351e-09
3.012797930371790027e-04 1.743157198464381527e-09
3.047684486200846234e-04 1.709991805211316814e-09
3.082975009307410263e-04 1.660257502385833776e-09
3.118674177412095313e-04 1.601557021302349511e-09
3.154786722400963837e-04 1.542382753719775226e-09
3.191317430952743915e-04 1.491658649301659571e-09
3.228271145173277267e-04 1.458056561390871535e-09
3.265652763237361514e-04 1.447901751500617377e-09
3.303467240037981823e-04 1.464354558926015225e-09
3.341719587843073962e-04 1.507182066439824237e-09
3.380414876959908759e-04 1.571163727861171137e-09
3.419558236407145655e-04 1.648344529420225628e-09
3.459154854594681137e-04 1.728579250082983183e-09
3.499209980011365223e-04 1.800003218375257074e-09
3.539728921920689544e-04 1.851937463964810445e-09
3.580717051064509905e-04 1.876134355899329245e-09
3.622179800374948611e-04 1.869890484596445909e-09
3.664122665694521551e-04 1.834933491676517079e-09
3.706551206504588155e-04 1.777504611744073693e-09
3.749471046662278739e-04 1.710678523389201080e-09
3.792887875145917100e-04 1.646891110153858560e-09
3.836807446809091808e-04 1.601377047055935570e-09
3.881235583143459109e-04 1.584033630381183022e-09
3.926178173050358768e-04 1.601148161030018193e-09
3.971641173621405486e-04 1.650794757697328888e-09
4.017630610928087857e-04 1.725095702348863766e-09
4.064152580820496862e-04 1.809437583307203419e-09
4.111213249735355181e-04 1.886926196368294794e-09
4.158818855513353842e-04 1.941834746956027839e-09
4.206975708225972935e-04 1.962186179209297397e-09
4.255690191011882867e-04 1.944281020176202524e-09
4.304968760923003155e-04 1.893365187805635754e-09
4.354817949780401981e-04 1.823347410195016677e-09
4.405244365040072822e-04 1.752688884800849412e-09
4.456254690668728577e-04 1.702579323911764619e-09
4.507855688029784470e-04 1.687891850568450325e-09
4.560054196779547101e-04 1.714443839495524951e-09
4.612857135773813463e-04 1.778261394396254446e-09
4.666271503984952018e-04 1.860920481466261687e-09
4.720304381429617636e-04 1.949058590048703995e-09
4.774962930107178993e-04 2.005163470253877944e-09
4.830254394949064960e-04 2.022960348314027158e-09
4.886186104779055486e-04 1.994161874505084445e-09
4.942765473284694211e-04 1.932415291093787273e-09
4.999999999999999020e-04 1.859802872034021093e-09
5.057897271299491120e-04 1.794915797425844277e-09
5.116464961403766531e-04 1.772857950304068269e-09
5.175710833396719507e-04 1.787451715173156152e-09
5.235642740254497010e-04 1.856348390275007743e-09
5.296268625886442309e-04 1.944177798045035056e-09
5.357596526188034176e-04 2.032777063597022417e-09
5.419634570106019031e-04 2.066559840580717245e-09
5.482390980715924666e-04 2.052233952347526246e-09
5.545874076312004358e-04 1.998235996799274959e-09
5.610092271509814097e-04 1.916951760833357238e-09
5.675054078361570394e-04 1.849545985923558000e-09
5.740768107484414424e-04 1.829722332428343375e-09
5.807243069201711546e-04 1.864150713878133812e-09
5.874487774697650716e-04 1.937661110408423208e-09
5.942511137185093944e-04 2.025118701015918136e-09
6.011322173087063929e-04 2.091238979311238047e-09
6.080930003231838424e-04 2.098904817228242905e-09
6.151343854061903970e-04 2.037523771193159906e-09
6.222573058856920762e-04 1.975244989315748746e-09
6.294627058970836365e-04 1.899754258089217473e-09
6.367515405083307633e-04 1.883955700800853160e-09
6.441247758465673719e-04 1.924905380956709052e-09
6.515833892261498582e-04 2.013324947212709210e-09
6.591283692782036463e-04 2.077687711047419128e-09
6.667607160816618143e-04 2.146003630831140401e-09
6.744814412958265908e-04 2.078547200978951670e-09
6.822915682944617451e-04 2.019803755453913988e-09
6.901921323014424334e-04 1.957576916482564275e-09
6.981841805279687899e-04 1.920550458584608289e-09
7.062687723113776324e-04 1.948179232561627676e-09
7.144469792555517389e-04 2.060422560362246000e-09
7.227198853729638849e-04 2.145325434590372413e-09
7.310885872283591101e-04 2.150629259735311363e-09
7.395541940841035122e-04 2.100036804563636433e-09
7.481178280472163726e-04 2.003742507680664314e-09
7.567806242181033963e-04 1.957865155629558074e-09
7.655437308410150245e-04 1.981648176210730939e-09
7.744083094562404478e-04 2.053333293463741428e-09
7.833755350540749394e-04 2.130016373436905060e-09
7.924465962305569326e-04 2.164957378660265451e-09
8.016226953450207018e-04 2.069353144691229962e-09
8.109050486794647586e-04 2.011566816630129683e-09
8.202948865997692447e-04 1.986179993130449744e-09
8.297934537187796715e-04 2.027530275078841492e-09
8.394020090612800983e-04 2.119335420774832603e-09
8.491218262308720130e-04 2.166722124308024535e-09
8.589541935787945847e-04 2.160799747750403066e-09
8.689004143746880239e-04 2.066623632027130874e-09
8.789618069793463453e-04 2.011560034978963019e-09
8.891397050194613759e-04 2.041256482667245618e-09
8.994354575643935708e-04 2.115087103540961151e-09
9.098504293049911040e-04 2.194697127719888755e-09
9.203860007344780506e-04 2.133981378287306466e-09
9.310435683314336689e-04 2.094803613777070869e-09
9.418245447449009487e-04 2.030983938675794398e-09
9.527303589816240974e-04 2.063413252089253721e-09
9.637624565954680924e-04 2.152095896922310727e-09
9.749222998790226836e-04 2.179951686415934338e-09
9.862113680574266256e-04 2.168282487596724348e-09
9.976311574844392432e-04 2.070349294913705058e-09
1.009183181840779715e-03 2.047345665294121842e-09
1.020868972334764650e-03 2.131912281718641178e-09
1.032690077905264224e-03 2.211929937023986522e-09
1.044648065427020156e-03 2.183690246061680619e-09
1.056744519918323541e-03 2.100266088736811640e-09
1.068981044751116105e-03 2.068965060115087767e-09
1.081359261863509879e-03 2.128767331543544436e-09
1.093880811974775810e-03 2.222582452070923536e-09
1.106547354802818028e-03 2.180745760805142117e-09
1.119360569284169734e-03 2.094562533116055286e-09
1.132322153796529608e-03 2.082898954577873098e-09
1.145433826383887056e-03 2.175151763955556455e-09
1.158697324984239588e-03 2.242170743035056270e-09
1.172114407659961052e-03 2.155294966828384723e-09
1.185686852830827474e-03 2.075271704244673316e-09
1.199416459509744515e-03 2.101065489593185578e-09
1.213305047541206891e-03 2.189850665318188885e-09
1.227354457842515364e-03 2.200178004982740722e-09
1.241566552647784894e-03 2.125453445149936287e-09
1.255943215754790803e-03 2.086211464672526420e-09
1.270486352774652947e-03 2.201339668401207681e-09
1.285197891384432054e-03 2.236683019250605782e-09
1.300079781582636059e-03 2.165502384157296302e-09
1.315133995947690435e-03 2.092621635893409347e-09
1.330362529899403951e-03 2.188513816844597525e-09
1.345767401963456761e-03 2.221981130201740337e-09
1.361350654038956127e-03 2.157971713607292166e-09
1.377114351669082772e-03 2.116726030087595000e-09
1.393060584314885974e-03 2.197868005522669048e-09
1.409191465632227396e-03 2.233571363692456945e-09
1.425509133751954758e-03 2.148271538252237160e-09
1.442015751563302745e-03 2.125935550598548336e-09
1.458713507000582730e-03 2.221608275718943628e-09
1.475604613333191895e-03 2.218042399428435427e-09
1.492691309458979909e-03 2.139109389673256256e-09
1.509975860201007635e-03 2.174962380082457456e-09
1.527460556607757513e-03 2.258284622452243189e-09
1.545147716256795815e-03 2.159986009513217768e-09
1.563039683561977429e-03 2.152029307456712944e-09
1.581138830084189480e-03 2.225055327084843723e-09
1.599447554845698184e-03 2.205355137447451101e-09
1.617968284648140355e-03 2.135385896069468452e-09
1.636703474394191234e-03 2.209605347595660118e-09
1.655655607412955237e-03 2.243846978256550647e-09
1.674827195789139285e-03 2.158492922568712859e-09
1.694220780696013449e-03 2.182990224164458035e-09
1.713838932732251975e-03 2.243413464858610265e-09
1.733684252262658121e-03 2.175145546698288431e-09
1.753759369762839405e-03 2.182206938633590760e-09
1.774066946167876394e-03 2.250964642821055474e-09
1.794609673225024517e-03 2.167631972118361755e-09
1.815390273850506567e-03 2.180467682152477834e-09
1.836411502490422785e-03 2.249240000358197722e-09
1.857676145485863536e-03 2.160888948546943565e-09
1.879187021442221524e-03 2.189566732425814711e-09
1.900946981602806129e-03 2.248137351008834890e-09
1.922958910226767442e-03 2.162975873602822295e-09
1.945225724971402217e-03 2.229199849109957041e-09
1.967750377278885965e-03 2.220096825653400757e-09
1.990535852767486274e-03 2.167796402337628531e-09
2.013585171627295303e-03 2.248539213216790185e-09
2.036901389020564709e-03 2.196810014792325296e-09
2.060487595486651478e-03 2.191130129807976660e-09
2.084346917351677202e-03 2.243105311256240557e-09
2.108482517142910590e-03 2.184560912440126427e-09
2.132897594007962527e-03 2.239114205992299254e-09
2.157595384138824915e-03 2.205395374121044115e-09
2.182579161200830058e-03 2.196566784456835618e-09
2.207852236766562250e-03 2.241102779919546369e-09
2.233417960754816977e-03 2.187181106656716777e-09
2.259279721874612491e-03 2.244807417519950304e-09
2.285440948074375211e-03 2.186528588420952351e-09
2.311905106996301092e-03 2.212298768394790676e-09
2.338675706435989696e-03 2.224646524889055118e-09
2.365756294807400822e-03 2.195344663834902860e-09
2.393150461613189652e-03 2.244071900881454695e-09
2.420861837920496723e-03 2.185107895567925609e-09
2.448894096842230052e-03 2.254239696981974636e-09
2.477250954023952571e-03 2.190870008803245995e-09
2.505936168136361879e-03 2.245498308068539752e-09
2.534953541373521912e-03 2.191319245188136114e-09
2.564306919956823531e-03 2.243294322231910130e-09
2.594000194644804566e-03 2.196821493015719452e-09
2.624037301248860997e-03 2.234459543398476276e-09
2.654422221154941613e-03 2.208775694055067591e-09
2.685158981851263043e-03 2.237144042971568798e-09
2.716251657462167429e-03 2.207942075121813479e-09
2.747704369288123203e-03 2.239316402863309852e-09
2.779521286352018127e-03 2.197628937149035809e-09
2.811706625951745052e-03 2.240750873525770186e-09
2.844264654219206146e-03 2.199491473649074552e-09
2.877199686685782878e-03 2.246751798279371347e-09
2.910516088854357610e-03 2.193507740175848331e-09
2.944218276777944062e-03 2.241206666114585643e-09
2.978310717645054565e-03 2.200445197821458873e-09
3.012797930371789810e-03 2.228674470224453987e-09
3.047684486200846234e-03 2.215674687229397072e-09
3.082975009307410696e-03 2.208054116528062605e-09
3.118674177412095096e-03 2.246385548128550975e-09
3.154786722400964270e-03 2.200850644545536408e-09
3.191317430952740879e-03 2.244790623431945407e-09
3.228271145173277484e-03 2.212634082279800776e-09
3.265652763237360864e-03 2.213035490906710317e-09
3.303467240037981714e-03 2.244306028481080060e-09
3.341719587843073637e-03 2.197572719401647334e-09
3.380414876959908325e-03 2.231031246586883927e-09
3.419558236407145221e-03 2.226132738928596637e-09
3.459154854594680920e-03 2.193372277999871559e-09
3.499209980011365115e-03 2.243429759183785055e-09
3.539728921920689761e-03 2.228003646341646590e-09
3.580717051064509580e-03 2.198202254976975359e-09
3.622179800374952623e-03 2.235391939744831355e-09
3.664122665694521767e-03 2.228629540479673356e-09
3.706551206504587938e-03 2.199810807505220549e-09
3.749471046662278956e-03 2.233977674127519933e-09
3.792887875145917534e-03 2.242665761986495958e-09
3.836807446809092567e-03 2.202964754999630867e-09
3.881235583143459542e-03 2.209293146217461567e-09
3.926178173050358551e-03 2.238204679457161635e-09
3.971641173621410364e-03 2.225268318503279207e-09
4.017630610928087966e-03 2.202683731191842728e-09
4.064152580820497296e-03 2.213292758506236104e-09
4.111213249735355506e-03 2.236733396197536582e-09
4.158818855513353625e-03 2.228832758981759211e-09
4.206975708225972610e-03 2.205708477865456374e-09
4.255690191011878530e-03 2.204053764340324469e-09
4.304968760923003589e-03 2.221960538584619912e-09
4.354817949780402306e-03 2.231571140544155482e-09
4.405244365040072822e-03 2.225178610751451167e-09
4.456254690668728577e-03 2.209958913698722797e-09
4.507855688029784036e-03 2.197826798621412790e-09
4.560054196779547535e-03 2.196060861146710628e-09
4.612857135773812921e-03 2.218854451622322676e-09
4.666271503984951476e-03 2.221074246643755789e-09
4.720304381429617745e-03 2.235661233249526108e-09
4.774962930107178559e-03 2.227767144692002246e-09
4.830254394949069947e-03 2.214953712073297880e-09
4.886186104779054185e-03 2.215614599133894110e-09
4.942765473284694427e-03 2.206333666937620396e-09
4.999999999999998369e-03 2.200759755110381465e-09
5.057897271299490252e-03 2.199604323965761054e-09
5.116464961403772820e-03 2.198952054390940602e-09
5.175710833396719723e-03 2.200776592346525936e-09
5.235642740254496143e-03 2.201136795868444107e-09
5.296268625886442309e-03 2.205028719441015196e-09
5.357596526188034176e-03 2.201368197881265435e-09
5.419634570106018380e-03 2.199477792203159803e-09
5.482390980715924449e-03 2.197971337700158086e-09
5.545874076312003707e-03 2.200237746408304801e-09
5.610092271509814314e-03 2.191160631239565121e-09
5.675054078361577332e-03 2.203618655600147443e-09
5.740768107484413990e-03 2.192758651712324013e-09
5.807243069201712196e-03 2.203572287493685072e-09
5.874487774697644861e-03 2.218901979531109764e-09
5.942511137185094161e-03 2.223734888641357705e-09
6.011322173087065013e-03 2.221974616337545997e-09
6.080930003231838424e-03 2.215883784213552460e-09
6.151343854061904620e-03 2.201472866795162350e-09
6.222573058856927485e-03 2.195711688853069765e-09
6.294627058970836582e-03 2.197546378766055937e-09
6.367515405083306983e-03 2.211847266058184948e-09
6.441247758465667647e-03 2.217311495981404104e-09
6.515833892261499449e-03 2.207693490958911493e-09
6.591283692782035596e-03 2.194240564534422631e-09
6.667607160816618576e-03 2.197360413803031021e-09
6.744814412958264824e-03 2.212866985612951319e-09
6.822915682944625040e-03 2.209055559487500287e-09
6.901921323014424334e-03 2.192773447756604217e-09
6.981841805279687466e-03 2.209958426695810834e-09
7.062687723113769168e-03 2.210354551892079828e-09
7.144469792555517389e-03 2.191137479679314368e-09
7.227198853729639716e-03 2.207727805956393078e-09
7.310885872283590450e-03 2.203831358654029996e-09
7.395541940841034688e-03 2.187950844618018352e-09
7.481178280472170448e-03 2.206118119871864479e-09
7.567806242181043287e-03 2.189496966764880374e-09
7.655437308410150896e-03 2.200682861602840918e-09
7.744083094562405345e-03 2.197328398618064306e-09
7.833755350540741805e-03 2.193534197609163963e-09
7.924465962305568892e-03 2.198120087356538429e-09
8.016226953450207235e-03 2.190718386821641342e-09
8.109050486794647586e-03 2.200647204608305685e-09
8.202948865997691796e-03 2.192049794296537184e-09
8.297934537187804521e-03 2.191365761470673140e-09
8.394020090612802285e-03 2.195142412659846113e-09
8.491218262308719913e-03 2.183207891176143154e-09
8.589541935787937607e-03 2.199312869860270265e-09
8.689004143746880890e-03 2.186381734391742277e-09
8.789618069793463453e-03 2.189156609727967088e-09
8.891397050194612892e-03 2.198407629457175183e-09
8.994354575643934840e-03 2.183082194413993645e-09
9.098504293049919714e-03 2.187140234983275928e-09
9.203860007344778771e-03 2.196059905516172959e-09
9.310435683314336255e-03 2.188002054695659621e-09
9.418245447448998428e-03 2.178595641423566584e-09
9.527303589816240106e-03 2.184265626530996126e-09
9.637624565954681574e-03 2.193758883913603294e-09
9.749222998790224234e-03 2.188428208556087325e-09
9.862113680574265823e-03 2.183865106938741203e-09
9.976311574844402841e-03 2.178142035151448245e-09
1.009183181840780756e-02 2.172859257897041661e-09
1.020868972334764563e-02 2.178293276130254772e-09
1.032690077905264354e-02 2.179203297585424533e-09
1.044648065427019115e-02 2.180064274523683073e-09
1.056744519918323584e-02 2.183297667391148717e-09
1.068981044751115932e-02 2.181861779767680348e-09
1.081359261863509835e-02 2.182841573654134923e-09
1.093880811974775637e-02 2.176418145976474435e-09
1.106547354802819329e-02 2.169617307299362017e-09
1.119360569284169951e-02 2.171976563393366767e-09
1.132322153796529694e-02 2.170533739368941081e-09
1.145433826383886189e-02 2.173907445852298453e-09
1.158697324984239718e-02 2.179304579658798589e-09
1.172114407659961138e-02 2.181184956897205692e-09
1.185686852830827344e-02 2.173229999419169440e-09
1.199416459509744862e-02 2.166956530943764876e-09
1.213305047541208236e-02 2.171133656473585426e-09
1.227354457842515234e-02 2.179159076726838651e-09
1.241566552647785197e-02 2.169053615376306531e-09
1.255943215754789372e-02 2.169972034246897724e-09
1.270486352774653251e-02 2.176142321392685833e-09
1.285197891384431967e-02 2.163073074068356200e-09
1.300079781582635929e-02 2.172519772214654773e-09
1.315133995947690565e-02 2.165377328911062342e-09
1.330362529899405469e-02 2.167360569903619919e-09
1.345767401963458149e-02 2.164730111545664423e-09
1.361350654038956040e-02 2.169091010109511014e-09
1.377114351669082859e-02 2.160569821793706561e-09
1.393060584314884456e-02 2.169391132710761816e-09
1.409191465632227309e-02 2.159189716917749116e-09
1.425509133751954628e-02 2.162339381220609559e-09
1.442015751563302701e-02 2.168064358529816371e-09
1.458713507000582686e-02 2.165165816436138933e-09
1.475604613333193239e-02 2.155465436679315025e-09
1.492691309458979952e-02 2.160828720977097956e-09
1.509975860201007852e-02 2.163981741177673688e-09
1.527460556607756169e-02 2.160096128673548827e-09
1.545147716256796075e-02 2.158412871559070390e-09
1.563039683561977602e-02 2.155241699739094225e-09
1.581138830084189567e-02 2.152376767583758953e-09
1.599447554845698227e-02 2.151885180676623126e-09
1.617968284648142047e-02 2.151897125364794815e-09
1.636703474394191060e-02 2.152988403916689792e-09
1.655655607412955324e-02 2.148066445538846328e-09
1.674827195789137593e-02 2.156967388930041053e-09
1.694220780696013146e-02 2.155720096676431837e-09
1.713838932732252018e-02 2.151586539488683169e-09
1.733684252262658251e-02 2.145795418402503763e-09
1.753759369762839665e-02 2.150326631546873694e-09
1.774066946167878259e-02 2.152352940593992383e-09
1.794609673225026208e-02 2.144960655282562546e-09
1.815390273850506220e-02 2.149433750324196118e-09
1.836411502490422482e-02 2.147055935635944328e-09
1.857676145485861671e-02 2.146807919813060275e-09
1.879187021442221134e-02 2.155113098755516458e-09
1.900946981602805869e-02 2.142815101516227790e-09
1.922958910226767182e-02 2.142045935498086649e-09
1.945225724971402087e-02 2.146709380104064338e-09
1.967750377278887700e-02 2.138950553187654756e-09
1.990535852767486014e-02 2.136103964453296355e-09
2.013585171627295042e-02 2.144535132840827053e-09
2.036901389020562975e-02 2.141476552757306554e-09
2.060487595486651738e-02 2.136963823982732053e-09
2.084346917351677028e-02 2.135072230016728444e-09
2.108482517142910850e-02 2.133045265608788482e-09
2.132897594007962527e-02 2.132317702790885079e-09
2.157595384138826650e-02 2.132590838120729187e-09
2.182579161200829884e-02 2.131957702751017262e-09
2.207852236766562337e-02 2.134232610318980930e-09
2.233417960754814982e-02 2.137302855940843141e-09
2.259279721874613012e-02 2.135440816622522869e-09
2.285440948074375644e-02 2.130214794456831630e-09
2.311905106996300918e-02 2.129615293717512464e-09
2.338675706435990390e-02 2.133423262904529646e-09
2.365756294807403598e-02 2.126712243184312460e-09
2.393150461613192254e-02 2.132076108780261579e-09
2.420861837920496376e-02 2.124378725087197313e-09
2.448894096842230139e-02 2.130432597949119466e-09
2.477250954023949708e-02 2.123851490387052368e-09
2.505936168136362052e-02 2.124833012712058422e-09
2.534953541373521912e-02 2.128310390913790502e-09
2.564306919956823791e-02 2.125672960659599729e-09
2.594000194644804219e-02 2.121504416823125598e-09
2.624037301248863946e-02 2.119879859102058761e-09
2.654422221154941960e-02 2.119217828853660536e-09
2.685158981851263130e-02 2.118014047204805603e-09
2.716251657462164654e-02 2.117415482975782296e-09
2.747704369288123810e-02 2.119861203474102457e-09
2.779521286352018214e-02 2.118692888272457384e-09
2.811706625951744878e-02 2.120220570628037501e-09
2.844264654219206059e-02 2.114822372585251213e-09
2.877199686685785740e-02 2.116847708139395888e-09
2.910516088854357350e-02 2.118253675175029901e-09
2.944218276777944496e-02 2.117500604046219275e-09
2.978310717645051356e-02 2.114615811009506142e-09
3.012797930371790070e-02 2.112636733988396874e-09
3.047684486200846407e-02 2.109139922279839711e-09
3.082975009307410696e-02 2.110488148043375862e-09
3.118674177412095530e-02 2.112760538831481631e-09
3.154786722400967913e-02 2.112393789813246720e-09
3.191317430952744089e-02 2.110763948949109504e-09
3.228271145173277484e-02 2.110250297366016137e-09
3.265652763237360950e-02 2.109502923274676921e-09
3.303467240037977898e-02 2.107850031951980649e-09
3.341719587843073463e-02 2.110544811231153865e-09
3.380414876959908499e-02 2.105235118505932146e-09
3.419558236407146262e-02 2.106242480805158006e-09
3.459154854594680834e-02 2.100852554218601918e-09
3.499209980011368931e-02 2.104352635058015066e-09
3.539728921920690108e-02 2.100453589654465345e-09
3.580717051064509493e-02 2.105683018541988211e-09
3.622179800374948633e-02 2.102013567686357880e-09
3.664122665694521247e-02 2.101342002043861055e-09
3.706551206504588025e-02 2.099820001074484758e-09
3.749471046662278262e-02 2.098564753312316244e-09
3.792887875145917187e-02 2.097722802296676208e-09
3.836807446809096384e-02 2.097630916793556661e-09
3.881235583143458762e-02 2.095046831334404725e-09
3.926178173050358378e-02 2.092511894485724555e-09
3.971641173621406201e-02 2.094856969997268533e-09
4.017630610928087792e-02 2.090821905913553293e-09
4.064152580820496602e-02 2.093392277875158883e-09
4.111213249735355679e-02 2.091386124622250352e-09
4.158818855513353452e-02 2.087798413690467458e-09
4.206975708225977467e-02 2.087699210813824266e-09
4.255690191011882867e-02 2.089625401559542475e-09
4.304968760923003068e-02 2.086551826913541891e-09
4.354817949780401959e-02 2.084595169575397654e-09
4.405244365040067445e-02 2.084235476684905734e-09
4.456254690668728924e-02 2.086726830966794258e-09
4.507855688029784730e-02 2.082985772885684538e-09
4.560054196779547708e-02 2.079669206403886583e-09
4.612857135773813788e-02 2.080837455513607152e-09
4.666271503984956853e-02 2.083055279357869726e-09
4.720304381429617224e-02 2.082604088860802358e-09
4.774962930107179426e-02 2.080274642613225562e-09
4.830254394949064223e-02 2.080025348590823451e-09
4.886186104779054878e-02 2.075832433546594081e-09
4.942765473284694427e-02 2.078874925176999070e-09
4.999999999999998890e-02 2.075055971654674008e-09
5.057897271299490599e-02 2.078264888087245630e-09
5.116464961403772299e-02 2.073382060530538553e-09
5.175710833396720417e-02 2.075271676638035706e-09
5.235642740254496663e-02 2.075108733128744297e-09
5.296268625886443177e-02 2.072704920005264265e-09
5.357596526188034697e-02 2.072408935730906088e-09
5.419634570106018207e-02 2.072186449404279580e-09
5.482390980715924622e-02 2.070913639000588306e-09
5.545874076312003881e-02 2.068362785236825096e-09
5.610092271509819345e-02 2.069253765901851225e-09
5.675054078361576465e-02 2.066836292693831213e-09
5.740768107484413296e-02 2.069019048284086676e-09
5.807243069201711849e-02 2.067911088691206134e-09
5.874487774697650933e-02 2.062223729577918487e-09
5.942511137185093467e-02 2.065455456251181130e-09
6.011322173087065013e-02 2.063437957189263100e-09
6.080930003231838077e-02 2.061080902134932852e-09
6.151343854061905314e-02 2.062788931819077347e-09
6.222573058856927658e-02 2.058918305884800729e-09
6.294627058970836408e-02 2.059481764793705198e-09
6.367515405083307156e-02 2.059915833106624743e-09
6.441247758465666606e-02 2.060076905151299967e-09
6.515833892261499449e-02 2.057072191730189540e-09
6.591283692782035075e-02 2.056442200498469648e-09
6.667607160816618750e-02 2.054188222356221336e-09
6.744814412958265171e-02 2.054734612851147288e-09
6.822915682944626081e-02 2.053243061037472897e-09
6.901921323014426068e-02 2.054975804238563803e-09
6.981841805279687119e-02 2.051171923948094116e-09
7.062687723113769689e-02 2.050099326262754045e-09
7.144469792555516174e-02 2.049571628811508145e-09
7.227198853729638328e-02 2.050405908579902047e-09
7.310885872283590103e-02 2.049070712079289175e-09
7.395541940841034168e-02 2.048179896983297352e-09
7.481178280472169928e-02 2.046331901865880914e-09
7.567806242181041032e-02 2.047018672201796282e-09
7.655437308410149855e-02 2.046455545849456886e-09
7.744083094562403957e-02 2.044266246244251422e-09
7.833755350540749784e-02 2.044739571891315446e-09
7.924465962305569933e-02 2.042795811615630732e-09
8.016226953450207582e-02 2.043078671569732801e-09
8.109050486794647239e-02 2.038015234994366415e-09
8.202948865997691796e-02 2.041008906138570427e-09
8.297934537187805215e-02 2.039830424317286593e-09
8.394020090612801244e-02 2.035905422351832185e-09
8.491218262308719567e-02 2.039459945892228410e-09
8.589541935787935178e-02 2.037328886868338716e-09
8.689004143746879849e-02 2.036162510365612943e-09
8.789618069793463107e-02 2.032229835580759694e-09
8.891397050194613239e-02 2.036050146453594088e-09
8.994354575643936922e-02 2.034093570156812697e-09
9.098504293049920755e-02 2.033236819550182286e-09
9.203860007344782934e-02 2.031715222380679463e-09
9.310435683314337296e-02 2.030401976485424627e-09
9.418245447449000163e-02 2.030364814379873915e-09
9.527303589816239759e-02 2.037075863027509501e-09
9.637624565954681921e-02 2.023507459033164450e-09
9.749222998790225969e-02 2.028530100509201482e-09
9.862113680574266517e-02 2.023975595223455601e-09
9.976311574844401453e-02 2.026772694111773182e-09
1.009183181840780652e-01 2.022807878230749213e-09
1.020868972334764563e-01 2.022373170147023676e-09
1.032690077905264459e-01 2.023937096032228685e-09
1.044648065427020295e-01 2.021849339464958858e-09
1.056744519918323688e-01 2.023032038971343607e-09
1.068981044751115966e-01 2.022492327731270590e-09
1.081359261863509835e-01 2.029140784841036945e-09
1.093880811974775741e-01 2.018708820981248448e-09
1.106547354802819155e-01 2.017304563805495795e-09
1.119360569284169882e-01 2.018338771333080948e-09
1.132322153796529590e-01 2.015990192686625143e-09
1.145433826383886050e-01 2.013979384902739854e-09
1.158697324984239718e-01 2.014246372391976281e-09
1.172114407659961138e-01 2.014521507118759210e-09
1.185686852830827448e-01 2.011684650779388659e-09
1.199416459509744792e-01 2.011349451156968753e-09
1.213305047541208270e-01 2.010140173249212989e-09
1.227354457842515373e-01 2.006789492621501477e-09
1.241566552647785093e-01 2.002272565264495659e-09
1.255943215754789510e-01 2.018302729634572606e-09
1.270486352774652938e-01 2.007008979103847089e-09
1.285197891384432245e-01 2.005435800977619081e-09
1.300079781582635929e-01 2.006266903038001316e-09
1.315133995947690426e-01 2.005293720980983512e-09
1.330362529899405399e-01 2.003942900759885854e-09
1.345767401963458010e-01 2.004637065760488630e-09
1.361350654038956109e-01 2.002699493665129889e-09
1.377114351669082859e-01 2.003006235295238103e-09
1.393060584314886052e-01 2.001584356753110142e-09
1.409191465632227414e-01 2.000092231851051203e-09
1.425509133751954594e-01 1.990149140338387277e-09
1.442015751563302528e-01 2.010611555731394284e-09
1.458713507000582721e-01 1.998217960257248376e-09
1.475604613333193205e-01 1.996237758617980624e-09
1.492691309458979987e-01 1.995664190831808238e-09
1.509975860201007714e-01 1.994747398488401423e-09
1.527460556607755926e-01 1.995650447217100516e-09
1.545147716256795867e-01 1.992875073433397602e-09
1.563039683561977256e-01 1.994545475553931949e-09
1.581138830084189428e-01 1.993188348719612208e-09
1.599447554845698227e-01 1.992385081532629589e-09
1.617968284648141908e-01 1.990307632301294545e-09
1.636703474394191060e-01 1.989277394149954106e-09
1.655655607412955255e-01 1.988463037661494104e-09
1.674827195789137801e-01 1.986557169952920830e-09
1.694220780696013284e-01 1.985459379174645405e-09
1.713838932732252018e-01 1.985323761954146911e-09
1.733684252262658043e-01 1.985007808028830170e-09
1.753759369762839249e-01 1.984772889628217277e-09
1.774066946167878189e-01 1.982842798250325868e-09
1.794609673225026625e-01 1.981972527729998263e-09
1.815390273850506775e-01 1.981423100995438377e-09
1.836411502490423175e-01 1.980008147427797823e-09
1.857676145485863684e-01 1.980100820707760289e-09
1.879187021442220995e-01 1.978543818498200381e-09
1.900946981602806007e-01 1.979719252700209962e-09
1.922958910226767459e-01 1.973227814487015780e-09
1.945225724971401948e-01 2.012212567556358435e-09
1.967750377278887908e-01 1.967451979771628662e-09
1.990535852767486291e-01 1.974122469537640205e-09
2.013585171627295389e-01 1.974441440534116996e-09
2.036901389020563113e-01 1.973635552891675406e-09
2.060487595486651669e-01 1.973145011499158006e-09
2.084346917351677098e-01 1.971532564575412602e-09
2.108482517142910573e-01 1.975263017369134972e-09
2.132897594007962250e-01 1.970245310244577754e-09
2.157595384138826788e-01 1.970407827472223391e-09
2.182579161200829954e-01 1.968157627106474597e-09
2.207852236766562337e-01 1.967695627755635154e-09
2.233417960754814358e-01 1.965749318092527329e-09
2.259279721874612734e-01 1.966089060777425007e-09
2.285440948074375644e-01 1.964228114568013949e-09
2.311905106996301196e-01 1.962294682922655768e-09
2.338675706435990320e-01 1.962839320611784939e-09
2.365756294807403459e-01 1.966986433040669679e-09
2.393150461613192115e-01 1.966292967522442728e-09
2.420861837920496862e-01 1.960142382534162177e-09
2.448894096842230417e-01 2.021689017728892551e-09
2.477250954023952345e-01 1.959105975054651646e-09
2.505936168136362330e-01 1.957207438028895475e-09
2.534953541373521912e-01 1.956916357135279377e-09
2.564306919956823583e-01 1.956400085123083082e-09
2.594000194644804358e-01 1.955173684738463437e-09
2.624037301248863807e-01 1.952103740065666998e-09
2.654422221154941752e-01 1.952891650020399901e-09
2.685158981851262783e-01 1.951991199020569731e-09
2.716251657462164792e-01 1.953058724163919216e-09
2.747704369288123671e-01 1.950778904471626536e-09
2.779521286352018006e-01 1.950554360335022660e-09
2.811706625951744809e-01 1.948060367134383507e-09
2.844264654219206268e-01 1.949495527264123369e-09
2.877199686685785740e-01 1.947319906113089535e-09
2.910516088854357419e-01 1.946071057856446072e-09
2.944218276777944010e-01 1.945371581022694140e-09
2.978310717645051287e-01 1.945188265750713561e-09
3.012797930371790001e-01 1.948095808337962613e-09
3.047684486200846199e-01 1.942713700115757460e-09
3.082975009307410419e-01 1.942091630004398412e-09
3.118674177412095183e-01 1.940283637916436185e-09
3.154786722400966803e-01 1.940316007353231715e-09
3.191317430952744227e-01 1.940099630256457585e-09
3.228271145173277623e-01 1.937733599882408829e-09
3.265652763237361089e-01 1.938153683246946355e-09
3.303467240037981645e-01 1.939323943174216734e-09
3.341719587843073880e-01 1.936155460168986074e-09
3.380414876959908499e-01 1.935763930457354648e-09
3.419558236407145846e-01 1.935336301131778414e-09
3.459154854594680417e-01 1.934228591332101558e-09
3.499209980011368515e-01 1.932559626295788850e-09
3.539728921920689553e-01 1.930619195458918491e-09
3.580717051064509215e-01 1.932671035871605035e-09
3.622179800374948355e-01 1.930990912287966983e-09
3.664122665694521941e-01 1.929502926017548897e-09
3.706551206504587470e-01 1.927757705108180316e-09
3.749471046662278817e-01 1.927189312084455716e-09
3.792887875145917742e-01 1.929453527376060674e-09
3.836807446809096245e-01 1.926275459799212795e-09
3.881235583143459178e-01 1.928634363711660089e-09
3.926178173050358100e-01 1.924295297767929026e-09
3.971641173621405785e-01 1.923734841564445438e-09
4.017630610928088486e-01 1.922754562325781091e-09
4.064152580820497018e-01 1.922500081356461096e-09
4.111213249735355402e-01 1.919823600750274740e-09
4.158818855513353729e-01 1.921231895263675666e-09
4.206975708225977328e-01 1.918591285038377795e-09
4.255690191011883283e-01 1.917484437327951652e-09
4.304968760923003623e-01 1.945064153259870798e-09
4.354817949780401820e-01 1.917710486932765795e-09
4.405244365040072441e-01 1.917428326721048473e-09
4.456254690668728924e-01 1.916190709792391145e-09
4.507855688029784313e-01 1.918303343338421412e-09
4.560054196779547153e-01 1.913186788765438786e-09
4.612857135773818507e-01 1.911086894617113177e-09
4.666271503984956714e-01 1.910884163703844961e-09
4.720304381429616947e-01 1.909337992310831907e-09
4.774962930107178871e-01 1.909182954668063017e-09
4.830254394949065055e-01 1.908862695618456137e-09
4.886186104779055572e-01 1.908319968087894625e-09
4.942765473284694844e-01 1.906894176163415372e-09
5.000000000000000000e-01 1.906874257006340311e-09
5.235642740254496941e-01 1.901915452192070583e-09
5.482390980715925455e-01 1.903440063370592307e-09
5.740768107484413019e-01 1.897801462670448064e-09
6.011322173087064735e-01 1.893945595669775981e-09
6.294627058970835298e-01 1.886556932438544908e-09
6.591283692782035075e-01 1.885807773862518130e-09
6.901921323014423848e-01 1.884311155046040827e-09
7.227198853729638328e-01 1.879931883040360906e-09
7.567806242181041032e-01 1.871713494801122516e-09
7.924465962305566880e-01 1.874061821136054692e-09
8.297934537187802162e-01 1.869186872409432109e-09
8.689004143746876796e-01 1.865784951661435758e-09
9.098504293049917147e-01 1.863217649299898089e-09
9.527303589816237261e-01 1.866640401257469008e-09
9.976311574844398677e-01 1.838485922303676860e-09
1.044648065427019601e+00 1.852625685828039176e-09
1.093880811974776268e+00 1.849494369121262065e-09
1.145433826383886355e+00 1.846309338172428357e-09
1.199416459509745181e+00 1.842586998829342997e-09
1.255943215754790065e+00 1.837491497897160154e-09
1.315133995947690870e+00 1.835677734148552550e-09
1.377114351669083137e+00 1.833059326292330811e-09
1.442015751563303194e+00 1.826106933477358508e-09
1.509975860201008047e+00 1.825474111887789951e-09
1.581138830084189539e+00 1.826059358808233165e-09
1.655655607412955588e+00 1.819475078709285581e-09
1.733684252262658321e+00 1.819144336358054545e-09
1.815390273850506775e+00 1.813990992859448941e-09
1.900946981602805730e+00 1.810253168979540455e-09
1.990535852767486125e+00 1.830237453834926049e-09
2.084346917351676876e+00 1.819937613212316129e-09
2.182579161200830065e+00 1.797504885190918034e-09
2.285440948074374923e+00 1.796845128685345177e-09
2.393150461613192004e+00 1.790989738501569057e-09
2.505936168136361886e+00 1.790449816074020053e-09
2.624037301248862697e+00 1.787959408293093527e-09
2.747704369288122450e+00 1.782928267949894592e-09
2.877199686685785185e+00 1.781787124404944279e-09
3.012797930371788890e+00 1.776826894142486961e-09
3.154786722400966248e+00 1.773440513813777866e-09
3.303467240037980091e+00 1.770774386016521292e-09
3.459154854594682416e+00 1.767928284269441348e-09
3.622179800374950354e+00 1.762034801039960463e-09
3.792887875145919185e+00 1.761774885650153987e-09
3.971641173621408338e+00 1.764375618437400599e-09
4.158818855513356283e+00 1.697103115925602680e-09
4.354817949780404263e+00 1.750874901731321990e-09
4.560054196779547375e+00 1.745978764742337563e-09
4.774962930107178316e+00 1.744400140497006815e-09
5.000000000000000000e+00 1.742658110529622152e-09
6.294627058970836408e+00 1.724898056433944092e-09
7.924465962305568212e+00 1.707002575101532070e-09
9.976311574844396901e+00 1.695302857058499885e-09
1.255943215754790110e+01 1.675613421394468212e-09
1.581138830084189451e+01 1.659572022114936829e-09
1.990535852767485991e+01 1.642214178445459485e-09
2.505936168136361886e+01 1.627400517860564994e-09
3.154786722400966426e+01 1.610113648926530973e-09
3.971641173621406296e+01 1.596383463528982583e-09
4.999999999999999289e+01 1.581123038504542562e-09
