1.857676145485863888e-05 1.328762748012816271e-13
1.900946981602805844e-05 7.191852942036896813e-13
1.945225724971401946e-05 2.365737389792460872e-12
1.990535852767484390e-05 5.113063440562257757e-12
2.036901389020564723e-05 9.010908824303615858e-12
2.084346917351677256e-05 1.411972365163314455e-11
2.132897594007962175e-05 2.049685514845957240e-11
2.182579161200832375e-05 2.819459146398274928e-11
2.233417960754817411e-05 3.730761361254918662e-11
2.285440948074375482e-05 4.790340105128092253e-11
2.338675706435990468e-05 6.006270086102838291e-11
2.393150461613189502e-05 7.389984073919838304e-11
2.448894096842227708e-05 8.944239947880245874e-11
2.505936168136361892e-05 1.068345875082744650e-10
2.564306919956823707e-05 1.261591802703523239e-10
2.624037301248860956e-05 1.475162900335798514e-10
2.685158981851266228e-05 1.709600034397277712e-10
2.747704369288123718e-05 1.966445568858792347e-10
2.811706625951745011e-05 2.246417059932576784e-10
2.877199686685782864e-05 2.549487419458319677e-10
2.944218276777942002e-05 2.877930897357829598e-10
3.012797930371790298e-05 3.231497010582630016e-10
3.082975009307410534e-05 3.611558019955596072e-10
3.154786722400964650e-05 4.016786018499636122e-10
3.228271145173280656e-05 4.449199013927363733e-10
3.303467240037981687e-05 4.908537326701736406e-10
3.380414876959908759e-05 5.394270745318598886e-10
3.459154854594680595e-05 5.906892155702211658e-10
3.539728921920685885e-05 6.444871506196768096e-10
3.622179800374952406e-05 7.008718684221369930e-10
3.706551206504588155e-05 7.593392478674153205e-10
3.792887875145916558e-05 8.198424299046162558e-10
3.881235583143462361e-05 8.827370584176043438e-10
3.971641173621411042e-05 9.472037867771150384e-10
4.064152580820496591e-05 1.012996104916152047e-09
4.158818855513353842e-05 1.079329308086338189e-09
4.255690191011877717e-05 1.146950910622360948e-09
4.354817949780398050e-05 1.214285003518100072e-09
4.456254690668728712e-05 1.281324708262346825e-09
4.560054196779547508e-05 1.347215959400379484e-09
4.666271503984952289e-05 1.411535401770715397e-09
4.774962930107184414e-05 1.473504629059859475e-09
4.886186104779054808e-05 1.532174058112290902e-09
4.999999999999998207e-05 1.587254336032996850e-09
5.057897271299490442e-05 1.612991386661159302e-09
5.116464961403767209e-05 1.637823043987002005e-09
5.175710833396714221e-05 1.660214719782571164e-09
5.235642740254491318e-05 1.681946956435942684e-09
5.296268625886447866e-05 1.702306855800213944e-09
5.357596526188034854e-05 1.720984884226934094e-09
5.419634570106018624e-05 1.737275909839452516e-09
5.482390980715924394e-05 1.751745943749695726e-09
5.545874076312003003e-05 1.764414968612389139e-09
5.610092271509813691e-05 1.775450337645934109e-09
5.675054078361570665e-05 1.783881957938138059e-09
5.740768107484407919e-05 1.790548974942069304e-09
5.807243069201718186e-05 1.794980845565225003e-09
5.874487774697651393e-05 1.796662925092113571e-09
5.942511137185093809e-05 1.796355668655804759e-09
6.011322173087064877e-05 1.793443048339006960e-09
6.080930003231838695e-05 1.787647981558811547e-09
6.151343854061905325e-05 1.780426914520870966e-09
6.222573058856921034e-05 1.769850098915496604e-09
6.294627058970830402e-05 1.756927264915117588e-09
6.367515405083314138e-05 1.742067783615832276e-09
6.441247758465673719e-05 1.724614501644921120e-09
6.515833892261499124e-05 1.704590223707151520e-09
6.591283692782035650e-05 1.682575282318100523e-09
6.667607160816619769e-05 1.658040473692656904e-09
6.744814412958265366e-05 1.631769356137446095e-09
6.822915682944618535e-05 1.603844874848630723e-09
6.901921323014417829e-05 1.573704804384214343e-09
6.981841805279679497e-05 1.541735240630795512e-09
7.062687723113775782e-05 1.509204077810733640e-09
7.144469792555517389e-05 1.474870264722540190e-09
7.227198853729638578e-05 1.439726092733169048e-09
7.310885872283590017e-05 1.404249959799284844e-09
7.395541940841036477e-05 1.367924135662659437e-09
7.481178280472162371e-05 1.331846607635961962e-09
7.567806242181034505e-05 1.295516683001361352e-09
7.655437308410142656e-05 1.259888400460956101e-09
7.744083094562410712e-05 1.225276702007507494e-09
7.833755350540748852e-05 1.191690864177900007e-09
7.924465962305569597e-05 1.159478881288394588e-09
8.016226953450208102e-05 1.129620178307482431e-09
8.109050486794647857e-05 1.101544223345494024e-09
8.202948865997692718e-05 1.076311456093708698e-09
8.297934537187796715e-05 1.053876909941090235e-09
8.394020090612792852e-05 1.035018243287634749e-09
8.491218262308728262e-05 1.019582207685715975e-09
8.589541935787945305e-05 1.007973599611746334e-09
8.689004143746882950e-05 1.000650395862241547e-09
8.789618069793464267e-05 9.977409295463422193e-10
8.891397050194613488e-05 9.993376038807354674e-10
8.994354575643936521e-05 1.005986852694653328e-09
9.098504293049911853e-05 1.017330149233442925e-09
9.203860007344770748e-05 1.033573387171596913e-09
9.310435683314326931e-05 1.054951237710818294e-09
9.418245447449009216e-05 1.081376491172930239e-09
9.527303589816239347e-05 1.112387630067470756e-09
9.637624565954682279e-05 1.148247913163677608e-09
9.749222998790225210e-05 1.188264095725227843e-09
9.862113680574265443e-05 1.232634097701139735e-09
9.976311574844393788e-05 1.280522412686198132e-09
1.009183181840780827e-04 1.331583570719383932e-09
1.020868972334764650e-04 1.385471000335216889e-09
1.032690077905264197e-04 1.441543113191934232e-09
1.044648065427019099e-04 1.498914133604050062e-09
1.056744519918323676e-04 1.557103796336563789e-09
1.068981044751116051e-04 1.615255268204392603e-09
1.081359261863509824e-04 1.672811897142466236e-09
1.093880811974775919e-04 1.728670853128293524e-09
1.106547354802819166e-04 1.781996366851101675e-09
1.119360569284169843e-04 1.832186009548708112e-09
1.132322153796529580e-04 1.878620843219644912e-09
1.145433826383886026e-04 1.919678878276229747e-09
1.158697324984239615e-04 1.955711506068229362e-09
1.172114407659961296e-04 1.985087577041322798e-09
1.185686852830827555e-04 2.008366514523644934e-09
1.199416459509744813e-04 2.024268938508210282e-09
1.213305047541207081e-04 2.032562246690699923e-09
1.227354457842515364e-04 2.032839038910178011e-09
1.241566552647784948e-04 2.026340370611440378e-09
1.255943215754789502e-04 2.011675697075003844e-09
1.270486352774653110e-04 1.989899627660235400e-09
1.285197891384432108e-04 1.960862918588390197e-09
1.300079781582635788e-04 1.926191540402350347e-09
1.315133995947690435e-04 1.886249958436156739e-09
1.330362529899403897e-04 1.841447275638314025e-09
1.345767401963458333e-04 1.793706237145986180e-09
1.361350654038956344e-04 1.744279242464841913e-09
1.377114351669082826e-04 1.693956386426039871e-09
1.393060584314884456e-04 1.644714809940508470e-09
1.409191465632227234e-04 1.597705839433025939e-09
1.425509133751954596e-04 1.554702556001884596e-09
1.442015751563302474e-04 1.517062793777521222e-09
1.458713507000582675e-04 1.485685703208651318e-09
1.475604613333193142e-04 1.462630442050717885e-09
1.492691309458979475e-04 1.448215215740830064e-09
1.509975860201007907e-04 1.443640904347194840e-09
1.527460556607755941e-04 1.449253193219018516e-09
1.545147716256795760e-04 1.465108841627600611e-09
1.563039683561977700e-04 1.490897483626594967e-09
1.581138830084189426e-04 1.526618084179374067e-09
1.599447554845698401e-04 1.571430896596016017e-09
1.617968284648140247e-04 1.623427162786814923e-09
1.636703474394191234e-04 1.681605445575542781e-09
1.655655607412955237e-04 1.744312097329073295e-09
1.674827195789137550e-04 1.809355401924647481e-09
1.694220780696013395e-04 1.873778368362505911e-09
1.713838932732251867e-04 1.936248860294377137e-09
1.733684252262658175e-04 1.993639423125905252e-09
1.753759369762839622e-04 2.043925652633178366e-09
1.774066946167876340e-04 2.085202929068703631e-09
1.794609673225026631e-04 2.115542146350394537e-09
1.815390273850506729e-04 2.133855257871318822e-09
1.836411502490422785e-04 2.139407210932305691e-09
1.857676145485863753e-04 2.132051846454170430e-09
1.879187021442221307e-04 2.111165426349602710e-09
1.900946981602805912e-04 2.079385939110939144e-09
1.922958910226767171e-04 2.037109169113106908e-09
1.945225724971401946e-04 1.986842426244249300e-09
1.967750377278885748e-04 1.931876038397069858e-09
1.990535852767486220e-04 1.874912341924507838e-09
2.013585171627295032e-04 1.819345091225618185e-09
2.036901389020562758e-04 1.768869737331979799e-09
2.060487595486651640e-04 1.726360236517508882e-09
2.084346917351676985e-04 1.694996985496907401e-09
2.108482517142911186e-04 1.677204025280908674e-09
2.132897594007962310e-04 1.674322822524906382e-09
2.157595384138824807e-04 1.687253208237304346e-09
2.182579161200830003e-04 1.716376018514241008e-09
2.207852236766562250e-04 1.758282136014665803e-09
2.233417960754814700e-04 1.812740718767561261e-09
2.259279721874612654e-04 1.875766206483614165e-09
2.285440948074375482e-04 1.942975804399050877e-09
2.311905106996301417e-04 2.010147361148689956e-09
2.338675706435990400e-04 2.072383525485240814e-09
2.365756294807401202e-04 2.125527879443988080e-09
2.393150461613192416e-04 2.165179740770372167e-09
2.420861837920496398e-04 2.188828115656511081e-09
2.448894096842230486e-04 2.194640125261778077e-09
2.477250954023952571e-04 2.181793149226911562e-09
2.505936168136362096e-04 2.150809637423569781e-09
2.534953541373521587e-04 2.106319320463332080e-09
2.564306919956823639e-04 2.051088163853817382e-09
2.594000194644803916e-04 1.990924511624402002e-09
2.624037301248860888e-04 1.931169976459912212e-09
2.654422221154941939e-04 1.878660606862430557e-09
2.685158981851263043e-04 1.839172756481728774e-09
2.716251657462165044e-04 1.816348731501160311e-09
2.747704369288123854e-04 1.814083241912257698e-09
2.779521286352018127e-04 1.832521049156506682e-09
2.811706625951744943e-04 1.871027884100910807e-09
2.844264654219205712e-04 1.925873809278166943e-09
2.877199686685782661e-04 1.991261057096401429e-09
2.910516088854357393e-04 2.060538171664848134e-09
2.944218276777944170e-04 2.125101303730308732e-09
2.978310717645051204e-04 2.178522658702692424e-09
3.012797930371790027e-04 2.214211664994924649e-09
3.047684486200846234e-04 2.227457038979745637e-09
3.082975009307410263e-04 2.216951047325014329e-09
3.118674177412095313e-04 2.184012242099343283e-09
3.154786722400963837e-04 2.133488127200104453e-09
3.191317430952744457e-04 2.072715425638245988e-09
3.228271145173277267e-04 2.010159914132661990e-09
3.265652763237360972e-04 1.955998571126620311e-09
3.303467240037981823e-04 1.918432150691557966e-09
3.341719587843073962e-04 1.904000679887369610e-09
3.380414876959908759e-04 1.915763490923153463e-09
3.419558236407145113e-04 1.952792217126346221e-09
3.459154854594681137e-04 2.009706007849444032e-09
3.499209980011365223e-04 2.078014654899275145e-09
3.539728921920690086e-04 2.146072158803800385e-09
3.580717051064509905e-04 2.203323229778973528e-09
3.622179800374948611e-04 2.239119613363975362e-09
3.664122665694521551e-04 2.247791176581421795e-09
3.706551206504587613e-04 2.227509819928580728e-09
3.749471046662278739e-04 2.182195192728807680e-09
3.792887875145917100e-04 2.119763665496028593e-09
3.836807446809091808e-04 2.056830869307140871e-09
3.881235583143459109e-04 2.003875914082007376e-09
3.926178173050358226e-04 1.972803311559367919e-09
3.971641173621406028e-04 1.971895266849906396e-09
4.017630610928087857e-04 2.001502591496744776e-09
4.064152580820496862e-04 2.056496669988618341e-09
4.111213249735355181e-04 2.126002819062886308e-09
4.158818855513353300e-04 2.192806427452346185e-09
4.206975708225972393e-04 2.240026280212550408e-09
4.255690191011882867e-04 2.261240017266414602e-09
4.304968760923003155e-04 2.246118657118284644e-09
4.354817949780401981e-04 2.202554330400155718e-09
4.405244365040072822e-04 2.141954286796780212e-09
4.456254690668728577e-04 2.082076728300510305e-09
4.507855688029784470e-04 2.032485052029771307e-09
4.560054196779547643e-04 2.016934354963654145e-09
4.612857135773813463e-04 2.035006050638467595e-09
4.666271503984952018e-04 2.088434648336284425e-09
4.720304381429617636e-04 2.155334000176795663e-09
4.774962930107178993e-04 2.222673037973366590e-09
4.830254394949064960e-04 2.265768150377347753e-09
4.886186104779055486e-04 2.269173722258315113e-09
4.942765473284694211e-04 2.234905805271022745e-09
4.999999999999999020e-04 2.172967824487851044e-09
5.057897271299491120e-04 2.110732053020004199e-09
5.116464961403766531e-04 2.063528224132457172e-09
5.175710833396719507e-04 2.054631033856210348e-09
5.235642740254497010e-04 2.080769843125176193e-09
5.296268625886442309e-04 2.144962930764024988e-09
5.357596526188034176e-04 2.212784965369839870e-09
5.419634570106019031e-04 2.264026398607629393e-09
5.482390980715924666e-04 2.281625996781059812e-09
5.545874076312004358e-04 2.246285158439234729e-09
5.610092271509814097e-04 2.186001737916873422e-09
5.675054078361570394e-04 2.121959936646040410e-09
5.740768107484413340e-04 2.083476371729530526e-09
5.807243069201711546e-04 2.087907788118162409e-09
5.874487774697650716e-04 2.136097780581579658e-09
5.942511137185092860e-04 2.204370898623660989e-09
6.011322173087062844e-04 2.260173964739761788e-09
6.080930003231838424e-04 2.281247837261819225e-09
6.151343854061903970e-04 2.253483446137824052e-09
6.222573058856920762e-04 2.190327112357486638e-09
6.294627058970836365e-04 2.128642141830959553e-09
6.367515405083307633e-04 2.104234880352655742e-09
6.441247758465673719e-04 2.123521568178411691e-09
6.515833892261498582e-04 2.183507542287360198e-09
6.591283692782036463e-04 2.254759942069719546e-09
6.667607160816619227e-04 2.284686321400901962e-09
6.744814412958264824e-04 2.267625456409287539e-09
6.822915682944617451e-04 2.205626993456884141e-09
6.901921323014424334e-04 2.141974493363859148e-09
6.981841805279687899e-04 2.118590566002051304e-09
7.062687723113776324e-04 2.149073731214032899e-09
7.144469792555517389e-04 2.216202422267553816e-09
7.227198853729638849e-04 2.275133734466669067e-09
7.310885872283591101e-04 2.284477184410715008e-09
7.395541940841035122e-04 2.237603454311397774e-09
7.481178280472162642e-04 2.170648964249606963e-09
7.567806242181033963e-04 2.130056961606414204e-09
7.655437308410149161e-04 2.151580953664786089e-09
7.744083094562404478e-04 2.220119118285693606e-09
7.833755350540748310e-04 2.280973963974219129e-09
7.924465962305569326e-04 2.284949961310040969e-09
8.016226953450207018e-04 2.230542383043442615e-09
8.109050486794647586e-04 2.166943737338814053e-09
8.202948865997692447e-04 2.146211374337009982e-09
8.297934537187796715e-04 2.189148998134823654e-09
8.394020090612802068e-04 2.257357927158530196e-09
8.491218262308720130e-04 2.284442905098117722e-09
8.589541935787945847e-04 2.254779758727018368e-09
8.689004143746880239e-04 2.189071257540624947e-09
8.789618069793462369e-04 2.155283872001997215e-09
8.891397050194612675e-04 2.190001699143502669e-09
8.994354575643935708e-04 2.257384118155991143e-09
9.098504293049911040e-04 2.289218397179793863e-09
9.203860007344780506e-04 2.251470938057524666e-09
9.310435683314336689e-04 2.183798270128489473e-09
9.418245447449008403e-04 2.167822887115759671e-09
9.527303589816239890e-04 2.216765920279156923e-09
9.637624565954683092e-04 2.274706158652364948e-09
9.749222998790225752e-04 2.277177329262844437e-09
9.862113680574266256e-04 2.219349564036611918e-09
9.976311574844392432e-04 2.173338306668717421e-09
1.009183181840779715e-03 2.198345270639709830e-09
1.020868972334764650e-03 2.262542602349739631e-09
1.032690077905264224e-03 2.284625544215734040e-09
1.044648065427020156e-03 2.231935932286613741e-09
1.056744519918323541e-03 2.181176184840991457e-09
1.068981044751116105e-03 2.200453881798008275e-09
1.081359261863509879e-03 2.263093394370536456e-09
1.093880811974775810e-03 2.284034051673312418e-09
1.106547354802818028e-03 2.229786362177606655e-09
1.119360569284169734e-03 2.185041717030458767e-09
1.132322153796529608e-03 2.216588467886733139e-09
1.145433826383887056e-03 2.277448618561629161e-09
1.158697324984239588e-03 2.269636401600662440e-09
1.172114407659961052e-03 2.207953527372474246e-09
1.185686852830827474e-03 2.192194537444892870e-09
1.199416459509744732e-03 2.256804915652350177e-09
1.213305047541206891e-03 2.285986918042909916e-09
1.227354457842515364e-03 2.231845890601069132e-09
1.241566552647784894e-03 2.192710644225498642e-09
1.255943215754790803e-03 2.236492260965880742e-09
1.270486352774652947e-03 2.287410226031807449e-09
1.285197891384432271e-03 2.247221596249222422e-09
1.300079781582635843e-03 2.196216879924910456e-09
1.315133995947690435e-03 2.234093463541750595e-09
1.330362529899403951e-03 2.285176552331103635e-09
1.345767401963456761e-03 2.248456916357585280e-09
1.361350654038956127e-03 2.199023517019021488e-09
1.377114351669082772e-03 2.243077394410959050e-09
1.393060584314886191e-03 2.284787377335935630e-09
1.409191465632227396e-03 2.233411845453772148e-09
1.425509133751954758e-03 2.203763836163009396e-09
1.442015751563302745e-03 2.260251521936577957e-09
1.458713507000582730e-03 2.275894016330001253e-09
1.475604613333191895e-03 2.213589470832960455e-09
1.492691309458979909e-03 2.222836743893366369e-09
1.509975860201007852e-03 2.279418526276597268e-09
1.527460556607757513e-03 2.241851867694161586e-09
1.545147716256795815e-03 2.208536229174201465e-09
1.563039683561977646e-03 2.264895547403619162e-09
1.581138830084189480e-03 2.269491804102586650e-09
1.599447554845698401e-03 2.210233892182573004e-09
1.617968284648140572e-03 2.243386457946966250e-09
1.636703474394191234e-03 2.279079300074994404e-09
1.655655607412955237e-03 2.222017393200200387e-09
1.674827195789139285e-03 2.230103585081514645e-09
1.694220780696013449e-03 2.278092906085707180e-09
1.713838932732252192e-03 2.227783894463276844e-09
1.733684252262658121e-03 2.229052506036104270e-09
1.753759369762839188e-03 2.276661852099647071e-09
1.774066946167876177e-03 2.229150581538622940e-09
1.794609673225024517e-03 2.228473390560025122e-09
1.815390273850506567e-03 2.277461407750188248e-09
1.836411502490422785e-03 2.224230814607511373e-09
1.857676145485863536e-03 2.238820481773448347e-09
1.879187021442221524e-03 2.274910912418134386e-09
1.900946981602806129e-03 2.215321904327139717e-09
1.922958910226767442e-03 2.253865267084435684e-09
1.945225724971402217e-03 2.259908803715609218e-09
1.967750377278885965e-03 2.215498882267137063e-09
1.990535852767486274e-03 2.270448730494303779e-09
2.013585171627295303e-03 2.234990888824172672e-09
2.036901389020564709e-03 2.232408584590619992e-09
2.060487595486651478e-03 2.269760620465429817e-09
2.084346917351677202e-03 2.217461983640045553e-09
2.108482517142910590e-03 2.263343614331769005e-09
2.132897594007962527e-03 2.239719039902259987e-09
2.157595384138824915e-03 2.230808588205986904e-09
2.182579161200830058e-03 2.266406115693734869e-09
2.207852236766562250e-03 2.216189044773826240e-09
2.233417960754816977e-03 2.268032228877722582e-09
2.259279721874612491e-03 2.224247234725212083e-09
2.285440948074375211e-03 2.250977804704007955e-09
2.311905106996301092e-03 2.244564184312259169e-09
2.338675706435990129e-03 2.231833578698792328e-09
2.365756294807400822e-03 2.259310697099977506e-09
2.393150461613189652e-03 2.221083283432615161e-09
2.420861837920496723e-03 2.265421325823070588e-09
2.448894096842230052e-03 2.217589863970358774e-09
2.477250954023952137e-03 2.265266210610231659e-09
2.505936168136361879e-03 2.221235048600934989e-09
2.534953541373521912e-03 2.266471556604061128e-09
2.564306919956823531e-03 2.221003699995211889e-09
2.594000194644804132e-03 2.259477415107573495e-09
2.624037301248860563e-03 2.218590052732120801e-09
2.654422221154941180e-03 2.257271026157343052e-09
2.685158981851263043e-03 2.221567938109694332e-09
2.716251657462167429e-03 2.264736061765865589e-09
2.747704369288124070e-03 2.213353895702372390e-09
2.779521286352018561e-03 2.261162606002578057e-09
2.811706625951745052e-03 2.219781287065856486e-09
2.844264654219206146e-03 2.258193222430393029e-09
2.877199686685782878e-03 2.222942961505381582e-09
2.910516088854357610e-03 2.246774840484969106e-09
2.944218276777944496e-03 2.233894168587892878e-09
2.978310717645054565e-03 2.234136402811021101e-09
3.012797930371789810e-03 2.249952914512511786e-09
3.047684486200846234e-03 2.214233297136232406e-09
3.082975009307410696e-03 2.255813593847505669e-09
3.118674177412095096e-03 2.221745032118172244e-09
3.154786722400964270e-03 2.237816168745765612e-09
3.191317430952740879e-03 2.235923175122921156e-09
3.228271145173277484e-03 2.218565841236739446e-09
3.265652763237360864e-03 2.252278384966708611e-09
3.303467240037981714e-03 2.229601295234608598e-09
3.341719587843074071e-03 2.230626166954787389e-09
3.380414876959909193e-03 2.246313993634409990e-09
3.419558236407145655e-03 2.224951779260301929e-09
3.459154854594680920e-03 2.232505494737669252e-09
3.499209980011365115e-03 2.246857582866566917e-09
3.539728921920689761e-03 2.222009040982737434e-09
3.580717051064509580e-03 2.230023788062651030e-09
3.622179800374952623e-03 2.248862501065472733e-09
3.664122665694521767e-03 2.221195216402787918e-09
3.706551206504587938e-03 2.226582059396839804e-09
3.749471046662278956e-03 2.238770865832502838e-09
3.792887875145917534e-03 2.229909213875645781e-09
3.836807446809092567e-03 2.213794426427764017e-09
3.881235583143459542e-03 2.231118117251442963e-09
3.926178173050358551e-03 2.243653960892594120e-09
3.971641173621410364e-03 2.226412523294647170e-09
4.017630610928087966e-03 2.213356866004131802e-09
4.064152580820497296e-03 2.225184697867530254e-09
4.111213249735355506e-03 2.239323243860733197e-09
4.158818855513353625e-03 2.237545023710669504e-09
4.206975708225972610e-03 2.220841960334067229e-09
4.255690191011878530e-03 2.212567596281843414e-09
4.304968760923003589e-03 2.218582938649211858e-09
4.354817949780402306e-03 2.236279665965730999e-09
4.405244365040072822e-03 2.238183505526659299e-09
4.456254690668728577e-03 2.222255289586812990e-09
4.507855688029784036e-03 2.211585610512775773e-09
4.560054196779547535e-03 2.212378702256303622e-09
4.612857135773812921e-03 2.213526194289977954e-09
4.666271503984951476e-03 2.220149733144682471e-09
4.720304381429616877e-03 2.226859452274363008e-09
4.774962930107178559e-03 2.227049200672247027e-09
4.830254394949069947e-03 2.232096081747543624e-09
4.886186104779054185e-03 2.227165848974964189e-09
4.942765473284693560e-03 2.226459835010386464e-09
4.999999999999999237e-03 2.220543292768357451e-09
5.057897271299490252e-03 2.220429514322663118e-09
5.116464961403772820e-03 2.213913564832251823e-09
5.175710833396719723e-03 2.212454170111041461e-09
5.235642740254497010e-03 2.213534824989729926e-09
5.296268625886442309e-03 2.211572973057055893e-09
5.357596526188034176e-03 2.209960055346228051e-09
5.419634570106018380e-03 2.210680786931407735e-09
5.482390980715924449e-03 2.216227944689510885e-09
5.545874076312003707e-03 2.217745304467155676e-09
5.610092271509814314e-03 2.221994192948151886e-09
5.675054078361577332e-03 2.222247589233414576e-09
5.740768107484413990e-03 2.221833876041790517e-09
5.807243069201712196e-03 2.216286791435069416e-09
5.874487774697644861e-03 2.210772545930322045e-09
5.942511137185094161e-03 2.202258427178853825e-09
6.011322173087065013e-03 2.201648947992551579e-09
6.080930003231838424e-03 2.207128789834626531e-09
6.151343854061904620e-03 2.213908215259220070e-09
6.222573058856926617e-03 2.218704012339058402e-09
6.294627058970836582e-03 2.204457763457203443e-09
6.367515405083306115e-03 2.197255206561759556e-09
6.441247758465666780e-03 2.202735218248813140e-09
6.515833892261499449e-03 2.213815042895790107e-09
6.591283692782035596e-03 2.208718822366492094e-09
6.667607160816618576e-03 2.199018507309771973e-09
6.744814412958264824e-03 2.201799840728996856e-09
6.822915682944625040e-03 2.211861439050972018e-09
6.901921323014425201e-03 2.201262805210852775e-09
6.981841805279687466e-03 2.198876329520305709e-09
7.062687723113769168e-03 2.209335265449904821e-09
7.144469792555517389e-03 2.197749578760438808e-09
7.227198853729637981e-03 2.198493085328927870e-09
7.310885872283590450e-03 2.205775131010536596e-09
7.395541940841034688e-03 2.190409644338014033e-09
7.481178280472170448e-03 2.206403763284182845e-09
7.567806242181043287e-03 2.193929678010068881e-09
7.655437308410150896e-03 2.200626238975305077e-09
7.744083094562406212e-03 2.195923986419881030e-09
7.833755350540741805e-03 2.196157338166825625e-09
7.924465962305568892e-03 2.194479554226571484e-09
8.016226953450207235e-03 2.194541640616481599e-09
8.109050486794647586e-03 2.190652993951852854e-09
8.202948865997691796e-03 2.197558855504740208e-09
8.297934537187804521e-03 2.187333639765826219e-09
8.394020090612802285e-03 2.200217380351406993e-09
8.491218262308719913e-03 2.187913048966903823e-09
8.589541935787937607e-03 2.190049175907390710e-09
8.689004143746880890e-03 2.196252203109818619e-09
8.789618069793463453e-03 2.184078506881642777e-09
8.891397050194612892e-03 2.187269176031452226e-09
8.994354575643934840e-03 2.194520219153129733e-09
9.098504293049919714e-03 2.187712709800893451e-09
9.203860007344778771e-03 2.181543694170485823e-09
9.310435683314336255e-03 2.187484702383950890e-09
9.418245447448998428e-03 2.193227581111457627e-09
9.527303589816240106e-03 2.187655397171604430e-09
9.637624565954681574e-03 2.181532950496605039e-09
9.749222998790225969e-03 2.178889926881628361e-09
9.862113680574265823e-03 2.180848283678378466e-09
9.976311574844402841e-03 2.181756599137157432e-09
1.009183181840780756e-02 2.184973357905337390e-09
1.020868972334764563e-02 2.184938717120702771e-09
1.032690077905264181e-02 2.185488537043671150e-09
1.044648065427019115e-02 2.185451378422798267e-09
1.056744519918323584e-02 2.185556200807086821e-09
1.068981044751115932e-02 2.183073606105244635e-09
1.081359261863509835e-02 2.182653679028515207e-09
1.093880811974775637e-02 2.179244648844765189e-09
1.106547354802819502e-02 2.175471900989464682e-09
1.119360569284169778e-02 2.171346006144771068e-09
1.132322153796529694e-02 2.171538244530601543e-09
1.145433826383886189e-02 2.174777369459254125e-09
1.158697324984239718e-02 2.178014641879114469e-09
1.172114407659961138e-02 2.175725378480283501e-09
1.185686852830827517e-02 2.168728164090446478e-09
1.199416459509744688e-02 2.170628819884163380e-09
1.213305047541208236e-02 2.175904164279037802e-09
1.227354457842515234e-02 2.169667759147180474e-09
1.241566552647784850e-02 2.168797215210295676e-09
1.255943215754789545e-02 2.174458854233567452e-09
1.270486352774653077e-02 2.165000097289557745e-09
1.285197891384432141e-02 2.173797642012574594e-09
1.300079781582635929e-02 2.164288424020245606e-09
1.315133995947690565e-02 2.169828283054141003e-09
1.330362529899405295e-02 2.163073375265990573e-09
1.345767401963458149e-02 2.169111851749630862e-09
1.361350654038956040e-02 2.160905677274087838e-09
1.377114351669082859e-02 2.166687484859181967e-09
1.393060584314884456e-02 2.164846909942414283e-09
1.409191465632227483e-02 2.159574278577290972e-09
1.425509133751954628e-02 2.164143439405677301e-09
1.442015751563302701e-02 2.165225468422116856e-09
1.458713507000582686e-02 2.158844222147887518e-09
1.475604613333193239e-02 2.157047229108363382e-09
1.492691309458979952e-02 2.158479885345675035e-09
1.509975860201007852e-02 2.160482017573444860e-09
1.527460556607755995e-02 2.161270873812580775e-09
1.545147716256795901e-02 2.160727674350159803e-09
1.563039683561977602e-02 2.160109206176820731e-09
1.581138830084189567e-02 2.159179020189606920e-09
1.599447554845698227e-02 2.159668875464750912e-09
1.617968284648142047e-02 2.158330224911261305e-09
1.636703474394191060e-02 2.154968375953213938e-09
1.655655607412955324e-02 2.151843430887911037e-09
1.674827195789137593e-02 2.148777177146640837e-09
1.694220780696013146e-02 2.150274213313955813e-09
1.713838932732252018e-02 2.154699046827083361e-09
1.733684252262658251e-02 2.150336904152113409e-09
1.753759369762839665e-02 2.146692239726468957e-09
1.774066946167878259e-02 2.151715698568047752e-09
1.794609673225026208e-02 2.145993245872126536e-09
1.815390273850506567e-02 2.147794593697461003e-09
1.836411502490422828e-02 2.146932245976721757e-09
1.857676145485861671e-02 2.146871860567208566e-09
1.879187021442221134e-02 2.143431701114193709e-09
1.900946981602805869e-02 2.147481781839804966e-09
1.922958910226767182e-02 2.141666255229099327e-09
1.945225724971402087e-02 2.143155270014952212e-09
1.967750377278887700e-02 2.145130469280641801e-09
1.990535852767486361e-02 2.142252253847972673e-09
2.013585171627295042e-02 2.138864214623775152e-09
2.036901389020562628e-02 2.137840851353945351e-09
2.060487595486651738e-02 2.137606560860036644e-09
2.084346917351677028e-02 2.137880991350684331e-09
2.108482517142910850e-02 2.136774426309736295e-09
2.132897594007962874e-02 2.136487598261401588e-09
2.157595384138826650e-02 2.134732175506248597e-09
2.182579161200829884e-02 2.134106171597435777e-09
2.207852236766562337e-02 2.136757783323647278e-09
2.233417960754814982e-02 2.136570042664890523e-09
2.259279721874613012e-02 2.131856072435652945e-09
2.285440948074375991e-02 2.132247567320702940e-09
2.311905106996301265e-02 2.135016142330400332e-09
2.338675706435990737e-02 2.130180792652297748e-09
2.365756294807403598e-02 2.133319748183494163e-09
2.393150461613192254e-02 2.128000269472347542e-09
2.420861837920496376e-02 2.130977855172526379e-09
2.448894096842230139e-02 2.128847902622434165e-09
2.477250954023949708e-02 2.124376425449529812e-09
2.505936168136362052e-02 2.128021666320125387e-09
2.534953541373521912e-02 2.128135838536263924e-09
2.564306919956823444e-02 2.127941937981537809e-09
2.594000194644804219e-02 2.125958678615732147e-09
2.624037301248863946e-02 2.124948757051054842e-09
2.654422221154941960e-02 2.123860864137201581e-09
2.685158981851263130e-02 2.124163508310128693e-09
2.716251657462164654e-02 2.123620749957382812e-09
2.747704369288123810e-02 2.120783189249339110e-09
2.779521286352018214e-02 2.118596870955250525e-09
2.811706625951744878e-02 2.121834226394890389e-09
2.844264654219205712e-02 2.117897734641158957e-09
2.877199686685785740e-02 2.117767176489668890e-09
2.910516088854357350e-02 2.116764966339027701e-09
2.944218276777944496e-02 2.118224264104727148e-09
2.978310717645051703e-02 2.114237064461038463e-09
3.012797930371790070e-02 2.115707873575099165e-09
3.047684486200846407e-02 2.116683250080220779e-09
3.082975009307411043e-02 2.114637998216874705e-09
3.118674177412095530e-02 2.113264276622799237e-09
3.154786722400967913e-02 2.112841628239183048e-09
3.191317430952744089e-02 2.112268652422598364e-09
3.228271145173277484e-02 2.112928714627061305e-09
3.265652763237360950e-02 2.111585253233731787e-09
3.303467240037977898e-02 2.108754899013624852e-09
3.341719587843073463e-02 2.109269634455358874e-09
3.380414876959908499e-02 2.109144678501503364e-09
3.419558236407146262e-02 2.106463767195877395e-09
3.459154854594680834e-02 2.107756848251131733e-09
3.499209980011368931e-02 2.106631563940268762e-09
3.539728921920690108e-02 2.103709963474795290e-09
3.580717051064509493e-02 2.104397079369547454e-09
3.622179800374948633e-02 2.104151766968418048e-09
3.664122665694521247e-02 2.104154059549949960e-09
3.706551206504588025e-02 2.102488912882937174e-09
3.749471046662278262e-02 2.100528811130737965e-09
3.792887875145917187e-02 2.099135914277030446e-09
3.836807446809096384e-02 2.100381474853408907e-09
3.881235583143458762e-02 2.099698259430559148e-09
3.926178173050358378e-02 2.097364165190718616e-09
3.971641173621406895e-02 2.098678642215163392e-09
4.017630610928087792e-02 2.097182120001291150e-09
4.064152580820495908e-02 2.093925232848062336e-09
4.111213249735355679e-02 2.095691086114919527e-09
4.158818855513354146e-02 2.095268224239216551e-09
4.206975708225977467e-02 2.095140650543944939e-09
4.255690191011882867e-02 2.093781711657361976e-09
4.304968760923002374e-02 2.091714581526580576e-09
4.354817949780401959e-02 2.090879927215465646e-09
4.405244365040068139e-02 2.092903915518329412e-09
4.456254690668728924e-02 2.089941341903984166e-09
4.507855688029784730e-02 2.091215414254319103e-09
4.560054196779547708e-02 2.087778037073902719e-09
4.612857135773813788e-02 2.086516972827049693e-09
4.666271503984956853e-02 2.087399248762083493e-09
4.720304381429616530e-02 2.086656096709107331e-09
4.774962930107178732e-02 2.086064696257270751e-09
4.830254394949064223e-02 2.084401074417563819e-09
4.886186104779054878e-02 2.083892895069955181e-09
4.942765473284694427e-02 2.085063206852974675e-09
4.999999999999998890e-02 2.081784563645473744e-09
5.057897271299490599e-02 2.082861697766698482e-09
5.116464961403772299e-02 2.082552510254360751e-09
5.175710833396719029e-02 2.080468071516154066e-09
5.235642740254496663e-02 2.079289757985653007e-09
5.296268625886442483e-02 2.078701610237120632e-09
5.357596526188034003e-02 2.078834147548147769e-09
5.419634570106018207e-02 2.078586342316395835e-09
5.482390980715923928e-02 2.075566521196195299e-09
5.545874076312003881e-02 2.077720068775027237e-09
5.610092271509819345e-02 2.074668358075538628e-09
5.675054078361576465e-02 2.073277531181158140e-09
5.740768107484413296e-02 2.073119234088559851e-09
5.807243069201711849e-02 2.073411415972402069e-09
5.874487774697650933e-02 2.072088657773026980e-09
5.942511137185093467e-02 2.071214150091814985e-09
6.011322173087065013e-02 2.072902019439210887e-09
6.080930003231838771e-02 2.069304028384282835e-09
6.151343854061904620e-02 2.068813366825975157e-09
6.222573058856927658e-02 2.068890165377813182e-09
6.294627058970836408e-02 2.068247912785119359e-09
6.367515405083307156e-02 2.067447208019103552e-09
6.441247758465666606e-02 2.065170135692865605e-09
6.515833892261499449e-02 2.066357682699738736e-09
6.591283692782035075e-02 2.064739940282759065e-09
6.667607160816618750e-02 2.065178484835059638e-09
6.744814412958265171e-02 2.063396940576205893e-09
6.822915682944626081e-02 2.062095089410648278e-09
6.901921323014426068e-02 2.061849390350237206e-09
6.981841805279687119e-02 2.061730775011252874e-09
7.062687723113769689e-02 2.059297107963396403e-09
7.144469792555516174e-02 2.060297448937615153e-09
7.227198853729638328e-02 2.058038878652478562e-09
7.310885872283590103e-02 2.056447162425209216e-09
7.395541940841034168e-02 2.060267556591257608e-09
7.481178280472169928e-02 2.056000386268828360e-09
7.567806242181041032e-02 2.056515697169005499e-09
7.655437308410149855e-02 2.052885788901663371e-09
7.744083094562403957e-02 2.052759798173710309e-09
7.833755350540749784e-02 2.053790918778258125e-09
7.924465962305569933e-02 2.053365817694252969e-09
8.016226953450207582e-02 2.051616636163685954e-09
8.109050486794647239e-02 2.050239245441020021e-09
8.202948865997690409e-02 2.050623497225534458e-09
8.297934537187805215e-02 2.050355405056405905e-09
8.394020090612801244e-02 2.050064516162995472e-09
8.491218262308719567e-02 2.048519614205976835e-09
8.589541935787937954e-02 2.045127605898709743e-09
8.689004143746879849e-02 2.046692970032818274e-09
8.789618069793463107e-02 2.045585021602826125e-09
8.891397050194613239e-02 2.044481463951332439e-09
8.994354575643936922e-02 2.043951247706334189e-09
9.098504293049919367e-02 2.043472348041387374e-09
9.203860007344780159e-02 2.048469583528960788e-09
9.310435683314335908e-02 2.042368046147518017e-09
9.418245447449000163e-02 2.043073520592186896e-09
9.527303589816239759e-02 2.041882050486140474e-09
9.637624565954681921e-02 2.040439558239088546e-09
9.749222998790227357e-02 2.038997230153669019e-09
9.862113680574265129e-02 2.038532332125609566e-09
9.976311574844401453e-02 2.037119194228465403e-09
1.009183181840780652e-01 2.033267134357851943e-09
1.020868972334764563e-01 2.035770170774949559e-09
1.032690077905264459e-01 2.035271340680277799e-09
1.044648065427020295e-01 2.035602459457088359e-09
1.056744519918323688e-01 2.033407310862132842e-09
1.068981044751115966e-01 2.032641652649775725e-09
1.081359261863509835e-01 2.033163038729761532e-09
1.093880811974775741e-01 2.031379446684344432e-09
1.106547354802819155e-01 2.030113183685605617e-09
1.119360569284169882e-01 2.033970952187156996e-09
1.132322153796529590e-01 2.038537439568811059e-09
1.145433826383886050e-01 2.029015079298306505e-09
1.158697324984239579e-01 2.028859723079614054e-09
1.172114407659961138e-01 2.025698824404920252e-09
1.185686852830827448e-01 2.026901575228376074e-09
1.199416459509744792e-01 2.026513855754940627e-09
1.213305047541208270e-01 2.025048737398869273e-09
1.227354457842515373e-01 2.026318645174835945e-09
1.241566552647785093e-01 2.023015605710361694e-09
1.255943215754789510e-01 2.023794201932972812e-09
1.270486352774652938e-01 2.022290460507919124e-09
1.285197891384432245e-01 2.021162035232223249e-09
1.300079781582635929e-01 2.019039501560029894e-09
1.315133995947690426e-01 2.018980752163206985e-09
1.330362529899405399e-01 2.019077372717534905e-09
1.345767401963458010e-01 2.018090735467743002e-09
1.361350654038956109e-01 2.017587873257692936e-09
1.377114351669082859e-01 2.016751018506972168e-09
1.393060584314886052e-01 2.015617817033777806e-09
1.409191465632227414e-01 2.014068038885827637e-09
1.425509133751954594e-01 2.016168934587040821e-09
1.442015751563302528e-01 2.013327902111327091e-09
1.458713507000582721e-01 2.012578824868225714e-09
1.475604613333193205e-01 2.012663317009901586e-09
1.492691309458979987e-01 2.011832417890230452e-09
1.509975860201007714e-01 2.011702989043078045e-09
1.527460556607755926e-01 2.009434946654842812e-09
1.545147716256795867e-01 2.009056582622359983e-09
1.563039683561977533e-01 2.019714091888156038e-09
1.581138830084189428e-01 2.005017753187597024e-09
1.599447554845698227e-01 2.006347849467706320e-09
1.617968284648141908e-01 2.006041286389412864e-09
1.636703474394190783e-01 2.005268608302042485e-09
1.655655607412955255e-01 2.004435701157600836e-09
1.674827195789137801e-01 2.003543854481679321e-09
1.694220780696013284e-01 2.002427933545742124e-09
1.713838932732252018e-01 2.002539325261861999e-09
1.733684252262658043e-01 2.001832092154453021e-09
1.753759369762839249e-01 1.999906134546133672e-09
1.774066946167878189e-01 1.999961994926744144e-09
1.794609673225026625e-01 1.999662351599805380e-09
1.815390273850507052e-01 1.998913831224201228e-09
1.836411502490422898e-01 1.998441331505180347e-09
1.857676145485863684e-01 1.995587132421703145e-09
1.879187021442221273e-01 1.997334086073252853e-09
1.900946981602806007e-01 1.995320046751682939e-09
1.922958910226767459e-01 1.998476995367775526e-09
1.945225724971401948e-01 1.993974114067626126e-09
1.967750377278887908e-01 1.993559799063282712e-09
1.990535852767486291e-01 1.990773418681187565e-09
2.013585171627295112e-01 1.991920860333341367e-09
2.036901389020562836e-01 1.990801870136347538e-09
2.060487595486651391e-01 1.989606749231706289e-09
2.084346917351677098e-01 1.988243143537386273e-09
2.108482517142910850e-01 1.988924366640869598e-09
2.132897594007962250e-01 1.988389927743860634e-09
2.157595384138826511e-01 1.986884909547401326e-09
2.182579161200829676e-01 1.986215332855827698e-09
2.207852236766562337e-01 1.985696602420782971e-09
2.233417960754814635e-01 1.984977102387103672e-09
2.259279721874612734e-01 1.984691234983073733e-09
2.285440948074375644e-01 1.983555798728267740e-09
2.311905106996301196e-01 1.982644159484629682e-09
2.338675706435990320e-01 1.981844840222804309e-09
2.365756294807403459e-01 1.981035342357582556e-09
2.393150461613192115e-01 1.980034440699885132e-09
2.420861837920496584e-01 1.979560644257854811e-09
2.448894096842230417e-01 1.974285889637243981e-09
2.477250954023952345e-01 1.978584864774926291e-09
2.505936168136362330e-01 1.964289177530150892e-09
2.534953541373521912e-01 1.980033435718818644e-09
2.564306919956823583e-01 1.975259714962023035e-09
2.594000194644804358e-01 1.975541683792990400e-09
2.624037301248863807e-01 1.973996648590247429e-09
2.654422221154941752e-01 1.973768658354044715e-09
2.685158981851262783e-01 1.973853222292572050e-09
2.716251657462164792e-01 1.972465653537168407e-09
2.747704369288123671e-01 1.971355867053617101e-09
2.779521286352018006e-01 1.970609342307791762e-09
2.811706625951744809e-01 1.970339532208179962e-09
2.844264654219206268e-01 1.969227246046494589e-09
2.877199686685785740e-01 1.968399838810693836e-09
2.910516088854357419e-01 1.968276093470272380e-09
2.944218276777944010e-01 1.964908971599633046e-09
2.978310717645051287e-01 1.966074046363752970e-09
3.012797930371790001e-01 1.965603455567170967e-09
3.047684486200845644e-01 1.964719400883110874e-09
3.082975009307410419e-01 1.964547975222608757e-09
3.118674177412095183e-01 1.962449770391721295e-09
3.154786722400966803e-01 1.962239830246099370e-09
3.191317430952744227e-01 1.961415300740474906e-09
3.228271145173278178e-01 1.961491709641613643e-09
3.265652763237360534e-01 1.963470180845583333e-09
3.303467240037981645e-01 1.959801830019199978e-09
3.341719587843073880e-01 1.958936786871990695e-09
3.380414876959909054e-01 1.956975952473893674e-09
3.419558236407145846e-01 1.957218353045664003e-09
3.459154854594679862e-01 1.956405909814116850e-09
3.499209980011367960e-01 1.955705075213582732e-09
3.539728921920690108e-01 1.954318967521117229e-09
3.580717051064509771e-01 1.953793896693708772e-09
3.622179800374949465e-01 1.955982003653688527e-09
3.664122665694521941e-01 1.952423278645336957e-09
3.706551206504588025e-01 1.952066712021458488e-09
3.749471046662278817e-01 1.951077608759138247e-09
3.792887875145917742e-01 1.949726836806668866e-09
3.836807446809095690e-01 1.949276034815825271e-09
3.881235583143459178e-01 1.948922480300918186e-09
3.926178173050358655e-01 1.952342097779966504e-09
3.971641173621406340e-01 1.965114671609804697e-09
4.017630610928087931e-01 1.946995813958653711e-09
4.064152580820496463e-01 1.932513202729816134e-09
4.111213249735355402e-01 1.944528376361190636e-09
4.158818855513353729e-01 1.945146490013840724e-09
4.206975708225977328e-01 1.943892639874107421e-09
4.255690191011883283e-01 1.943807214355205095e-09
4.304968760923003068e-01 1.940721023286534456e-09
4.354817949780401820e-01 1.941550738413940907e-09
4.405244365040072441e-01 1.940458276069664065e-09
4.456254690668728924e-01 1.939272983425541966e-09
4.507855688029783758e-01 1.939083258613066611e-09
4.560054196779547708e-01 1.938479780124290052e-09
4.612857135773818507e-01 1.928526482896841299e-09
4.666271503984956714e-01 1.937419124238207855e-09
4.720304381429616947e-01 1.937557525479171785e-09
4.774962930107178871e-01 1.937023380887660501e-09
4.830254394949065055e-01 1.934289360287767439e-09
4.886186104779055017e-01 1.932760942973542562e-09
4.942765473284694844e-01 1.932411826309600320e-09
5.000000000000000000e-01 1.933459424904275230e-09
5.235642740254496941e-01 1.930571303260104790e-09
5.482390980715925455e-01 1.926132482703723926e-09
5.740768107484413019e-01 1.923032683305472119e-09
6.011322173087064735e-01 1.921943857887609341e-09
6.294627058970835298e-01 1.917106824863245571e-09
6.591283692782035075e-01 1.912611878783154220e-09
6.901921323014423848e-01 1.911559909637731883e-09
7.227198853729638328e-01 1.908025698569633857e-09
7.567806242181041032e-01 1.903984459634431964e-09
7.924465962305566880e-01 1.904581907861206324e-09
8.297934537187803272e-01 1.899426118565355326e-09
8.689004143746876796e-01 1.897824122842382545e-09
9.098504293049917147e-01 1.894632157178405668e-09
9.527303589816236151e-01 1.890913684936088111e-09
9.976311574844398677e-01 1.887140820459947257e-09
1.044648065427019601e+00 1.885143947884246925e-09
1.093880811974776268e+00 1.882732345685007884e-09
1.145433826383886355e+00 1.872842063879535381e-09
1.199416459509745181e+00 1.876184821865909765e-09
1.255943215754790065e+00 1.874246875582102767e-09
1.315133995947690870e+00 1.871576727410869650e-09
1.377114351669083137e+00 1.867618318108862223e-09
1.442015751563303194e+00 1.864990126791415361e-09
1.509975860201008047e+00 1.860441011332456228e-09
1.581138830084189539e+00 1.859240045107918094e-09
1.655655607412955588e+00 1.855942319861064985e-09
1.733684252262658321e+00 1.851721605814785008e-09
1.815390273850506775e+00 1.835126091716187190e-09
1.900946981602805952e+00 1.846062382070125555e-09
1.990535852767486125e+00 1.844266391056828004e-09
2.084346917351676876e+00 1.840278313674207548e-09
2.182579161200830065e+00 1.840501065634679442e-09
2.285440948074374923e+00 1.835302610073708105e-09
2.393150461613192004e+00 1.831997071400018343e-09
2.505936168136361886e+00 1.828907538490686391e-09
2.624037301248863141e+00 1.826708777370000476e-09
2.747704369288122006e+00 1.837751806694492786e-09
2.877199686685785185e+00 1.820968115968319492e-09
3.012797930371788890e+00 1.817859225906752004e-09
3.154786722400966248e+00 1.813113186708899290e-09
3.303467240037980091e+00 1.820719781839364457e-09
3.459154854594682416e+00 1.807929062782000442e-09
3.622179800374950354e+00 1.806141390230970043e-09
3.792887875145919185e+00 1.803382470344176486e-09
3.971641173621407894e+00 1.801459494060502349e-09
4.158818855513356283e+00 1.797859578247217749e-09
4.354817949780404263e+00 1.792578611139405558e-09
4.560054196779547375e+00 1.791546151479403938e-09
4.774962930107178316e+00 1.790754104299822455e-09
5.000000000000000000e+00 1.784080084353356904e-09
6.294627058970836408e+00 1.773715495087553184e-09
7.924465962305568212e+00 1.761035168975746855e-09
9.976311574844396901e+00 1.736007219827056291e-09
1.255943215754790110e+01 1.729320464540278745e-09
1.581138830084189451e+01 1.714885075331946072e-09
1.990535852767486347e+01 1.700876385097616772e-09
2.505936168136361886e+01 1.687969195562036703e-09
3.154786722400966426e+01 1.670578637110636795e-09
3.971641173621406296e+01 1.647966795503616652e-09
5.000000000000000000e+01 1.645527549439220605e-09
