2.448894096842227708e-05 1.776807040429370611e-13
2.505936168136362231e-05 1.297142941450548713e-12
2.564306919956823707e-05 3.786759119912327710e-12
2.624037301248860956e-05 7.732148726200498368e-12
2.685158981851265889e-05 1.321635928485544343e-11
2.747704369288123718e-05 2.033716302484040330e-11
2.811706625951745011e-05 2.918567541915631661e-11
2.877199686685782525e-05 3.985502002168673004e-11
2.944218276777942002e-05 5.242546695631377493e-11
3.012797930371790298e-05 6.702554005882464955e-11
3.082975009307410534e-05 8.373184215399153098e-11
3.154786722400964650e-05 1.026301415700307194e-10
3.228271145173280656e-05 1.238534389119638835e-10
3.303467240037981687e-05 1.474199494730215623e-10
3.380414876959908759e-05 1.734226008151431529e-10
3.459154854594680595e-05 2.020283159278951407e-10
3.539728921920685885e-05 2.331227870952153176e-10
3.622179800374952406e-05 2.668813733379642310e-10
3.706551206504588155e-05 3.032763988486140644e-10
3.792887875145917236e-05 3.423685943385813927e-10
3.881235583143463039e-05 3.839774004809255999e-10
3.971641173621410364e-05 4.283679139515417572e-10
4.064152580820496591e-05 4.750195584254333564e-10
4.158818855513353842e-05 5.244046149857480414e-10
4.255690191011878395e-05 5.758189386065743633e-10
4.354817949780398050e-05 6.293466418731135090e-10
4.456254690668729390e-05 6.847731216831580146e-10
4.560054196779547508e-05 7.418267341965989119e-10
4.666271503984952289e-05 8.001626357026051526e-10
4.774962930107183736e-05 8.594055339947554184e-10
4.886186104779054808e-05 9.194902264281623437e-10
4.999999999999998884e-05 9.787377789998591358e-10
5.057897271299490442e-05 1.008476902746902681e-09
5.116464961403767209e-05 1.037891397703215417e-09
5.175710833396714899e-05 1.067376087385558200e-09
5.235642740254491318e-05 1.096040210196647897e-09
5.296268625886447866e-05 1.124426744127243276e-09
5.357596526188034176e-05 1.152582076668101527e-09
5.419634570106018624e-05 1.179833313235210608e-09
5.482390980715924394e-05 1.206268821824808747e-09
5.545874076312003003e-05 1.232484831814588050e-09
5.610092271509813691e-05 1.257318075118194973e-09
5.675054078361571342e-05 1.281561505351318756e-09
5.740768107484407241e-05 1.304276746485199114e-09
5.807243069201718864e-05 1.326301112995249580e-09
5.874487774697650716e-05 1.347122019987228228e-09
5.942511137185093809e-05 1.366405232005318128e-09
6.011322173087064877e-05 1.384498079529419901e-09
6.080930003231838695e-05 1.400699960694201775e-09
6.151343854061905325e-05 1.415686213593026464e-09
6.222573058856921034e-05 1.428971236900434325e-09
6.294627058970830402e-05 1.440726589319831671e-09
6.367515405083314138e-05 1.449867004740451068e-09
6.441247758465673719e-05 1.457691490156366892e-09
6.515833892261499124e-05 1.462776692430546699e-09
6.591283692782035650e-05 1.466704627780823784e-09
6.667607160816619769e-05 1.468499462884206452e-09
6.744814412958265366e-05 1.468699637255657664e-09
6.822915682944618535e-05 1.465848753463442524e-09
6.901921323014417829e-05 1.461565725696746670e-09
6.981841805279679497e-05 1.454194595017236807e-09
7.062687723113775782e-05 1.445093890108525455e-09
7.144469792555517389e-05 1.434318898898838068e-09
7.227198853729638578e-05 1.421299392721935015e-09
7.310885872283590017e-05 1.405520210283172903e-09
7.395541940841035122e-05 1.388756520075720606e-09
7.481178280472162371e-05 1.369595019847274387e-09
7.567806242181034505e-05 1.349026449359714177e-09
7.655437308410142656e-05 1.326247051637812791e-09
7.744083094562412067e-05 1.302162185921469786e-09
7.833755350540748852e-05 1.276889796593016621e-09
7.924465962305569597e-05 1.249900125415476934e-09
8.016226953450208102e-05 1.222471935983452665e-09
8.109050486794647857e-05 1.193842771101174697e-09
8.202948865997692718e-05 1.164716734701711764e-09
8.297934537187796715e-05 1.135416903115386186e-09
8.394020090612792852e-05 1.105795727843468437e-09
8.491218262308728262e-05 1.076385429159666754e-09
8.589541935787945305e-05 1.047531012493899453e-09
8.689004143746881595e-05 1.019560944724080997e-09
8.789618069793464267e-05 9.924125514222533885e-10
8.891397050194613488e-05 9.669101689105878885e-10
8.994354575643936521e-05 9.429772091152583335e-10
9.098504293049911853e-05 9.210864851548676774e-10
9.203860007344770748e-05 9.017107324249845281e-10
9.310435683314326931e-05 8.846507805749130674e-10
9.418245447449009216e-05 8.707111696562393771e-10
9.527303589816239347e-05 8.601772169664608363e-10
9.637624565954680924e-05 8.530174552567008749e-10
9.749222998790226565e-05 8.495690793451237250e-10
9.862113680574265443e-05 8.501251670671906381e-10
9.976311574844393788e-05 8.548048451174139027e-10
1.009183181840780691e-04 8.636364262183054435e-10
1.020868972334764514e-04 8.773017899647153411e-10
1.032690077905264333e-04 8.945940637061296926e-10
1.044648065427019234e-04 9.170106950284089129e-10
1.056744519918323676e-04 9.438339571074969438e-10
1.068981044751116051e-04 9.747342266097496233e-10
1.081359261863509689e-04 1.009693567412276539e-09
1.093880811974775783e-04 1.048847871877835623e-09
1.106547354802819166e-04 1.091414567906366110e-09
1.119360569284169707e-04 1.137147319111943238e-09
1.132322153796529580e-04 1.186120400720775571e-09
1.145433826383886026e-04 1.237335431697975668e-09
1.158697324984239751e-04 1.290064999533357567e-09
1.172114407659961160e-04 1.344122084293305884e-09
1.185686852830827691e-04 1.399109246590440003e-09
1.199416459509744948e-04 1.453763821304557929e-09
1.213305047541207081e-04 1.507711844682945193e-09
1.227354457842515364e-04 1.559967612511467210e-09
1.241566552647784948e-04 1.610381431144088122e-09
1.255943215754789502e-04 1.657303258430909412e-09
1.270486352774653110e-04 1.700799822226939558e-09
1.285197891384432108e-04 1.739387662265522635e-09
1.300079781582635788e-04 1.773337445214424748e-09
1.315133995947690435e-04 1.801512542505621334e-09
1.330362529899403897e-04 1.823458325433286833e-09
1.345767401963458333e-04 1.839006795176856522e-09
1.361350654038956344e-04 1.847284760723773898e-09
1.377114351669082826e-04 1.848455030436571692e-09
1.393060584314884456e-04 1.842678874424148438e-09
1.409191465632227234e-04 1.829945529069297543e-09
1.425509133751954596e-04 1.810168247328642159e-09
1.442015751563302474e-04 1.784583265350229533e-09
1.458713507000582675e-04 1.752937100302206563e-09
1.475604613333193142e-04 1.716345599068284661e-09
1.492691309458979746e-04 1.675754620315268757e-09
1.509975860201007907e-04 1.631663994670364432e-09
1.527460556607755941e-04 1.586401940140479649e-09
1.545147716256795760e-04 1.539910300302535521e-09
1.563039683561977700e-04 1.494859252603681791e-09
1.581138830084189426e-04 1.451312121023227753e-09
1.599447554845698401e-04 1.411568729340873997e-09
1.617968284648140247e-04 1.376455516717658325e-09
1.636703474394191234e-04 1.347419735820890157e-09
1.655655607412955237e-04 1.325666815000429939e-09
1.674827195789137550e-04 1.312321841987932768e-09
1.694220780696013395e-04 1.307558997959787839e-09
1.713838932732251867e-04 1.313164283277991948e-09
1.733684252262658175e-04 1.327670237898826063e-09
1.753759369762839622e-04 1.352336419640856667e-09
1.774066946167876340e-04 1.386393485181159917e-09
1.794609673225026631e-04 1.428612846758927038e-09
1.815390273850506729e-04 1.478163810396859757e-09
1.836411502490422785e-04 1.534452771520596136e-09
1.857676145485863753e-04 1.594730754224807157e-09
1.879187021442221307e-04 1.658006057179373018e-09
1.900946981602805912e-04 1.721203838899965131e-09
1.922958910226767171e-04 1.782746074856825439e-09
1.945225724971401946e-04 1.840647557126180098e-09
1.967750377278885748e-04 1.891930506890952847e-09
1.990535852767486220e-04 1.935202832815840357e-09
2.013585171627295303e-04 1.968347447653864470e-09
2.036901389020562758e-04 1.990854253372168151e-09
2.060487595486651640e-04 2.000639098633378879e-09
2.084346917351676985e-04 1.997708190019532343e-09
2.108482517142910915e-04 1.982499212984582758e-09
2.132897594007962582e-04 1.955592616776606145e-09
2.157595384138824807e-04 1.918368377101325129e-09
2.182579161200830003e-04 1.872951578673092114e-09
2.207852236766561979e-04 1.821458829094998850e-09
2.233417960754814700e-04 1.767239061705344440e-09
2.259279721874612654e-04 1.713247548411848894e-09
2.285440948074375482e-04 1.662603203279841867e-09
2.311905106996301417e-04 1.618345572964488565e-09
2.338675706435990129e-04 1.584605103564803982e-09
2.365756294807401202e-04 1.562225789671977137e-09
2.393150461613192416e-04 1.554096305411433868e-09
2.420861837920496669e-04 1.561116263157625058e-09
2.448894096842230486e-04 1.583331445463055993e-09
2.477250954023952571e-04 1.620064910663671863e-09
2.505936168136362096e-04 1.669503443042291602e-09
2.534953541373521587e-04 1.728504113573070436e-09
2.564306919956823639e-04 1.793554536407014487e-09
2.594000194644803916e-04 1.861016064364932082e-09
2.624037301248860888e-04 1.925737008022460683e-09
2.654422221154941939e-04 1.983670558164133892e-09
2.685158981851263043e-04 2.030601061792512552e-09
2.716251657462165044e-04 2.062806742744498200e-09
2.747704369288123854e-04 2.078539166052840905e-09
2.779521286352018127e-04 2.075530104819096964e-09
2.811706625951744943e-04 2.054712864871329237e-09
2.844264654219205712e-04 2.018504697545656541e-09
2.877199686685782661e-04 1.969688480910319605e-09
2.910516088854357393e-04 1.912886535737007142e-09
2.944218276777944170e-04 1.853595112797085415e-09
2.978310717645051204e-04 1.797815051303556590e-09
3.012797930371790027e-04 1.751499339829953542e-09
3.047684486200846234e-04 1.719543490651971015e-09
3.082975009307410263e-04 1.705783167562886379e-09
3.118674177412095313e-04 1.712448330352008593e-09
3.154786722400964379e-04 1.740063674271864773e-09
3.191317430952743915e-04 1.785786016102161736e-09
3.228271145173277267e-04 1.845713905740048667e-09
3.265652763237360972e-04 1.913530586273531540e-09
3.303467240037981823e-04 1.982480939895551917e-09
3.341719587843073962e-04 2.043878990186104498e-09
3.380414876959908759e-04 2.091914734912075422e-09
3.419558236407145655e-04 2.120117700342255084e-09
3.459154854594681137e-04 2.125563093298568975e-09
3.499209980011365223e-04 2.107836683057408983e-09
3.539728921920690086e-04 2.069017641198869452e-09
3.580717051064509905e-04 2.014578351902336507e-09
3.622179800374948611e-04 1.953031920171914289e-09
3.664122665694521551e-04 1.892958988038963935e-09
3.706551206504588155e-04 1.843654488082212647e-09
3.749471046662278739e-04 1.813381424285633626e-09
3.792887875145917100e-04 1.807083248537869274e-09
3.836807446809091808e-04 1.827603388729731594e-09
3.881235583143459109e-04 1.871706107503420208e-09
3.926178173050358226e-04 1.933611306900347604e-09
3.971641173621406028e-04 2.003581826250160231e-09
4.017630610928087857e-04 2.070446715945747407e-09
4.064152580820496862e-04 2.123248654552005587e-09
4.111213249735355181e-04 2.152869527681882174e-09
4.158818855513353300e-04 2.154255357085645805e-09
4.206975708225973477e-04 2.127537707052433922e-09
4.255690191011883409e-04 2.077644790154258338e-09
4.304968760923003155e-04 2.015261753549643009e-09
4.354817949780401981e-04 1.953023667400929399e-09
4.405244365040073364e-04 1.903808671542962263e-09
4.456254690668728577e-04 1.879492110416852893e-09
4.507855688029784470e-04 1.886036967118504527e-09
4.560054196779547101e-04 1.922937695550694820e-09
4.612857135773813463e-04 1.982523122256779222e-09
4.666271503984952018e-04 2.055118220998111865e-09
4.720304381429617636e-04 2.119077084792057783e-09
4.774962930107178451e-04 2.166113551005743650e-09
4.830254394949064960e-04 2.178301260707046736e-09
4.886186104779055486e-04 2.161898046274459532e-09
4.942765473284694211e-04 2.111524683219202407e-09
4.999999999999999020e-04 2.044804364586894542e-09
5.057897271299491120e-04 1.983437199704979277e-09
5.116464961403766531e-04 1.943193563744618845e-09
5.175710833396719507e-04 1.934515172744522248e-09
5.235642740254497010e-04 1.960517641948555869e-09
5.296268625886442309e-04 2.015279174055042764e-09
5.357596526188034176e-04 2.085191716899271001e-09
5.419634570106019031e-04 2.152770451522910997e-09
5.482390980715924666e-04 2.189515313755639551e-09
5.545874076312004358e-04 2.187701641878973920e-09
5.610092271509814097e-04 2.150593027768627946e-09
5.675054078361570394e-04 2.090621657733412124e-09
5.740768107484413340e-04 2.026378467012128703e-09
5.807243069201711546e-04 1.980108156549730168e-09
5.874487774697650716e-04 1.974928648560050511e-09
5.942511137185093944e-04 2.009573551500194212e-09
6.011322173087063929e-04 2.075323577406803719e-09
6.080930003231838424e-04 2.145403636249993792e-09
6.151343854061905054e-04 2.190933462778225993e-09
6.222573058856920762e-04 2.204445715348088987e-09
6.294627058970836365e-04 2.167724759833182635e-09
6.367515405083307633e-04 2.103200096491202377e-09
6.441247758465673719e-04 2.039038072804009832e-09
6.515833892261498582e-04 2.002451147415878049e-09
6.591283692782036463e-04 2.014681206385537253e-09
6.667607160816619227e-04 2.068029024634445356e-09
6.744814412958264824e-04 2.137832982287519478e-09
6.822915682944617451e-04 2.199907643164923241e-09
6.901921323014424334e-04 2.211722843861412405e-09
6.981841805279687899e-04 2.179164481928275727e-09
7.062687723113776324e-04 2.117073985703891699e-09
7.144469792555517389e-04 2.053746863424334112e-09
7.227198853729638849e-04 2.029600884584530975e-09
7.310885872283591101e-04 2.057406284638857211e-09
7.395541940841035122e-04 2.121213015188282280e-09
7.481178280472162642e-04 2.188358845100247883e-09
7.567806242181033963e-04 2.217607343476388131e-09
7.655437308410150245e-04 2.195658548731436844e-09
7.744083094562405562e-04 2.132210480186832483e-09
7.833755350540749394e-04 2.071468527986191937e-09
7.924465962305568241e-04 2.049184207190225955e-09
8.016226953450207018e-04 2.083150512248523596e-09
8.109050486794646502e-04 2.153003294939116824e-09
8.202948865997692447e-04 2.207825517566555938e-09
8.297934537187796715e-04 2.222620767914119991e-09
8.394020090612800983e-04 2.171117494169958534e-09
8.491218262308720130e-04 2.104011499469901427e-09
8.589541935787945847e-04 2.064463965928112680e-09
8.689004143746880239e-04 2.091161418956955193e-09
8.789618069793463453e-04 2.155300368380478781e-09
8.891397050194612675e-04 2.220157994770288403e-09
8.994354575643934624e-04 2.219864343481132659e-09
9.098504293049911040e-04 2.170922347757027091e-09
9.203860007344780506e-04 2.098923360848337517e-09
9.310435683314336689e-04 2.081258634167989610e-09
9.418245447449009487e-04 2.124046411452068265e-09
9.527303589816240974e-04 2.197006946715622204e-09
9.637624565954680924e-04 2.238296771570870059e-09
9.749222998790225752e-04 2.195764878233346214e-09
9.862113680574266256e-04 2.136811442045289668e-09
9.976311574844392432e-04 2.095315469735260474e-09
1.009183181840779715e-03 2.129361136241444623e-09
1.020868972334764650e-03 2.198357159468924415e-09
1.032690077905264224e-03 2.231572748682095757e-09
1.044648065427020156e-03 2.193244841031425381e-09
1.056744519918323541e-03 2.130334690277658920e-09
1.068981044751116105e-03 2.107792238872997712e-09
1.081359261863509879e-03 2.155399974546455850e-09
1.093880811974775810e-03 2.222921444095206827e-09
1.106547354802818028e-03 2.225279121825926136e-09
1.119360569284169734e-03 2.164640740476061954e-09
1.132322153796529608e-03 2.113478690367878012e-09
1.145433826383887056e-03 2.138352774741301971e-09
1.158697324984239588e-03 2.201742994022599761e-09
1.172114407659961052e-03 2.232335868979808551e-09
1.185686852830827474e-03 2.182626230527720445e-09
1.199416459509744732e-03 2.126022976927829806e-09
1.213305047541206891e-03 2.142207518286910093e-09
1.227354457842515364e-03 2.209152664017439040e-09
1.241566552647784894e-03 2.234531374358243254e-09
1.255943215754790803e-03 2.183496579408256727e-09
1.270486352774652947e-03 2.126079326800129014e-09
1.285197891384432054e-03 2.161434421028177533e-09
1.300079781582635843e-03 2.232154026682218219e-09
1.315133995947690435e-03 2.220982234005893146e-09
1.330362529899403951e-03 2.153340868223193171e-09
1.345767401963456761e-03 2.140795936139201077e-09
1.361350654038956127e-03 2.198126641145214665e-09
1.377114351669082772e-03 2.234943990234530858e-09
1.393060584314885974e-03 2.180801091223321391e-09
1.409191465632227396e-03 2.138719939316173070e-09
1.425509133751954758e-03 2.180250478079315839e-09
1.442015751563302745e-03 2.233033564627179927e-09
1.458713507000582730e-03 2.200611320204210628e-09
1.475604613333191895e-03 2.145939432628708724e-09
1.492691309458979909e-03 2.179195464124351612e-09
1.509975860201007635e-03 2.233746908808228109e-09
1.527460556607757513e-03 2.199043951648497658e-09
1.545147716256795815e-03 2.141197649031245031e-09
1.563039683561977863e-03 2.186619787200325883e-09
1.581138830084189264e-03 2.235635334135313723e-09
1.599447554845698184e-03 2.197226707919786236e-09
1.617968284648140572e-03 2.152957003818782130e-09
1.636703474394191450e-03 2.207798459309938565e-09
1.655655607412955237e-03 2.230171799936393241e-09
1.674827195789139285e-03 2.167785434180446458e-09
1.694220780696013232e-03 2.166338300390781279e-09
1.713838932732251975e-03 2.230205921934652944e-09
1.733684252262658338e-03 2.207401289522327811e-09
1.753759369762839622e-03 2.154699696805855218e-09
1.774066946167876177e-03 2.209712182206987776e-09
1.794609673225024517e-03 2.228352665294809077e-09
1.815390273850506567e-03 2.169291579596124588e-09
1.836411502490423002e-03 2.189727286182768444e-09
1.857676145485863536e-03 2.232918260185987303e-09
1.879187021442221524e-03 2.180555406930607154e-09
1.900946981602806346e-03 2.178461833316475228e-09
1.922958910226767442e-03 2.233914570530198041e-09
1.945225724971402000e-03 2.188040838813553179e-09
1.967750377278885965e-03 2.174827401872514834e-09
1.990535852767486274e-03 2.232557264726175205e-09
2.013585171627295303e-03 2.190902523051415937e-09
2.036901389020564709e-03 2.180004930190916345e-09
2.060487595486651478e-03 2.232680748149253295e-09
2.084346917351677202e-03 2.185918322506007977e-09
2.108482517142910590e-03 2.185514993479724187e-09
2.132897594007962527e-03 2.232225713088429334e-09
2.157595384138824915e-03 2.176934723760718942e-09
2.182579161200830058e-03 2.203313180901771226e-09
2.207852236766562250e-03 2.223041053059449227e-09
2.233417960754816977e-03 2.171114410045644200e-09
2.259279721874612491e-03 2.218209890679147606e-09
2.285440948074375211e-03 2.201328405041393478e-09
2.311905106996301092e-03 2.181712908113798086e-09
2.338675706435990129e-03 2.230765191017536810e-09
2.365756294807400822e-03 2.175054578405231330e-09
2.393150461613189652e-03 2.214880636945312227e-09
2.420861837920496723e-03 2.206732199223637815e-09
2.448894096842230052e-03 2.184581490393966415e-09
2.477250954023952137e-03 2.229376234225144235e-09
2.505936168136361879e-03 2.178040842994992362e-09
2.534953541373521912e-03 2.222258826920445556e-09
2.564306919956823531e-03 2.189031786790833028e-09
2.594000194644804132e-03 2.202709642856173370e-09
2.624037301248860997e-03 2.215307730275975054e-09
2.654422221154941613e-03 2.185044756146940017e-09
2.685158981851263043e-03 2.224295374964191802e-09
2.716251657462167429e-03 2.176410057581418387e-09
2.747704369288123637e-03 2.226762821908790836e-09
2.779521286352018561e-03 2.180491535992970042e-09
2.811706625951745052e-03 2.223398632746551369e-09
2.844264654219206146e-03 2.182687611776848001e-09
2.877199686685782878e-03 2.219400661512156109e-09
2.910516088854357610e-03 2.187841860165801921e-09
2.944218276777944496e-03 2.214270018158260582e-09
2.978310717645054565e-03 2.188218164795433801e-09
3.012797930371789810e-03 2.215168815622029592e-09
3.047684486200846234e-03 2.189758358012449834e-09
3.082975009307410696e-03 2.217577166802892458e-09
3.118674177412095096e-03 2.185268884056288808e-09
3.154786722400964270e-03 2.216501480917090517e-09
3.191317430952741313e-03 2.187314066296752622e-09
3.228271145173277484e-03 2.220307207083014920e-09
3.265652763237360430e-03 2.175685561657289891e-09
3.303467240037981281e-03 2.220131785890791892e-09
3.341719587843073203e-03 2.186408462039710206e-09
3.380414876959909193e-03 2.204081077204816044e-09
3.419558236407146089e-03 2.200243735397309360e-09
3.459154854594680487e-03 2.190824284916376641e-09
3.499209980011365115e-03 2.215224689155504567e-09
3.539728921920689761e-03 2.180141139489956704e-09
3.580717051064509580e-03 2.212535959025545346e-09
3.622179800374952189e-03 2.192557563337500904e-09
3.664122665694521767e-03 2.197187909192246897e-09
3.706551206504587938e-03 2.220815493200345824e-09
3.749471046662278522e-03 2.179259065890154753e-09
3.792887875145917968e-03 2.199549918423899960e-09
3.836807446809092567e-03 2.202851250919377836e-09
3.881235583143459542e-03 2.176838766305625478e-09
3.926178173050358551e-03 2.206561572802269584e-09
3.971641173621410364e-03 2.199993425838633988e-09
4.017630610928087966e-03 2.176093643974275447e-09
4.064152580820497296e-03 2.208958037585430578e-09
4.111213249735355506e-03 2.204280236708217378e-09
4.158818855513353625e-03 2.175086382388571066e-09
4.206975708225972610e-03 2.197860626814234031e-09
4.255690191011878530e-03 2.207750441112827427e-09
4.304968760923003589e-03 2.176608912773572470e-09
4.354817949780402306e-03 2.183130733343910127e-09
4.405244365040072822e-03 2.203284939733086548e-09
4.456254690668728577e-03 2.207304763616937935e-09
4.507855688029784036e-03 2.184530511430336417e-09
4.560054196779547535e-03 2.181335864399682275e-09
4.612857135773812921e-03 2.196257904345184075e-09
4.666271503984951476e-03 2.206755640614579431e-09
4.720304381429616877e-03 2.184380317415256666e-09
4.774962930107178559e-03 2.180214672890452557e-09
4.830254394949069947e-03 2.188748316492554312e-09
4.886186104779055052e-03 2.208219381676712245e-09
4.942765473284694427e-03 2.203425638575292367e-09
4.999999999999999237e-03 2.195545811948473647e-09
5.057897271299490252e-03 2.182367347345563110e-09
5.116464961403772820e-03 2.182864017592796643e-09
5.175710833396719723e-03 2.179366964119171882e-09
5.235642740254497010e-03 2.187335420576069553e-09
5.296268625886442309e-03 2.199069442954808597e-09
5.357596526188034176e-03 2.201106156887454101e-09
5.419634570106018380e-03 2.201294634253788814e-09
5.482390980715924449e-03 2.194720391657569369e-09
5.545874076312003707e-03 2.188833147165612640e-09
5.610092271509814314e-03 2.179512091092828072e-09
5.675054078361577332e-03 2.178506719179962946e-09
5.740768107484413990e-03 2.180509809474440181e-09
5.807243069201712196e-03 2.173736157287482285e-09
5.874487774697644861e-03 2.172854063491545795e-09
5.942511137185094161e-03 2.171567009299128519e-09
6.011322173087065013e-03 2.172631494888623350e-09
6.080930003231838424e-03 2.173619274182897718e-09
6.151343854061904620e-03 2.174809354022618258e-09
6.222573058856926617e-03 2.179076449645708609e-09
6.294627058970836582e-03 2.179214899761062961e-09
6.367515405083306983e-03 2.182437452386195393e-09
6.441247758465666780e-03 2.190377859905081871e-09
6.515833892261500317e-03 2.195945917154153007e-09
6.591283692782034728e-03 2.193294487095939606e-09
6.667607160816617709e-03 2.189578031066839562e-09
6.744814412958264824e-03 2.183744032330148462e-09
6.822915682944625040e-03 2.176976171620288583e-09
6.901921323014425201e-03 2.169474262071487221e-09
6.981841805279687466e-03 2.174060416145211421e-09
7.062687723113768301e-03 2.185448565379884199e-09
7.144469792555517389e-03 2.189181668260283949e-09
7.227198853729638849e-03 2.178523270957169490e-09
7.310885872283589583e-03 2.169164992450456061e-09
7.395541940841034688e-03 2.176013873603799994e-09
7.481178280472169581e-03 2.184353543380017004e-09
7.567806242181042420e-03 2.177921914784554825e-09
7.655437308410150896e-03 2.167173835400721336e-09
7.744083094562405345e-03 2.177093120162539148e-09
7.833755350540741805e-03 2.182190515829542014e-09
7.924465962305568892e-03 2.168973641970758522e-09
8.016226953450207235e-03 2.173988872480260936e-09
8.109050486794647586e-03 2.179374787588898929e-09
8.202948865997691796e-03 2.165519687124407773e-09
8.297934537187804521e-03 2.177887135034101317e-09
8.394020090612802285e-03 2.173611725767176140e-09
8.491218262308719913e-03 2.168805350148405555e-09
8.589541935787937607e-03 2.177815337589004009e-09
8.689004143746880890e-03 2.163494359760842983e-09
8.789618069793463453e-03 2.177501462474460208e-09
8.891397050194612892e-03 2.159331981850963401e-09
8.994354575643934840e-03 2.177345225217376304e-09
9.098504293049919714e-03 2.160943048502199999e-09
9.203860007344778771e-03 2.174402990196875748e-09
9.310435683314336255e-03 2.161774109896324055e-09
9.418245447448998428e-03 2.171095652386414762e-09
9.527303589816240106e-03 2.166648760586279993e-09
9.637624565954681574e-03 2.161515675963133602e-09
9.749222998790225969e-03 2.172064537268956505e-09
9.862113680574265823e-03 2.161147603928093980e-09
9.976311574844402841e-03 2.162621010995680483e-09
1.009183181840780756e-02 2.170850373872794693e-09
1.020868972334764563e-02 2.161297372385780835e-09
1.032690077905264354e-02 2.156066407312687383e-09
1.044648065427019115e-02 2.166348920878937941e-09
1.056744519918323584e-02 2.167730717454459014e-09
1.068981044751115932e-02 2.159265936859118119e-09
1.081359261863509835e-02 2.155566181591089119e-09
1.093880811974775637e-02 2.162475516116531430e-09
1.106547354802819329e-02 2.162463925324712237e-09
1.119360569284169951e-02 2.165196687590833848e-09
1.132322153796529694e-02 2.164347613086866592e-09
1.145433826383886189e-02 2.163191523185685953e-09
1.158697324984239718e-02 2.158274830620898355e-09
1.172114407659961138e-02 2.156497399370567817e-09
1.185686852830827517e-02 2.155315972490539904e-09
1.199416459509744862e-02 2.154990854259576989e-09
1.213305047541208236e-02 2.154326766940279003e-09
1.227354457842515234e-02 2.153963254824009878e-09
1.241566552647784850e-02 2.155815999716793700e-09
1.255943215754789545e-02 2.159247927858779338e-09
1.270486352774653077e-02 2.158613133101396184e-09
1.285197891384432141e-02 2.155016055622347297e-09
1.300079781582635929e-02 2.148190690866154649e-09
1.315133995947690392e-02 2.146979560858655732e-09
1.330362529899405295e-02 2.152514596890565896e-09
1.345767401963458322e-02 2.155160631373970515e-09
1.361350654038956040e-02 2.148706356784886720e-09
1.377114351669082686e-02 2.144796955913436585e-09
1.393060584314884456e-02 2.152546803504749148e-09
1.409191465632227309e-02 2.148195108334641014e-09
1.425509133751954455e-02 2.144582232478420740e-09
1.442015751563302701e-02 2.151527204628453394e-09
1.458713507000582686e-02 2.141996663440340799e-09
1.475604613333193413e-02 2.150579121915712290e-09
1.492691309458979952e-02 2.140168544460703154e-09
1.509975860201007852e-02 2.149694403127216694e-09
1.527460556607755995e-02 2.139910371224845314e-09
1.545147716256795728e-02 2.147516002369777754e-09
1.563039683561977602e-02 2.141111681837529102e-09
1.581138830084189567e-02 2.141149519271194454e-09
1.599447554845698227e-02 2.146384510877165706e-09
1.617968284648142047e-02 2.139045041428307035e-09
1.636703474394191060e-02 2.137046913998824620e-09
1.655655607412955324e-02 2.142397172883986270e-09
1.674827195789137593e-02 2.142963504908727662e-09
1.694220780696013146e-02 2.138954231462487961e-09
1.713838932732252018e-02 2.136056290931765173e-09
1.733684252262658251e-02 2.133808731626805797e-09
1.753759369762839665e-02 2.132674394237078576e-09
1.774066946167878259e-02 2.133296471235617436e-09
1.794609673225026208e-02 2.131666541288904802e-09
1.815390273850506567e-02 2.132040735256079896e-09
1.836411502490422828e-02 2.130868562736819598e-09
1.857676145485861671e-02 2.131540425630277706e-09
1.879187021442221134e-02 2.132524308290948863e-09
1.900946981602805869e-02 2.135349284359608033e-09
1.922958910226767182e-02 2.134657357432492150e-09
1.945225724971402087e-02 2.128696203650910866e-09
1.967750377278887700e-02 2.128695823958467747e-09
1.990535852767486361e-02 2.133511725829980349e-09
2.013585171627295042e-02 2.128371536409622135e-09
2.036901389020562628e-02 2.128646576296836631e-09
2.060487595486651738e-02 2.130575282865769262e-09
2.084346917351677028e-02 2.126034804661229162e-09
2.108482517142910850e-02 2.129186329392847936e-09
2.132897594007962527e-02 2.126320302631292390e-09
2.157595384138826650e-02 2.125978789131306419e-09
2.182579161200829884e-02 2.129682981736605384e-09
2.207852236766562337e-02 2.122741173270536581e-09
2.233417960754814982e-02 2.119741826441186571e-09
2.259279721874613012e-02 2.125952877243588622e-09
2.285440948074375644e-02 2.126201273197862082e-09
2.311905106996301265e-02 2.123213699345691959e-09
2.338675706435990390e-02 2.120634528202472901e-09
2.365756294807403598e-02 2.119476954930941572e-09
2.393150461613192254e-02 2.118864611433087436e-09
2.420861837920496376e-02 2.118216522111705621e-09
2.448894096842230139e-02 2.118668259045118199e-09
2.477250954023949361e-02 2.120432439491368295e-09
2.505936168136362399e-02 2.120463005596689198e-09
2.534953541373522259e-02 2.117465112915200850e-09
2.564306919956823444e-02 2.114805072410400397e-09
2.594000194644804219e-02 2.118371928429986083e-09
2.624037301248864293e-02 2.115701975045511739e-09
2.654422221154942307e-02 2.113629358832860060e-09
2.685158981851263477e-02 2.115498115981991149e-09
2.716251657462164654e-02 2.112736021744069313e-09
2.747704369288123810e-02 2.107967974716836520e-09
2.779521286352017867e-02 2.114275198805206657e-09
2.811706625951744878e-02 2.109862614681362333e-09
2.844264654219206059e-02 2.110121389971640875e-09
2.877199686685785393e-02 2.112030374318659509e-09
2.910516088854357003e-02 2.112196295212776438e-09
2.944218276777944149e-02 2.111138998550925877e-09
2.978310717645051356e-02 2.110103195392148387e-09
3.012797930371790070e-02 2.108650738975993147e-09
3.047684486200846407e-02 2.108755749265136833e-09
3.082975009307410696e-02 2.108291598329569198e-09
3.118674177412095530e-02 2.104604249961474126e-09
3.154786722400967913e-02 2.103503499569135582e-09
3.191317430952744089e-02 2.107182260738792945e-09
3.228271145173277484e-02 2.103888217163559414e-09
3.265652763237360950e-02 2.103029767056105078e-09
3.303467240037977898e-02 2.103379724133418029e-09
3.341719587843073463e-02 2.102936193425796594e-09
3.380414876959908499e-02 2.099278868999157310e-09
3.419558236407146262e-02 2.102492051893830506e-09
3.459154854594680834e-02 2.102444067765227816e-09
3.499209980011368931e-02 2.099751696557368627e-09
3.539728921920690108e-02 2.097973643122175051e-09
3.580717051064509493e-02 2.097290420288691526e-09
3.622179800374948633e-02 2.096870531642433385e-09
3.664122665694521247e-02 2.096441650471190572e-09
3.706551206504588025e-02 2.098318579729479401e-09
3.749471046662278262e-02 2.096540155639282657e-09
3.792887875145917187e-02 2.093494153556543750e-09
3.836807446809096384e-02 2.096067544097817581e-09
3.881235583143458762e-02 2.091666758607391928e-09
3.926178173050358378e-02 2.094510688967825845e-09
3.971641173621406201e-02 2.091074228008102682e-09
4.017630610928087792e-02 2.091590841507280479e-09
4.064152580820496602e-02 2.092773259909372072e-09
4.111213249735355679e-02 2.091559534668368258e-09
4.158818855513353452e-02 2.090984435199397013e-09
4.206975708225977467e-02 2.090235111530860206e-09
4.255690191011882867e-02 2.086429915210745700e-09
4.304968760923003068e-02 2.088889105607050330e-09
4.354817949780401959e-02 2.085464168309027470e-09
4.405244365040068139e-02 2.085825065384908916e-09
4.456254690668728924e-02 2.086202622346563519e-09
4.507855688029784730e-02 2.084972518083760160e-09
4.560054196779547708e-02 2.083566729862574058e-09
4.612857135773813788e-02 2.085200312615713151e-09
4.666271503984956853e-02 2.083858298946024407e-09
4.720304381429617224e-02 2.081870674926750444e-09
4.774962930107178732e-02 2.080915649179826998e-09
4.830254394949064223e-02 2.080861951972166487e-09
4.886186104779054878e-02 2.081972847486055095e-09
4.942765473284694427e-02 2.081228300573204870e-09
4.999999999999998890e-02 2.078810625151085752e-09
5.057897271299490599e-02 2.079403351183457547e-09
5.116464961403772299e-02 2.077043980275210892e-09
5.175710833396720417e-02 2.078892098966723090e-09
5.235642740254497357e-02 2.075864510140858452e-09
5.296268625886442483e-02 2.075098143476283172e-09
5.357596526188034003e-02 2.074430872651213734e-09
5.419634570106018900e-02 2.073817417367725035e-09
5.482390980715923928e-02 2.073775725412802551e-09
5.545874076312004575e-02 2.074708391211888489e-09
5.610092271509820039e-02 2.072087832604840633e-09
5.675054078361576465e-02 2.072321704844257794e-09
5.740768107484412602e-02 2.071436869461902002e-09
5.807243069201711849e-02 2.071685478362839618e-09
5.874487774697650239e-02 2.078329317948200481e-09
5.942511137185093467e-02 2.070039850654651801e-09
6.011322173087064319e-02 2.069724676059742447e-09
6.080930003231838771e-02 2.069354440261574385e-09
6.151343854061905314e-02 2.068050021504931662e-09
6.222573058856928352e-02 2.066239469913366487e-09
6.294627058970836408e-02 2.067107936473965451e-09
6.367515405083307156e-02 2.065099097873949738e-09
6.441247758465666606e-02 2.064540456573556068e-09
6.515833892261499449e-02 2.064136006365736565e-09
6.591283692782035075e-02 2.067182416064313023e-09
6.667607160816618750e-02 2.063191772236972667e-09
6.744814412958265171e-02 2.061328492708512390e-09
6.822915682944626081e-02 2.062573610254750531e-09
6.901921323014426068e-02 2.060243659514619598e-09
6.981841805279687119e-02 2.060728745842404737e-09
7.062687723113769689e-02 2.060182341932424083e-09
7.144469792555516174e-02 2.059272065487711542e-09
7.227198853729638328e-02 2.058452138748497323e-09
7.310885872283590103e-02 2.058240301757345429e-09
7.395541940841034168e-02 2.056999585155942511e-09
7.481178280472169928e-02 2.056844334388117625e-09
7.567806242181042420e-02 2.056695420357205549e-09
7.655437308410149855e-02 2.054492961681125438e-09
7.744083094562403957e-02 2.054679109787238959e-09
7.833755350540749784e-02 2.061307397602663688e-09
7.924465962305569933e-02 2.051135203634273165e-09
8.016226953450207582e-02 2.053072967519359396e-09
8.109050486794647239e-02 2.050854599389737602e-09
8.202948865997691796e-02 2.051658857745352785e-09
8.297934537187805215e-02 2.051165522481275444e-09
8.394020090612801244e-02 2.049202262381726008e-09
8.491218262308719567e-02 2.050296475315415502e-09
8.589541935787936566e-02 2.048173075945955599e-09
8.689004143746879849e-02 2.048743651364093234e-09
8.789618069793463107e-02 2.046416553957888612e-09
8.891397050194613239e-02 2.045441282551490128e-09
8.994354575643936922e-02 2.045020536994320505e-09
9.098504293049920755e-02 2.044517672134638883e-09
9.203860007344781546e-02 2.044870874972897904e-09
9.310435683314335908e-02 2.041740927688799703e-09
9.418245447449000163e-02 2.043413512683211987e-09
9.527303589816239759e-02 2.042925248430950701e-09
9.637624565954681921e-02 2.042289988409386010e-09
9.749222998790225969e-02 2.041343806132759119e-09
9.862113680574265129e-02 2.040344403244573936e-09
9.976311574844401453e-02 2.039552745151559940e-09
1.009183181840780652e-01 2.039820957413211247e-09
1.020868972334764563e-01 2.038595618247072245e-09
1.032690077905264459e-01 2.037271485522094725e-09
1.044648065427020295e-01 2.036954763537876078e-09
1.056744519918323827e-01 2.035638117398211448e-09
1.068981044751115966e-01 2.035884746166606471e-09
1.081359261863509835e-01 2.034362297914622568e-09
1.093880811974775741e-01 2.033729560776224913e-09
1.106547354802819155e-01 2.034018947534519166e-09
1.119360569284169882e-01 2.032508987078117139e-09
1.132322153796529729e-01 2.032407121945145410e-09
1.145433826383886050e-01 2.032530504476213816e-09
1.158697324984239718e-01 2.032052134371611906e-09
1.172114407659961138e-01 2.029905219734022431e-09
1.185686852830827448e-01 2.029345485374630384e-09
1.199416459509744792e-01 2.028351123825927009e-09
1.213305047541208131e-01 2.027733612704267807e-09
1.227354457842515512e-01 2.028041516321552329e-09
1.241566552647785232e-01 2.027675183192366475e-09
1.255943215754789510e-01 2.026315619124869814e-09
1.270486352774652938e-01 2.026788038117107945e-09
1.285197891384432245e-01 2.024972304612880010e-09
1.300079781582635929e-01 2.024312132180714642e-09
1.315133995947690426e-01 2.024832581513068687e-09
1.330362529899405399e-01 2.023602607954209636e-09
1.345767401963458010e-01 2.021656076523747975e-09
1.361350654038956109e-01 2.028918621869862573e-09
1.377114351669082859e-01 2.019855330872578117e-09
1.393060584314886052e-01 2.019548835530281917e-09
1.409191465632227414e-01 2.023255976173064386e-09
1.425509133751954594e-01 2.013948477980468634e-09
1.442015751563302528e-01 2.018574669242263174e-09
1.458713507000582721e-01 2.017617244281507134e-09
1.475604613333193205e-01 2.015240994400592821e-09
1.492691309458979987e-01 2.016358993229653189e-09
1.509975860201007714e-01 2.016425446407347837e-09
1.527460556607755926e-01 2.014384439034933917e-09
1.545147716256795867e-01 2.014117230973000080e-09
1.563039683561977533e-01 2.013512880238272701e-09
1.581138830084189428e-01 2.012028237697178544e-09
1.599447554845698227e-01 2.011899930148033431e-09
1.617968284648141908e-01 2.012091393240666595e-09
1.636703474394191060e-01 2.007161363446851049e-09
1.655655607412955255e-01 2.010517322979905599e-09
1.674827195789137801e-01 2.011071661659459259e-09
1.694220780696013284e-01 2.010552676115832603e-09
1.713838932732252018e-01 2.007693483355690504e-09
1.733684252262658043e-01 2.007660103158447415e-09
1.753759369762839249e-01 2.007073935684194204e-09
1.774066946167878189e-01 2.005797214379085913e-09
1.794609673225026625e-01 2.004838230706874689e-09
1.815390273850506775e-01 2.004432396425891761e-09
1.836411502490422898e-01 2.031870208469423706e-09
1.857676145485863684e-01 2.003283607201996113e-09
1.879187021442221273e-01 2.024981225067764857e-09
1.900946981602806007e-01 1.996349198475014156e-09
1.922958910226767459e-01 2.001047041853930004e-09
1.945225724971401948e-01 2.000014293760340199e-09
1.967750377278887908e-01 2.000139108754539016e-09
1.990535852767486014e-01 2.000841348536537074e-09
2.013585171627295112e-01 1.998939864199707973e-09
2.036901389020562836e-01 1.993996676264444534e-09
2.060487595486651391e-01 1.997157151039035712e-09
2.084346917351677375e-01 1.996792596871586886e-09
2.108482517142911128e-01 1.997040224382698303e-09
2.132897594007961972e-01 1.996628652332706759e-09
2.157595384138827066e-01 1.996440614124383138e-09
2.182579161200829954e-01 1.993226630146616350e-09
2.207852236766562337e-01 1.993407545507547858e-09
2.233417960754814635e-01 1.992273009339469144e-09
2.259279721874612734e-01 1.992752931110135725e-09
2.285440948074375644e-01 1.991312962496033809e-09
2.311905106996301196e-01 1.990667732209381769e-09
2.338675706435990043e-01 1.990022615692946866e-09
2.365756294807403459e-01 1.989162623036859897e-09
2.393150461613192115e-01 1.988500553823464205e-09
2.420861837920496862e-01 1.988928473632983955e-09
2.448894096842230139e-01 1.987510367149235435e-09
2.477250954023952345e-01 1.986603042507031452e-09
2.505936168136362330e-01 1.985829065659126286e-09
2.534953541373521912e-01 1.985347635748803477e-09
2.564306919956823583e-01 1.985397162912128590e-09
2.594000194644804358e-01 1.986098097057715057e-09
2.624037301248863807e-01 1.983132830813910101e-09
2.654422221154941752e-01 1.985272999012380093e-09
2.685158981851262783e-01 1.981937531472226230e-09
2.716251657462164792e-01 1.981653702161182663e-09
2.747704369288123671e-01 1.980847960217573162e-09
2.779521286352018006e-01 1.979465265649581513e-09
2.811706625951744809e-01 1.980283812305505732e-09
2.844264654219206268e-01 1.978257493430574775e-09
2.877199686685785740e-01 1.977858524477094858e-09
2.910516088854357419e-01 1.976753026856658124e-09
2.944218276777944010e-01 1.976602322507468960e-09
2.978310717645051287e-01 1.976081616908446627e-09
3.012797930371790001e-01 1.975032446534348885e-09
3.047684486200846199e-01 1.974997298984578590e-09
3.082975009307410419e-01 1.973374661204919523e-09
3.118674177412095183e-01 1.973264923055566992e-09
3.154786722400967358e-01 1.972482270983912082e-09
3.191317430952744227e-01 1.972075105582294297e-09
3.228271145173277623e-01 1.970747420450706446e-09
3.265652763237361089e-01 1.971152036916280345e-09
3.303467240037981645e-01 1.971772611584855668e-09
3.341719587843073880e-01 1.970139251041020192e-09
3.380414876959909054e-01 1.968536203574232885e-09
3.419558236407145846e-01 1.968187193738444533e-09
3.459154854594680417e-01 1.967252557128722126e-09
3.499209980011368515e-01 1.978052683357221864e-09
3.539728921920690108e-01 1.966440029007217016e-09
3.580717051064509771e-01 1.963812673713149009e-09
3.622179800374948910e-01 1.972802787996147802e-09
3.664122665694521941e-01 1.962913278995935839e-09
3.706551206504588025e-01 1.963451941402920896e-09
3.749471046662278817e-01 1.962482941397397874e-09
3.792887875145917742e-01 1.959659187938623462e-09
3.836807446809096245e-01 1.957208449996036180e-09
3.881235583143459178e-01 1.960238856296928016e-09
3.926178173050358100e-01 1.960529704461511501e-09
3.971641173621405785e-01 1.958826698792936825e-09
4.017630610928087931e-01 1.959212026402850057e-09
4.064152580820497018e-01 1.957902764488003163e-09
4.111213249735354847e-01 1.957214102721886785e-09
4.158818855513353729e-01 1.956735745532870552e-09
4.206975708225977328e-01 1.956260976079042556e-09
4.255690191011883838e-01 1.955621577649143519e-09
4.304968760923003068e-01 1.956533393868986013e-09
4.354817949780401820e-01 1.953736643258474786e-09
4.405244365040072441e-01 1.953061325041346089e-09
4.456254690668728924e-01 1.952789222152834815e-09
4.507855688029784313e-01 1.952025017875813085e-09
4.560054196779547708e-01 1.951498634717424713e-09
4.612857135773818507e-01 1.950892105844161225e-09
4.666271503984956159e-01 1.946323818367026371e-09
4.720304381429616947e-01 1.950918651030982720e-09
4.774962930107178871e-01 1.948572248222490107e-09
4.830254394949065055e-01 1.944567292234985933e-09
4.886186104779055572e-01 1.943696840440025969e-09
4.942765473284694844e-01 1.946864454801972268e-09
5.000000000000000000e-01 1.947036816912881127e-09
5.235642740254496941e-01 1.939725021852420550e-09
5.482390980715925455e-01 1.940649116822128964e-09
5.740768107484413019e-01 1.938178514313429879e-09
6.011322173087064735e-01 1.935632224283000414e-09
6.294627058970835298e-01 1.932222887979065853e-09
6.591283692782035075e-01 1.929526040006466685e-09
6.901921323014423848e-01 1.948148610768767548e-09
7.227198853729638328e-01 1.924223536173036748e-09
7.567806242181041032e-01 1.922367218741825898e-09
7.924465962305567990e-01 1.919451663793629763e-09
8.297934537187803272e-01 1.916676854009215670e-09
8.689004143746876796e-01 1.915228199396112304e-09
9.098504293049917147e-01 1.911807194239159948e-09
9.527303589816236151e-01 1.961012711411859900e-09
9.976311574844398677e-01 1.907923693662811444e-09
1.044648065427019601e+00 1.902768976038776846e-09
1.093880811974776268e+00 1.898863482528500043e-09
1.145433826383886355e+00 1.878721943543208570e-09
1.199416459509745181e+00 1.892985314005760347e-09
1.255943215754790065e+00 1.893671165462450475e-09
1.315133995947690870e+00 1.895153004727948219e-09
1.377114351669083137e+00 1.885743133871251826e-09
1.442015751563303194e+00 1.885460559016336496e-09
1.509975860201008047e+00 1.880415290700187206e-09
1.581138830084189539e+00 1.877157080530728985e-09
1.655655607412955588e+00 1.875446456943914349e-09
1.733684252262658321e+00 1.874425921426765510e-09
1.815390273850506775e+00 1.874219306899589953e-09
1.900946981602805952e+00 1.867674116151526250e-09
1.990535852767486125e+00 1.866655639421834107e-09
2.084346917351676876e+00 1.865930095934316318e-09
2.182579161200830065e+00 1.861224982843134087e-09
2.285440948074374923e+00 1.872546663761162247e-09
2.393150461613192004e+00 1.858398007936781948e-09
2.505936168136361886e+00 1.853148804054014856e-09
2.624037301248862697e+00 1.850744925107620209e-09
2.747704369288122450e+00 1.848660538926960455e-09
2.877199686685784741e+00 1.845663236014335242e-09
3.012797930371788890e+00 1.843689342549911031e-09
3.154786722400966248e+00 1.838608772091436454e-09
3.303467240037980091e+00 1.839636001242813264e-09
3.459154854594682416e+00 1.835024713786053671e-09
3.622179800374949910e+00 1.831665701210190897e-09
3.792887875145918741e+00 1.829692435146239646e-09
3.971641173621408338e+00 1.827645013841410937e-09
4.158818855513356283e+00 1.824813548149195087e-09
4.354817949780404263e+00 1.822731753801965401e-09
4.560054196779547375e+00 1.822620265935143503e-09
4.774962930107178316e+00 1.815608421447566581e-09
5.000000000000000000e+00 1.816826825090367458e-09
6.294627058970836408e+00 1.803104968609333118e-09
7.924465962305568212e+00 1.788761537344824648e-09
9.976311574844396901e+00 1.775860744183275588e-09
1.255943215754790110e+01 1.761748545544277680e-09
1.581138830084189451e+01 1.746684565029856648e-09
1.990535852767486347e+01 2.158494164849271048e-09
2.505936168136361886e+01 1.725159204010208233e-09
3.154786722400966426e+01 1.712737437101198062e-09
3.971641173621406296e+01 1.702812974714251857e-09
4.999999999999999289e+01 1.679187511915495053e-09
