1.617968284648140111e-05 1.787316649887078372e-13
1.655655607412953476e-05 3.474227633516155372e-13
1.694220780696013463e-05 1.072923190388758510e-12
1.733684252262658040e-05 2.353795061196662950e-12
1.774066946167876001e-05 4.197626562260326227e-12
1.815390273850508356e-05 6.621055520373539154e-12
1.857676145485863550e-05 9.643013881614309793e-12
1.900946981602805844e-05 1.329088498199821582e-11
1.945225724971401946e-05 1.760050333443384128e-11
1.990535852767484390e-05 2.261518311995154785e-11
2.036901389020564723e-05 2.837208706516253975e-11
2.084346917351677256e-05 3.493238931040395660e-11
2.132897594007962175e-05 4.234818980480143106e-11
2.182579161200832375e-05 5.067929744338379556e-11
2.233417960754817411e-05 5.996699167141988162e-11
2.285440948074375482e-05 7.032236575393084602e-11
2.338675706435990129e-05 8.177950380027504282e-11
2.393150461613189502e-05 9.445968921028691271e-11
2.448894096842227708e-05 1.084132633257955857e-10
2.505936168136361892e-05 1.237432841559787465e-10
2.564306919956823707e-05 1.405379337696870646e-10
2.624037301248860956e-05 1.588714006178092799e-10
2.685158981851265889e-05 1.789054146979793773e-10
2.747704369288124057e-05 2.006612269389855544e-10
2.811706625951745011e-05 2.242593235519289094e-10
2.877199686685782864e-05 2.498777529719227073e-10
2.944218276777941663e-05 2.775135179309874248e-10
3.012797930371790298e-05 3.073890237559448741e-10
3.082975009307410534e-05 3.395262863443138308e-10
3.154786722400964650e-05 3.740439809288164286e-10
3.228271145173280656e-05 4.110340116377461160e-10
3.303467240037981687e-05 4.505926146603923227e-10
3.380414876959908759e-05 4.927981747200234869e-10
3.459154854594680595e-05 5.378061824359091465e-10
3.539728921920685885e-05 5.856695290476914454e-10
3.622179800374952406e-05 6.363246595729984154e-10
3.706551206504588155e-05 6.897014170233714623e-10
3.792887875145917236e-05 7.459942500044031194e-10
3.881235583143463039e-05 8.053034669839483714e-10
3.971641173621410364e-05 8.672352860694857836e-10
4.064152580820496591e-05 9.320266915475400263e-10
4.158818855513353842e-05 9.995117255922705486e-10
4.255690191011878395e-05 1.069115717848461129e-09
4.354817949780398050e-05 1.141549461376160043e-09
4.456254690668729390e-05 1.215587306278834282e-09
4.560054196779547508e-05 1.291379859772333361e-09
4.666271503984952289e-05 1.368807812274883083e-09
4.774962930107183736e-05 1.446572236104125675e-09
4.886186104779054808e-05 1.524913502909359174e-09
4.999999999999998884e-05 1.603461782659024431e-09
5.057897271299490442e-05 1.642293358081417019e-09
5.116464961403767209e-05 1.681150791672457180e-09
5.175710833396714221e-05 1.719435676404385048e-09
5.235642740254491318e-05 1.757735551282468059e-09
5.296268625886447866e-05 1.795016508221451911e-09
5.357596526188034176e-05 1.831755208406938911e-09
5.419634570106018624e-05 1.867827413752186790e-09
5.482390980715924394e-05 1.902854228405668434e-09
5.545874076312003680e-05 1.937228657328327561e-09
5.610092271509813691e-05 1.971107984752441643e-09
5.675054078361570665e-05 2.002884386335439679e-09
5.740768107484407919e-05 2.033537063608098267e-09
5.807243069201718186e-05 2.063051986263410311e-09
5.874487774697651393e-05 2.091230585352824424e-09
5.942511137185093809e-05 2.117213862405216437e-09
6.011322173087064877e-05 2.142124472801952212e-09
6.080930003231838695e-05 2.164901477597254370e-09
6.151343854061905325e-05 2.185064057885481707e-09
6.222573058856921034e-05 2.204640226388031421e-09
6.294627058970830402e-05 2.220366699207718590e-09
6.367515405083314138e-05 2.234506488225216424e-09
6.441247758465673719e-05 2.246610836164530155e-09
6.515833892261499124e-05 2.255764326959993923e-09
6.591283692782035650e-05 2.262586235788424326e-09
6.667607160816619769e-05 2.266264464545392212e-09
6.744814412958265366e-05 2.266986740991037855e-09
6.822915682944618535e-05 2.266330692955658958e-09
6.901921323014417829e-05 2.261746842795835271e-09
6.981841805279679497e-05 2.254323768439835797e-09
7.062687723113775782e-05 2.243860455377205738e-09
7.144469792555517389e-05 2.231237910938437062e-09
7.227198853729638578e-05 2.214138786579939199e-09
7.310885872283590017e-05 2.195169697699754116e-09
7.395541940841035122e-05 2.173572259866811212e-09
7.481178280472162371e-05 2.148871548915624039e-09
7.567806242181034505e-05 2.121833024913786723e-09
7.655437308410142656e-05 2.091380058123641415e-09
7.744083094562412067e-05 2.059117962179014001e-09
7.833755350540748852e-05 2.023980782115600066e-09
7.924465962305569597e-05 1.986766161861009979e-09
8.016226953450208102e-05 1.947969511042875747e-09
8.109050486794647857e-05 1.906810182630544704e-09
8.202948865997692718e-05 1.864498266166954508e-09
8.297934537187796715e-05 1.820266703227509387e-09
8.394020090612792852e-05 1.775338059490507650e-09
8.491218262308728262e-05 1.729721177329976564e-09
8.589541935787945305e-05 1.683856965308373179e-09
8.689004143746881595e-05 1.638333096431991607e-09
8.789618069793464267e-05 1.592174479290022810e-09
8.891397050194613488e-05 1.547550973276860565e-09
8.994354575643936521e-05 1.504202188986690175e-09
9.098504293049911853e-05 1.461861040361455011e-09
9.203860007344770748e-05 1.421956378442879153e-09
9.310435683314326931e-05 1.383796847055595548e-09
9.418245447449009216e-05 1.348597909837219822e-09
9.527303589816239347e-05 1.316848393368104424e-09
9.637624565954680924e-05 1.288619530758817875e-09
9.749222998790225210e-05 1.264172860498844204e-09
9.862113680574265443e-05 1.244153129659124220e-09
9.976311574844392432e-05 1.228723070424450049e-09
1.009183181840780691e-04 1.218220661521373331e-09
1.020868972334764650e-04 1.212948887713444125e-09
1.032690077905264333e-04 1.213122496533667192e-09
1.044648065427019099e-04 1.218888420166409827e-09
1.056744519918323676e-04 1.230257239156749293e-09
1.068981044751116051e-04 1.247298506648540648e-09
1.081359261863509824e-04 1.270220574354086673e-09
1.093880811974775783e-04 1.298750275987150904e-09
1.106547354802819166e-04 1.332631117068699801e-09
1.119360569284169843e-04 1.371574198856032731e-09
1.132322153796529580e-04 1.415542708572010946e-09
1.145433826383886026e-04 1.463935265253877356e-09
1.158697324984239615e-04 1.516354289927505812e-09
1.172114407659961296e-04 1.572068239213969915e-09
1.185686852830827555e-04 1.630643553778158781e-09
1.199416459509744948e-04 1.691061202581295601e-09
1.213305047541207081e-04 1.752781100207889885e-09
1.227354457842515364e-04 1.815235175440774917e-09
1.241566552647784948e-04 1.877055612797213208e-09
1.255943215754789502e-04 1.937547687263328408e-09
1.270486352774653110e-04 1.995683309632028642e-09
1.285197891384432108e-04 2.050807084995196991e-09
1.300079781582635788e-04 2.101130238163410882e-09
1.315133995947690435e-04 2.147224447291606492e-09
1.330362529899403897e-04 2.187148925068152557e-09
1.345767401963458333e-04 2.220848342960145941e-09
1.361350654038956344e-04 2.247108641078876627e-09
1.377114351669082826e-04 2.265638794534644890e-09
1.393060584314884456e-04 2.275739576838460724e-09
1.409191465632227234e-04 2.278238583400456848e-09
1.425509133751954596e-04 2.271732095362577145e-09
1.442015751563302474e-04 2.256567954617916470e-09
1.458713507000582675e-04 2.234150462051713320e-09
1.475604613333193142e-04 2.203399222429797452e-09
1.492691309458979746e-04 2.166095552431212885e-09
1.509975860201007907e-04 2.122892912381843655e-09
1.527460556607755941e-04 2.074243744173300495e-09
1.545147716256795760e-04 2.022313405819487408e-09
1.563039683561977700e-04 1.967583140827294216e-09
1.581138830084189426e-04 1.912114179633118448e-09
1.599447554845698401e-04 1.857813510169424933e-09
1.617968284648140247e-04 1.805432982545104131e-09
1.636703474394191234e-04 1.757253617818765776e-09
1.655655607412955237e-04 1.714899261036716375e-09
1.674827195789137550e-04 1.678731427735396011e-09
1.694220780696013395e-04 1.651571245636725563e-09
1.713838932732251867e-04 1.633997398213452771e-09
1.733684252262658175e-04 1.626509042561960404e-09
1.753759369762839622e-04 1.629771567519627808e-09
1.774066946167876340e-04 1.644139376662694530e-09
1.794609673225026360e-04 1.669340856536608064e-09
1.815390273850506729e-04 1.705587886923361279e-09
1.836411502490422785e-04 1.750322446428153429e-09
1.857676145485863753e-04 1.803709229561932232e-09
1.879187021442221307e-04 1.863468132467793807e-09
1.900946981602805912e-04 1.927110661723377474e-09
1.922958910226767171e-04 1.992930672643847029e-09
1.945225724971401946e-04 2.058987791886486736e-09
1.967750377278885748e-04 2.121554929732432528e-09
1.990535852767486220e-04 2.179294016411524186e-09
2.013585171627295032e-04 2.229317856055081247e-09
2.036901389020562758e-04 2.269532065946535037e-09
2.060487595486651640e-04 2.297559820355007824e-09
2.084346917351676985e-04 2.313140731305433987e-09
2.108482517142910915e-04 2.315430363043130148e-09
2.132897594007962310e-04 2.303423257429089919e-09
2.157595384138824807e-04 2.278471899087506954e-09
2.182579161200830003e-04 2.241742901421293833e-09
2.207852236766562250e-04 2.195096272414025008e-09
2.233417960754814700e-04 2.140796673994130658e-09
2.259279721874612654e-04 2.081827608421336078e-09
2.285440948074375482e-04 2.022297916173334454e-09
2.311905106996301417e-04 1.965343937304148831e-09
2.338675706435990400e-04 1.914371017440550024e-09
2.365756294807401202e-04 1.872896755222028237e-09
2.393150461613192416e-04 1.843553299594077167e-09
2.420861837920496669e-04 1.829317387135587278e-09
2.448894096842230486e-04 1.830302528300094083e-09
2.477250954023952571e-04 1.848017102050024563e-09
2.505936168136362096e-04 1.881278706722564192e-09
2.534953541373521587e-04 1.928134957072295354e-09
2.564306919956823639e-04 1.985771687823757850e-09
2.594000194644804458e-04 2.050688810416576792e-09
2.624037301248860888e-04 2.118500812698544156e-09
2.654422221154941939e-04 2.183828842085917582e-09
2.685158981851263043e-04 2.242511092168128935e-09
2.716251657462165044e-04 2.289766269670812074e-09
2.747704369288123854e-04 2.321878021626576351e-09
2.779521286352018127e-04 2.336143705616995283e-09
2.811706625951744943e-04 2.331475438772112266e-09
2.844264654219205170e-04 2.308591376379474436e-09
2.877199686685782661e-04 2.269331943297194466e-09
2.910516088854357393e-04 2.216836936712004199e-09
2.944218276777944170e-04 2.156909802108653044e-09
2.978310717645051204e-04 2.095039967262362947e-09
3.012797930371790027e-04 2.036987065384478583e-09
3.047684486200846234e-04 1.989861073062793385e-09
3.082975009307410263e-04 1.957729844726603627e-09
3.118674177412095313e-04 1.945527923442077035e-09
3.154786722400964379e-04 1.954144074124613464e-09
3.191317430952743915e-04 1.984134551621250069e-09
3.228271145173277267e-04 2.031934856025717453e-09
3.265652763237360972e-04 2.092726795180333606e-09
3.303467240037981823e-04 2.160620853375036064e-09
3.341719587843073962e-04 2.226771911262904807e-09
3.380414876959908759e-04 2.284399227633551011e-09
3.419558236407145655e-04 2.325884449604516686e-09
3.459154854594681137e-04 2.346359781517068686e-09
3.499209980011365223e-04 2.342790560185666836e-09
3.539728921920690086e-04 2.315858105650720695e-09
3.580717051064509905e-04 2.269162807654442060e-09
3.622179800374948611e-04 2.210262475562220744e-09
3.664122665694521551e-04 2.146754415921891734e-09
3.706551206504588155e-04 2.088368007942214439e-09
3.749471046662278739e-04 2.044689658437462475e-09
3.792887875145917100e-04 2.022693932487021602e-09
3.836807446809091808e-04 2.026580813805089067e-09
3.881235583143459109e-04 2.056455368920803100e-09
3.926178173050358226e-04 2.107684949668459218e-09
3.971641173621406028e-04 2.172353586647702003e-09
4.017630610928088399e-04 2.239654980203482781e-09
4.064152580820496862e-04 2.299198178073200885e-09
4.111213249735355181e-04 2.339822726471801980e-09
4.158818855513353300e-04 2.353425247457863817e-09
4.206975708225972935e-04 2.338105214697642934e-09
4.255690191011882867e-04 2.296718571377241187e-09
4.304968760923002613e-04 2.238017765315908095e-09
4.354817949780402523e-04 2.173426859314060148e-09
4.405244365040072822e-04 2.119174933277003458e-09
4.456254690668728577e-04 2.080411274627603131e-09
4.507855688029784470e-04 2.075026134359681419e-09
4.560054196779547643e-04 2.096366757512319976e-09
4.612857135773813463e-04 2.148913513940594862e-09
4.666271503984952018e-04 2.214611838558955000e-09
4.720304381429617636e-04 2.282346840589688030e-09
4.774962930107178993e-04 2.332387765483967989e-09
4.830254394949064960e-04 2.352856792525661636e-09
4.886186104779055486e-04 2.344371449186639806e-09
4.942765473284694211e-04 2.303961348478567516e-09
4.999999999999999020e-04 2.243959247523170964e-09
5.057897271299491120e-04 2.180051556903737706e-09
5.116464961403766531e-04 2.128289608134329717e-09
5.175710833396719507e-04 2.111908351095941407e-09
5.235642740254497010e-04 2.130114505291358559e-09
5.296268625886442309e-04 2.176374923053346152e-09
5.357596526188034176e-04 2.240610807999881694e-09
5.419634570106017946e-04 2.307222673881940338e-09
5.482390980715924666e-04 2.348492489725429133e-09
5.545874076312004358e-04 2.355196403266421658e-09
5.610092271509815182e-04 2.321519853564619475e-09
5.675054078361570394e-04 2.261451025952188074e-09
5.740768107484413340e-04 2.199743866985735824e-09
5.807243069201711546e-04 2.151466940033509740e-09
5.874487774697650716e-04 2.138327664081463325e-09
5.942511137185093944e-04 2.166138246019299169e-09
6.011322173087063929e-04 2.225444508031347520e-09
6.080930003231838424e-04 2.293441529595620644e-09
6.151343854061905054e-04 2.343485187378057093e-09
6.222573058856920762e-04 2.352088427764727747e-09
6.294627058970835281e-04 2.321914238331482577e-09
6.367515405083307633e-04 2.263878133620478537e-09
6.441247758465673719e-04 2.199978360624625402e-09
6.515833892261498582e-04 2.162433944762720804e-09
6.591283692782036463e-04 2.169005455943995325e-09
6.667607160816620311e-04 2.217020070797405795e-09
6.744814412958264824e-04 2.282762077890562719e-09
6.822915682944617451e-04 2.336669999675924654e-09
6.901921323014424334e-04 2.353155334118529632e-09
6.981841805279687899e-04 2.321084426209697234e-09
7.062687723113776324e-04 2.259900568074636909e-09
7.144469792555517389e-04 2.200614986630183243e-09
7.227198853729638849e-04 2.175801649327594788e-09
7.310885872283591101e-04 2.198999720898172509e-09
7.395541940841035122e-04 2.262363596014738047e-09
7.481178280472163726e-04 2.327593267177862938e-09
7.567806242181033963e-04 2.355517036081730428e-09
7.655437308410150245e-04 2.326561425561930588e-09
7.744083094562404478e-04 2.263759023823571891e-09
7.833755350540749394e-04 2.210975539247441144e-09
7.924465962305569326e-04 2.189620598925286332e-09
8.016226953450207018e-04 2.225409304813296833e-09
8.109050486794647586e-04 2.292838645060958431e-09
8.202948865997692447e-04 2.341071573454428068e-09
8.297934537187796715e-04 2.343784242228752768e-09
8.394020090612802068e-04 2.294247708425689124e-09
8.491218262308720130e-04 2.235394799497137830e-09
8.589541935787945847e-04 2.200672755638927106e-09
8.689004143746880239e-04 2.228440084488231292e-09
8.789618069793463453e-04 2.294827580811161845e-09
8.891397050194612675e-04 2.342371190454161215e-09
8.994354575643935708e-04 2.337127533335902914e-09
9.098504293049911040e-04 2.283892643347916990e-09
9.203860007344780506e-04 2.224455792365572409e-09
9.310435683314336689e-04 2.217354139336172913e-09
9.418245447449009487e-04 2.260243992613597742e-09
9.527303589816240974e-04 2.325540423039296929e-09
9.637624565954682008e-04 2.348677014508164032e-09
9.749222998790226836e-04 2.301663344813160168e-09
9.862113680574266256e-04 2.236906773315167600e-09
9.976311574844392432e-04 2.219908464804831000e-09
1.009183181840779715e-03 2.259863283038726792e-09
1.020868972334764650e-03 2.323142230238922549e-09
1.032690077905264224e-03 2.341035396730685050e-09
1.044648065427020156e-03 2.293548813271787676e-09
1.056744519918323541e-03 2.234928408883225114e-09
1.068981044751116105e-03 2.226097752787765860e-09
1.081359261863509879e-03 2.284364464202585580e-09
1.093880811974775810e-03 2.335797856383958569e-09
1.106547354802818028e-03 2.322240957383840486e-09
1.119360569284169734e-03 2.260994145352493737e-09
1.132322153796529608e-03 2.227737692891351773e-09
1.145433826383887056e-03 2.265252819691141470e-09
1.158697324984239588e-03 2.325526229522875905e-09
1.172114407659961052e-03 2.330270477401890760e-09
1.185686852830827474e-03 2.272455680174092998e-09
1.199416459509744732e-03 2.231354926823284401e-09
1.213305047541206891e-03 2.262617749094750801e-09
1.227354457842515364e-03 2.325168627331399997e-09
1.241566552647784894e-03 2.325061123905818079e-09
1.255943215754790803e-03 2.266341806609549056e-09
1.270486352774652947e-03 2.234657220750004907e-09
1.285197891384432054e-03 2.281372861037931626e-09
1.300079781582635843e-03 2.332919797166066176e-09
1.315133995947690435e-03 2.303608561553529424e-09
1.330362529899403951e-03 2.243533954820082370e-09
1.345767401963456761e-03 2.252251155793333446e-09
1.361350654038956127e-03 2.314214417617801165e-09
1.377114351669082772e-03 2.326206327634507014e-09
1.393060584314885974e-03 2.260689088068149723e-09
1.409191465632227396e-03 2.239905105838287149e-09
1.425509133751954758e-03 2.295285978646503515e-09
1.442015751563302745e-03 2.326992678463576937e-09
1.458713507000582730e-03 2.273377126838817720e-09
1.475604613333191895e-03 2.241177297967867329e-09
1.492691309458979909e-03 2.290540197202505664e-09
1.509975860201007419e-03 2.324861922282082583e-09
1.527460556607757513e-03 2.271253411475607165e-09
1.545147716256795815e-03 2.243938363031187372e-09
1.563039683561977646e-03 2.300642656489009027e-09
1.581138830084189697e-03 2.317977596153737075e-09
1.599447554845698401e-03 2.258704350293491754e-09
1.617968284648140355e-03 2.255244496995047995e-09
1.636703474394191234e-03 2.314441254182154151e-09
1.655655607412955237e-03 2.299876297590210892e-09
1.674827195789139285e-03 2.245605589695010302e-09
1.694220780696013232e-03 2.281863628293201372e-09
1.713838932732251975e-03 2.317894123685627189e-09
1.733684252262658121e-03 2.265900583691556011e-09
1.753759369762839405e-03 2.254188456248756823e-09
1.774066946167876177e-03 2.313311251898392878e-09
1.794609673225024517e-03 2.289305221691884654e-09
1.815390273850506567e-03 2.246219306696677541e-09
1.836411502490423002e-03 2.297140635609119493e-09
1.857676145485863536e-03 2.302269192255845672e-09
1.879187021442221307e-03 2.248328698162974785e-09
1.900946981602806129e-03 2.282113551337463768e-09
1.922958910226767442e-03 2.305707110129200692e-09
1.945225724971402217e-03 2.251085381589992537e-09
1.967750377278885965e-03 2.283112563473239800e-09
1.990535852767486274e-03 2.305924827004591691e-09
2.013585171627295303e-03 2.251452391045430369e-09
2.036901389020564709e-03 2.283687915316724476e-09
2.060487595486651478e-03 2.300819117973276940e-09
2.084346917351677202e-03 2.248696311448022885e-09
2.108482517142910590e-03 2.289834053963195806e-09
2.132897594007962527e-03 2.289576484848475219e-09
2.157595384138824915e-03 2.247781354443301456e-09
2.182579161200830058e-03 2.301198644321430591e-09
2.207852236766562250e-03 2.270974823178996576e-09
2.233417960754816977e-03 2.259770349887053918e-09
2.259279721874612491e-03 2.302479575969561519e-09
2.285440948074375211e-03 2.248169896876797278e-09
2.311905106996301092e-03 2.283273707870853956e-09
2.338675706435990129e-03 2.284517071917874770e-09
2.365756294807400822e-03 2.251209363517644458e-09
2.393150461613189652e-03 2.300331770303720747e-09
2.420861837920496723e-03 2.250986772723044852e-09
2.448894096842230052e-03 2.282501822471983112e-09
2.477250954023952137e-03 2.276428182325870091e-09
2.505936168136362312e-03 2.256955085908654961e-09
2.534953541373521912e-03 2.295567672906454516e-09
2.564306919956823531e-03 2.245923159912699823e-09
2.594000194644804132e-03 2.292334224377597239e-09
2.624037301248860997e-03 2.250889720661875457e-09
2.654422221154941613e-03 2.279980343882898379e-09
2.685158981851263043e-03 2.264019892108999057e-09
2.716251657462167429e-03 2.264649105398390527e-09
2.747704369288123637e-03 2.275725875873385977e-09
2.779521286352018561e-03 2.258175168762792930e-09
2.811706625951745052e-03 2.275195817829812412e-09
2.844264654219206146e-03 2.252264424692188723e-09
2.877199686685782878e-03 2.281353388314625490e-09
2.910516088854357610e-03 2.249313365546346548e-09
2.944218276777944496e-03 2.283180342293629391e-09
2.978310717645054565e-03 2.243787103506687935e-09
3.012797930371790243e-03 2.281718550205040505e-09
3.047684486200846234e-03 2.244485399739956494e-09
3.082975009307410696e-03 2.278180770288606627e-09
3.118674177412095096e-03 2.248940481063186780e-09
3.154786722400964270e-03 2.269003044027451226e-09
3.191317430952740879e-03 2.260786249622706431e-09
3.228271145173277484e-03 2.263341264793342482e-09
3.265652763237360864e-03 2.259488740195158575e-09
3.303467240037981714e-03 2.247941074152577374e-09
3.341719587843073637e-03 2.270038477501627934e-09
3.380414876959908759e-03 2.241069478692811602e-09
3.419558236407145655e-03 2.274114019518885531e-09
3.459154854594680920e-03 2.246511437980087535e-09
3.499209980011365115e-03 2.261982859156697639e-09
3.539728921920689761e-03 2.264719686616959173e-09
3.580717051064509580e-03 2.240626324478254188e-09
3.622179800374952623e-03 2.268911102678347249e-09
3.664122665694521767e-03 2.244970611823538666e-09
3.706551206504587938e-03 2.256025607420343996e-09
3.749471046662278956e-03 2.273400715165070517e-09
3.792887875145917534e-03 2.237003386963670642e-09
3.836807446809092567e-03 2.260588561385846552e-09
3.881235583143459542e-03 2.262129580966197118e-09
3.926178173050358551e-03 2.235610886206562874e-09
3.971641173621410364e-03 2.257253580366832330e-09
4.017630610928087966e-03 2.258276270094288573e-09
4.064152580820497296e-03 2.234306058118102622e-09
4.111213249735355506e-03 2.250039022913380571e-09
4.158818855513353625e-03 2.263182466376874964e-09
4.206975708225972610e-03 2.234739950725484198e-09
4.255690191011878530e-03 2.238079073811482809e-09
4.304968760923003589e-03 2.261706966266943806e-09
4.354817949780402306e-03 2.249510954413970076e-09
4.405244365040072822e-03 2.230933731505152048e-09
4.456254690668728577e-03 2.246817902102270071e-09
4.507855688029784036e-03 2.264456645285481227e-09
4.560054196779547535e-03 2.246674416235638655e-09
4.612857135773812921e-03 2.226978586221126930e-09
4.666271503984951476e-03 2.232986903041097679e-09
4.720304381429616877e-03 2.249084179760369769e-09
4.774962930107178559e-03 2.254480301148641969e-09
4.830254394949069947e-03 2.242641019266857019e-09
4.886186104779055052e-03 2.228625031346896923e-09
4.942765473284694427e-03 2.226194420062852476e-09
4.999999999999999237e-03 2.235585146116657342e-09
5.057897271299490252e-03 2.248427930833229724e-09
5.116464961403772820e-03 2.247981045291665464e-09
5.175710833396719723e-03 2.241221088969305181e-09
5.235642740254497010e-03 2.230918830290676587e-09
5.296268625886442309e-03 2.222846448915915429e-09
5.357596526188033309e-03 2.222176337141114605e-09
5.419634570106018380e-03 2.220014466913229885e-09
5.482390980715924449e-03 2.225130612180837878e-09
5.545874076312003707e-03 2.229892279468133891e-09
5.610092271509814314e-03 2.234990319686166157e-09
5.675054078361577332e-03 2.235673417837239848e-09
5.740768107484413990e-03 2.237954344082722389e-09
5.807243069201712196e-03 2.231405216008846572e-09
5.874487774697644861e-03 2.236826953846603135e-09
5.942511137185094161e-03 2.236506487030361260e-09
6.011322173087065013e-03 2.234850786661876650e-09
6.080930003231838424e-03 2.233729093520508582e-09
6.151343854061904620e-03 2.230233302528037947e-09
6.222573058856926617e-03 2.228349787875793733e-09
6.294627058970836582e-03 2.224527869892130057e-09
6.367515405083306983e-03 2.218008315783110410e-09
6.441247758465666780e-03 2.212838297579299631e-09
6.515833892261499449e-03 2.211291695218405382e-09
6.591283692782035596e-03 2.212399737608715986e-09
6.667607160816618576e-03 2.216975757861521046e-09
6.744814412958264824e-03 2.225219185833183341e-09
6.822915682944625040e-03 2.226843115292644150e-09
6.901921323014425201e-03 2.223142077337351929e-09
6.981841805279687466e-03 2.211221076673246247e-09
7.062687723113769168e-03 2.206438640142456036e-09
7.144469792555517389e-03 2.213516398213431029e-09
7.227198853729638849e-03 2.222132682254148650e-09
7.310885872283590450e-03 2.217320679552823762e-09
7.395541940841034688e-03 2.203937047381361281e-09
7.481178280472170448e-03 2.208104350312500146e-09
7.567806242181043287e-03 2.218065989903627355e-09
7.655437308410150896e-03 2.212538328480229433e-09
7.744083094562405345e-03 2.204252665993249833e-09
7.833755350540741805e-03 2.213417208715533445e-09
7.924465962305568892e-03 2.212566169398963578e-09
8.016226953450207235e-03 2.199407574104218001e-09
8.109050486794647586e-03 2.212340283202507331e-09
8.202948865997691796e-03 2.207226574964976947e-09
8.297934537187804521e-03 2.200441828536071869e-09
8.394020090612802285e-03 2.211866866382712762e-09
8.491218262308719913e-03 2.197318755689639454e-09
8.589541935787937607e-03 2.208488065413462563e-09
8.689004143746880890e-03 2.196490321093989694e-09
8.789618069793463453e-03 2.204373287426547109e-09
8.891397050194612892e-03 2.197076623515661392e-09
8.994354575643934840e-03 2.203568777377354401e-09
9.098504293049919714e-03 2.194583916479150569e-09
9.203860007344778771e-03 2.203387895076243315e-09
9.310435683314336255e-03 2.189821158127623320e-09
9.418245447448998428e-03 2.202220099874452907e-09
9.527303589816240106e-03 2.192366664817048618e-09
9.637624565954681574e-03 2.195001447362001102e-09
9.749222998790225969e-03 2.199282929275435591e-09
9.862113680574265823e-03 2.187953825782548487e-09
9.976311574844402841e-03 2.187394101541593239e-09
1.009183181840780756e-02 2.198515839985985959e-09
1.020868972334764563e-02 2.187728492816265381e-09
1.032690077905264354e-02 2.184530691235041117e-09
1.044648065427019115e-02 2.191407528860690996e-09
1.056744519918323584e-02 2.193794250271755550e-09
1.068981044751115932e-02 2.187216694046563587e-09
1.081359261863509835e-02 2.182064554685075316e-09
1.093880811974775637e-02 2.182630376435394166e-09
1.106547354802819329e-02 2.185958301405027527e-09
1.119360569284169951e-02 2.188282496520536084e-09
1.132322153796529694e-02 2.188688693501227204e-09
1.145433826383886362e-02 2.189534326748477546e-09
1.158697324984239718e-02 2.185316624999932396e-09
1.172114407659961138e-02 2.184701155914350136e-09
1.185686852830827517e-02 2.183306374445754314e-09
1.199416459509744862e-02 2.183843153549479519e-09
1.213305047541208236e-02 2.182156336743484715e-09
1.227354457842515234e-02 2.183149103620126561e-09
1.241566552647785024e-02 2.180824628648383643e-09
1.255943215754789545e-02 2.178627938913625938e-09
1.270486352774653077e-02 2.174144191441014753e-09
1.285197891384432141e-02 2.169917929137727047e-09
1.300079781582635929e-02 2.171391984622160788e-09
1.315133995947690565e-02 2.175461046157895957e-09
1.330362529899405295e-02 2.175963825905106382e-09
1.345767401963458149e-02 2.169143157367140185e-09
1.361350654038956040e-02 2.167193697065976905e-09
1.377114351669082859e-02 2.172927083533594893e-09
1.393060584314884456e-02 2.166729869422101497e-09
1.409191465632227309e-02 2.165522533485382259e-09
1.425509133751954628e-02 2.171112764675900890e-09
1.442015751563302701e-02 2.161931500883445708e-09
1.458713507000582686e-02 2.167671424911136670e-09
1.475604613333193239e-02 2.161434197970120847e-09
1.492691309458979952e-02 2.167202941148018318e-09
1.509975860201007852e-02 2.158447542061099093e-09
1.527460556607755995e-02 2.164992548385889355e-09
1.545147716256795901e-02 2.157875038857746942e-09
1.563039683561977602e-02 2.159821200166340296e-09
1.581138830084189567e-02 2.162215297434643834e-09
1.599447554845698227e-02 2.154849878436425302e-09
1.617968284648142047e-02 2.155979012849959571e-09
1.636703474394191060e-02 2.160631055299568069e-09
1.655655607412955324e-02 2.157130022257238229e-09
1.674827195789137593e-02 2.152657309280908008e-09
1.694220780696013146e-02 2.150536057113216719e-09
1.713838932732252018e-02 2.150528582172732877e-09
1.733684252262658251e-02 2.151818201150514724e-09
1.753759369762839665e-02 2.152718442261623945e-09
1.774066946167878259e-02 2.152028487138860178e-09
1.794609673225026208e-02 2.150860429784405927e-09
1.815390273850506567e-02 2.148974650000624219e-09
1.836411502490422828e-02 2.146546990395601018e-09
1.857676145485861671e-02 2.144824936847113544e-09
1.879187021442221134e-02 2.143877301526100059e-09
1.900946981602805869e-02 2.147693896818287883e-09
1.922958910226767182e-02 2.148037166278004845e-09
1.945225724971401740e-02 2.140154701942972137e-09
1.967750377278887700e-02 2.140773304713268574e-09
1.990535852767486361e-02 2.145011674193845838e-09
2.013585171627295042e-02 2.139457282065837521e-09
2.036901389020562628e-02 2.140930609215329850e-09
2.060487595486651738e-02 2.140554943404281352e-09
2.084346917351677028e-02 2.138210522368012997e-09
2.108482517142910503e-02 2.138455715294659224e-09
2.132897594007962527e-02 2.137434494309471275e-09
2.157595384138826650e-02 2.133361658961506293e-09
2.182579161200829884e-02 2.137034110222238945e-09
2.207852236766562337e-02 2.135511701485692403e-09
2.233417960754814982e-02 2.131491156656072584e-09
2.259279721874613012e-02 2.131534168258232818e-09
2.285440948074375644e-02 2.132648421529048393e-09
2.311905106996301265e-02 2.133762966325083945e-09
2.338675706435990390e-02 2.132549091309524850e-09
2.365756294807403598e-02 2.132888811192154967e-09
2.393150461613192254e-02 2.131157760992127313e-09
2.420861837920496376e-02 2.129901045603413222e-09
2.448894096842230139e-02 2.127600370644677447e-09
2.477250954023949708e-02 2.124233825063258011e-09
2.505936168136362052e-02 2.123460569735395553e-09
2.534953541373521912e-02 2.125053981819538197e-09
2.564306919956823791e-02 2.124620103047811157e-09
2.594000194644804219e-02 2.119236114995215563e-09
2.624037301248863599e-02 2.123261827743362833e-09
2.654422221154941960e-02 2.119095239235724142e-09
2.685158981851263130e-02 2.121180058264449931e-09
2.716251657462164654e-02 2.116120622179177752e-09
2.747704369288123810e-02 2.119703680554171601e-09
2.779521286352018214e-02 2.116712012638222960e-09
2.811706625951744878e-02 2.114172150705057955e-09
2.844264654219206059e-02 2.115709508994127712e-09
2.877199686685785740e-02 2.116692347951379661e-09
2.910516088854357350e-02 2.115336808086975999e-09
2.944218276777944496e-02 2.114658488718278585e-09
2.978310717645051356e-02 2.113718936801897912e-09
3.012797930371790070e-02 2.113695006178690839e-09
3.047684486200846407e-02 2.112192382496474285e-09
3.082975009307410696e-02 2.109328680706722960e-09
3.118674177412095530e-02 2.106881129676648415e-09
3.154786722400967913e-02 2.109181928121597387e-09
3.191317430952744089e-02 2.107907133744266387e-09
3.228271145173277484e-02 2.104569245719635707e-09
3.265652763237360950e-02 2.106759769208588622e-09
3.303467240037977898e-02 2.103001893865048374e-09
3.341719587843073463e-02 2.103951361823304818e-09
3.380414876959908499e-02 2.104277176218495798e-09
3.419558236407146262e-02 2.100577976244766175e-09
3.459154854594680834e-02 2.099506650677228575e-09
3.499209980011368931e-02 2.098993020325315057e-09
3.539728921920690108e-02 2.098564942891480888e-09
3.580717051064509493e-02 2.097837240310761390e-09
3.622179800374948633e-02 2.095516770254511585e-09
3.664122665694521941e-02 2.094326414313419411e-09
3.706551206504588025e-02 2.095854225033830506e-09
3.749471046662278262e-02 2.096025787454060405e-09
3.792887875145917187e-02 2.092550635073489427e-09
3.836807446809096384e-02 2.092061401322593498e-09
3.881235583143458762e-02 2.090482898100942306e-09
3.926178173050358378e-02 2.092382479309491597e-09
3.971641173621406201e-02 2.089545838439011505e-09
4.017630610928087792e-02 2.088653062813466053e-09
4.064152580820496602e-02 2.088851246251125093e-09
4.111213249735355679e-02 2.088168085518676041e-09
4.158818855513353452e-02 2.087548564807254107e-09
4.206975708225977467e-02 2.086250695565677597e-09
4.255690191011882867e-02 2.084228732116528412e-09
4.304968760923003068e-02 2.082995900311134764e-09
4.354817949780401959e-02 2.084990208058494356e-09
4.405244365040068139e-02 2.081567045542718419e-09
4.456254690668728924e-02 2.081246154346198056e-09
4.507855688029784730e-02 2.080553892619700414e-09
4.560054196779547708e-02 2.080581522996034958e-09
4.612857135773813788e-02 2.078888354692411500e-09
4.666271503984956853e-02 2.076915155679249210e-09
4.720304381429617224e-02 2.075760347474948031e-09
4.774962930107178732e-02 2.075364349269140328e-09
4.830254394949064223e-02 2.074638095671610352e-09
4.886186104779054878e-02 2.075095534760574291e-09
4.942765473284694427e-02 2.073913316461246304e-09
4.999999999999998196e-02 2.071855973160980089e-09
5.057897271299490599e-02 2.072723866632767681e-09
5.116464961403772299e-02 2.070405633326242819e-09
5.175710833396719723e-02 2.069545937259907829e-09
5.235642740254497357e-02 2.069426146292518562e-09
5.296268625886441789e-02 2.068829087127825488e-09
5.357596526188034003e-02 2.068823065248346712e-09
5.419634570106018207e-02 2.067147955266277226e-09
5.482390980715924622e-02 2.064970070512058978e-09
5.545874076312003881e-02 2.061983527958325263e-09
5.610092271509820039e-02 2.064331083766156532e-09
5.675054078361576465e-02 2.061856673037557348e-09
5.740768107484413296e-02 2.062313007384084381e-09
5.807243069201711849e-02 2.062236440709011624e-09
5.874487774697650933e-02 2.061675716047788749e-09
5.942511137185093467e-02 2.060695933041891348e-09
6.011322173087065013e-02 2.059160719648966937e-09
6.080930003231838077e-02 2.057906775866621190e-09
6.151343854061905314e-02 2.057185612692629741e-09
6.222573058856927658e-02 2.056302431278829800e-09
6.294627058970836408e-02 2.054418123302777012e-09
6.367515405083307156e-02 2.053831158231259473e-09
6.441247758465666606e-02 2.054828180461329986e-09
6.515833892261499449e-02 2.053087610297935871e-09
6.591283692782035075e-02 2.052158956688460993e-09
6.667607160816618750e-02 2.051041409876544800e-09
6.744814412958265171e-02 2.049064139097616046e-09
6.822915682944626081e-02 2.049739045833569944e-09
6.901921323014426068e-02 2.047549110885532820e-09
6.981841805279687119e-02 2.046966953328741745e-09
7.062687723113769689e-02 2.046201977183404474e-09
7.144469792555516174e-02 2.045108681906929757e-09
7.227198853729638328e-02 2.044162564263287151e-09
7.310885872283590103e-02 2.043292061976766820e-09
7.395541940841034168e-02 2.043347596540978461e-09
7.481178280472169928e-02 2.041536495947352340e-09
7.567806242181042420e-02 2.040149391415760360e-09
7.655437308410149855e-02 2.040530872387367875e-09
7.744083094562403957e-02 2.039312752412401646e-09
7.833755350540749784e-02 2.037693292635594917e-09
7.924465962305569933e-02 2.037041665589840266e-09
8.016226953450207582e-02 2.037266609084354832e-09
8.109050486794647239e-02 2.031960197103739316e-09
8.202948865997691796e-02 2.033952010683265302e-09
8.297934537187805215e-02 2.033275036446112863e-09
8.394020090612801244e-02 2.032398734762451908e-09
8.491218262308719567e-02 2.032220040728826781e-09
8.589541935787936566e-02 2.029142928063702440e-09
8.689004143746879849e-02 2.030885708349583105e-09
8.789618069793463107e-02 2.029400361157969719e-09
8.891397050194613239e-02 2.028180218899483001e-09
8.994354575643936922e-02 2.027105648875187707e-09
9.098504293049920755e-02 2.026917737570990883e-09
9.203860007344781546e-02 2.025287501260620537e-09
9.310435683314335908e-02 2.025572400460285072e-09
9.418245447449000163e-02 2.025116664588488052e-09
9.527303589816239759e-02 2.026076470484080042e-09
9.637624565954681921e-02 2.022691004361018281e-09
9.749222998790225969e-02 2.021666590955538383e-09
9.862113680574265129e-02 2.020981037078764378e-09
9.976311574844401453e-02 2.019729532724915526e-09
1.009183181840780652e-01 2.018798150511313762e-09
1.020868972334764563e-01 2.018355278302504317e-09
1.032690077905264459e-01 2.017199213197072526e-09
1.044648065427020295e-01 2.016436258467523429e-09
1.056744519918323549e-01 2.015019375714677580e-09
1.068981044751115966e-01 2.015432573036237173e-09
1.081359261863509835e-01 2.013214296137622038e-09
1.093880811974775741e-01 2.013931084145152747e-09
1.106547354802819155e-01 2.011660384626049862e-09
1.119360569284169882e-01 2.010111549929369816e-09
1.132322153796529590e-01 2.009345788641199048e-09
1.145433826383886050e-01 2.008989661733602897e-09
1.158697324984239718e-01 2.008715705247371116e-09
1.172114407659961138e-01 2.007735377898197790e-09
1.185686852830827448e-01 2.006811174855123848e-09
1.199416459509744792e-01 2.006393680490157443e-09
1.213305047541208270e-01 2.004862730256779614e-09
1.227354457842515373e-01 2.004300142768410555e-09
1.241566552647785093e-01 2.002898886989834328e-09
1.255943215754789510e-01 2.001967964186413478e-09
1.270486352774652938e-01 2.001637003735953794e-09
1.285197891384432245e-01 2.000220713466789225e-09
1.300079781582635929e-01 1.999269283648473613e-09
1.315133995947690426e-01 1.998618937807281616e-09
1.330362529899405399e-01 1.998830874820255807e-09
1.345767401963458010e-01 1.996838532805813357e-09
1.361350654038956109e-01 1.995966881732633442e-09
1.377114351669082859e-01 1.994818055862387140e-09
1.393060584314886052e-01 1.994197067559135158e-09
1.409191465632227414e-01 1.993420259475496198e-09
1.425509133751954594e-01 1.991911814860142287e-09
1.442015751563302528e-01 1.991327093614980335e-09
1.458713507000582721e-01 1.991315264279213432e-09
1.475604613333193205e-01 1.990294946483353798e-09
1.492691309458979987e-01 1.989939386778440288e-09
1.509975860201007714e-01 1.988395914379749350e-09
1.527460556607755926e-01 1.987633994471356111e-09
1.545147716256795867e-01 1.986668998530192921e-09
1.563039683561977533e-01 1.984810223662481585e-09
1.581138830084189428e-01 1.984691338047480977e-09
1.599447554845698227e-01 1.983072202178015911e-09
1.617968284648141908e-01 1.984793592653144380e-09
1.636703474394191060e-01 1.981857512568553268e-09
1.655655607412955255e-01 1.980346324335917647e-09
1.674827195789137801e-01 1.979686262017305436e-09
1.694220780696013284e-01 1.979590150978693457e-09
1.713838932732252018e-01 1.977790916425567714e-09
1.733684252262658043e-01 1.977791914967216353e-09
1.753759369762839249e-01 1.977194782655461181e-09
1.774066946167878189e-01 1.975127623210137957e-09
1.794609673225026625e-01 1.974443598109793005e-09
1.815390273850506775e-01 1.973673164189800790e-09
1.836411502490422898e-01 1.973116573004283308e-09
1.857676145485863684e-01 1.972474729973566298e-09
1.879187021442221273e-01 1.965181021982416946e-09
1.900946981602806007e-01 1.970661993054906494e-09
1.922958910226767459e-01 1.969042683357002917e-09
1.945225724971401948e-01 1.968803100456804517e-09
1.967750377278887908e-01 1.967042928059927992e-09
1.990535852767486291e-01 1.967280204302048819e-09
2.013585171627295112e-01 1.966187475292994644e-09
2.036901389020562836e-01 1.965722164828008201e-09
2.060487595486651669e-01 1.964198085371422655e-09
2.084346917351677098e-01 1.964344501531532399e-09
2.108482517142910850e-01 1.962676055312133288e-09
2.132897594007961972e-01 1.961989420199348114e-09
2.157595384138826788e-01 1.960056929268948658e-09
2.182579161200829954e-01 1.958952194221089201e-09
2.207852236766562615e-01 1.959160432384297800e-09
2.233417960754814635e-01 1.958513290924792129e-09
2.259279721874612734e-01 1.958368939694637554e-09
2.285440948074375644e-01 1.956609010868414597e-09
2.311905106996301196e-01 1.955279406409764363e-09
2.338675706435990320e-01 1.954719922413898422e-09
2.365756294807403459e-01 1.954174687690142487e-09
2.393150461613192115e-01 1.954093942592804243e-09
2.420861837920496862e-01 1.952342102876368947e-09
2.448894096842230417e-01 1.950861394819151572e-09
2.477250954023952345e-01 1.950460638884498824e-09
2.505936168136362330e-01 1.950213306369296762e-09
2.534953541373521912e-01 1.947992432212711737e-09
2.564306919956823583e-01 1.947949768507794804e-09
2.594000194644804358e-01 1.947112686688636051e-09
2.624037301248863807e-01 1.948146130570435812e-09
2.654422221154941752e-01 1.946463178664609150e-09
2.685158981851262783e-01 1.944840037002477216e-09
2.716251657462164792e-01 1.943676111048605172e-09
2.747704369288123671e-01 1.942545795443972300e-09
2.779521286352018006e-01 1.941505493216028403e-09
2.811706625951744809e-01 1.940738135894270880e-09
2.844264654219206268e-01 1.935923065109147284e-09
2.877199686685785740e-01 1.938811648383539318e-09
2.910516088854357419e-01 1.938242476520857668e-09
2.944218276777944010e-01 1.937730464586653289e-09
2.978310717645051287e-01 1.936918955236775037e-09
3.012797930371790001e-01 1.937148077192674943e-09
3.047684486200846199e-01 1.931825393732405886e-09
3.082975009307410419e-01 1.933511529269453798e-09
3.118674177412095183e-01 1.933501437520260378e-09
3.154786722400967358e-01 1.931605764207577275e-09
3.191317430952744227e-01 1.931039461612704881e-09
3.228271145173277623e-01 1.929656622286080684e-09
3.265652763237361089e-01 1.931509636702380104e-09
3.303467240037981645e-01 1.929234072123514184e-09
3.341719587843073880e-01 1.924227262643932568e-09
3.380414876959909054e-01 1.927032243531823984e-09
3.419558236407145846e-01 1.926277797927921057e-09
3.459154854594680417e-01 1.925118938350426806e-09
3.499209980011368515e-01 1.924342477758600564e-09
3.539728921920690108e-01 1.923357713593384042e-09
3.580717051064509771e-01 1.924337943812536572e-09
3.622179800374948910e-01 1.923029855067489668e-09
3.664122665694521941e-01 1.918772702861849307e-09
3.706551206504588025e-01 1.917181784986775224e-09
3.749471046662278817e-01 1.919277243385841040e-09
3.792887875145917742e-01 1.918163922384925498e-09
3.836807446809096245e-01 1.919756450455245159e-09
3.881235583143459178e-01 1.916731910536945152e-09
3.926178173050358100e-01 1.913266449674611607e-09
3.971641173621405230e-01 1.915194972087056811e-09
4.017630610928087931e-01 1.914561413454924482e-09
4.064152580820497018e-01 1.913206527724754839e-09
4.111213249735355402e-01 1.912205770151465386e-09
4.158818855513353729e-01 1.911230202325992475e-09
4.206975708225977328e-01 1.910762565433594302e-09
4.255690191011883283e-01 1.910497315088192448e-09
4.304968760923003068e-01 1.908783227456842114e-09
4.354817949780401820e-01 1.907477569084416780e-09
4.405244365040072441e-01 1.906872104633924004e-09
4.456254690668728924e-01 1.906983129705039853e-09
4.507855688029784313e-01 1.901708981807593587e-09
4.560054196779547708e-01 1.904709549170672019e-09
4.612857135773818507e-01 1.903519037613882879e-09
4.666271503984956159e-01 1.905751128582804928e-09
4.720304381429616947e-01 1.903143752125509304e-09
4.774962930107178871e-01 1.899266973135252485e-09
4.830254394949065055e-01 1.900216900391140753e-09
4.886186104779055572e-01 1.898991302806907413e-09
4.942765473284694844e-01 1.898701588985981537e-09
5.000000000000000000e-01 1.897787817935050438e-09
5.235642740254496941e-01 1.892908713507703718e-09
5.482390980715925455e-01 1.891314569467857802e-09
5.740768107484413019e-01 1.887512856375282718e-09
6.011322173087064735e-01 1.884060126491956558e-09
6.294627058970835298e-01 1.880254155847974689e-09
6.591283692782035075e-01 1.877655054226065316e-09
6.901921323014423848e-01 1.873512013686440555e-09
7.227198853729638328e-01 1.869532171125714029e-09
7.567806242181041032e-01 1.867054340166664049e-09
7.924465962305566880e-01 1.867101356104444763e-09
8.297934537187803272e-01 1.861769657470035638e-09
8.689004143746876796e-01 1.855105477384240605e-09
9.098504293049916036e-01 1.853158826854620076e-09
9.527303589816236151e-01 1.850219687714173760e-09
9.976311574844398677e-01 1.846816786289147219e-09
1.044648065427019601e+00 1.843039615452745229e-09
1.093880811974776268e+00 1.839877618577296915e-09
1.145433826383886355e+00 1.838700457173210398e-09
1.199416459509745181e+00 1.833142451991452105e-09
1.255943215754790065e+00 1.829534322746811630e-09
1.315133995947690870e+00 1.826042785991956368e-09
1.377114351669083137e+00 1.822161716480679488e-09
1.442015751563303194e+00 1.832777720086366889e-09
1.509975860201008047e+00 1.815920983045645404e-09
1.581138830084189539e+00 1.810221070164435017e-09
1.655655607412955588e+00 1.808980109963127149e-09
1.733684252262658321e+00 1.805473506271818907e-09
1.815390273850506997e+00 1.801387107685950728e-09
1.900946981602805730e+00 1.798865377450135017e-09
1.990535852767486125e+00 1.796163762744577133e-09
2.084346917351676876e+00 1.790092756657405599e-09
2.182579161200830065e+00 1.787918968117738654e-09
2.285440948074374923e+00 1.785773782027343593e-09
2.393150461613192004e+00 1.781921776760377172e-09
2.505936168136361886e+00 1.779125188919223714e-09
2.624037301248862697e+00 1.775538606817996722e-09
2.747704369288122894e+00 1.774244296619624675e-09
2.877199686685784741e+00 1.764444766058402190e-09
3.012797930371788890e+00 1.762723564244226320e-09
3.154786722400966248e+00 1.761752401137020323e-09
3.303467240037980091e+00 1.758127300755567632e-09
3.459154854594682416e+00 1.754651232554973177e-09
3.622179800374950354e+00 1.750266928088518335e-09
3.792887875145919185e+00 1.748589619685457768e-09
3.971641173621408338e+00 1.745874539731523074e-09
4.158818855513356283e+00 1.773709896434964510e-09
4.354817949780404263e+00 1.732277900726013416e-09
4.560054196779547375e+00 1.737774265927708040e-09
4.774962930107178316e+00 1.732938586191007132e-09
5.000000000000000000e+00 1.729143348480227595e-09
6.294627058970836408e+00 1.720121526021286734e-09
7.924465962305568212e+00 1.694903217883882860e-09
9.976311574844396901e+00 1.680708831007289512e-09
1.255943215754790110e+01 1.663132329228738516e-09
1.581138830084189451e+01 1.646940559265910205e-09
1.990535852767485991e+01 1.630926909977062653e-09
2.505936168136361886e+01 1.615770112881088859e-09
3.154786722400966426e+01 1.592370028213574719e-09
3.971641173621406296e+01 1.583988905648842343e-09
4.999999999999999289e+01 1.568911125188587729e-09
