2.624037301248860956e-05 2.169839206162067700e-13
2.685158981851265889e-05 4.231270887635110856e-13
2.747704369288123379e-05 2.039615079212255439e-12
2.811706625951745350e-05 5.159171507304867305e-12
2.877199686685783203e-05 9.874825699939332463e-12
2.944218276777941663e-05 1.629114780820864278e-11
3.012797930371790298e-05 2.451090038999392967e-11
3.082975009307410534e-05 3.462989606716892589e-11
3.154786722400964650e-05 4.675459423350820390e-11
3.228271145173280656e-05 6.099427836132200590e-11
3.303467240037981687e-05 7.745649248644747073e-11
3.380414876959908759e-05 9.619693289052107704e-11
3.459154854594680595e-05 1.173609511118088228e-10
3.539728921920685885e-05 1.410139217461359324e-10
3.622179800374952406e-05 1.672699956388975401e-10
3.706551206504588155e-05 1.961087464480022300e-10
3.792887875145917236e-05 2.277448519574963740e-10
3.881235583143463039e-05 2.620730846522351726e-10
3.971641173621410364e-05 2.991377424024059091e-10
4.064152580820496591e-05 3.389699226387025602e-10
4.158818855513353842e-05 3.815857566669033345e-10
4.255690191011878395e-05 4.268184700638550230e-10
4.354817949780398050e-05 4.747653853067054630e-10
4.456254690668729390e-05 5.252629359900981238e-10
4.560054196779547508e-05 5.778975598772429102e-10
4.666271503984952289e-05 6.327840550233347969e-10
4.774962930107183736e-05 6.893758916088076076e-10
4.886186104779054808e-05 7.476294375096387828e-10
4.999999999999998884e-05 8.073051622274607235e-10
5.057897271299490442e-05 8.373907038204674102e-10
5.116464961403767209e-05 8.678782777095477356e-10
5.175710833396714221e-05 8.980174323361559471e-10
5.235642740254491996e-05 9.284316709911643746e-10
5.296268625886447866e-05 9.586856766281083652e-10
5.357596526188034176e-05 9.889742021955551454e-10
5.419634570106018624e-05 1.019007213661954173e-09
5.482390980715924394e-05 1.048914533177608291e-09
5.545874076312003680e-05 1.078451909920885512e-09
5.610092271509813691e-05 1.107462057387215923e-09
5.675054078361570665e-05 1.136001086234585656e-09
5.740768107484407919e-05 1.164077585622342023e-09
5.807243069201718186e-05 1.191463009146204341e-09
5.874487774697652071e-05 1.217980347534189146e-09
5.942511137185093809e-05 1.243952286521209109e-09
6.011322173087065555e-05 1.269046590908809675e-09
6.080930003231838017e-05 1.292840167678900995e-09
6.151343854061905325e-05 1.315640589244271207e-09
6.222573058856921034e-05 1.336840736823249559e-09
6.294627058970830402e-05 1.357006322528979815e-09
6.367515405083314138e-05 1.375714367483159083e-09
6.441247758465673719e-05 1.392600822976907490e-09
6.515833892261499124e-05 1.408546792041598623e-09
6.591283692782035650e-05 1.422277795216348235e-09
6.667607160816619769e-05 1.434579156985052403e-09
6.744814412958265366e-05 1.444945189178232185e-09
6.822915682944618535e-05 1.453223633053498262e-09
6.901921323014417829e-05 1.459669373320459597e-09
6.981841805279679497e-05 1.464468930926776881e-09
7.062687723113775782e-05 1.466400810997471781e-09
7.144469792555517389e-05 1.466414892033906404e-09
7.227198853729638578e-05 1.465323205500013072e-09
7.310885872283590017e-05 1.460905198012297183e-09
7.395541940841035122e-05 1.454614549764555868e-09
7.481178280472162371e-05 1.446178384820852124e-09
7.567806242181034505e-05 1.435512327259527859e-09
7.655437308410142656e-05 1.422874529797483630e-09
7.744083094562412067e-05 1.407907427948747879e-09
7.833755350540748852e-05 1.391120868086373692e-09
7.924465962305569597e-05 1.372388781427640529e-09
8.016226953450208102e-05 1.351872087528786764e-09
8.109050486794647857e-05 1.329785832084262965e-09
8.202948865997692718e-05 1.306079861905276226e-09
8.297934537187796715e-05 1.280637749843612552e-09
8.394020090612792852e-05 1.254428517667004087e-09
8.491218262308728262e-05 1.226496575758735551e-09
8.589541935787945305e-05 1.198373640714250142e-09
8.689004143746881595e-05 1.169450304218194115e-09
8.789618069793464267e-05 1.140057629898395420e-09
8.891397050194613488e-05 1.110715753408695247e-09
8.994354575643936521e-05 1.081209085865721842e-09
9.098504293049911853e-05 1.052675756763264247e-09
9.203860007344770748e-05 1.024576528810421886e-09
9.310435683314326931e-05 9.975689002127551551e-10
9.418245447449009216e-05 9.722854693321710208e-10
9.527303589816239347e-05 9.483867829181771858e-10
9.637624565954680924e-05 9.267669720363592721e-10
9.749222998790225210e-05 9.072230272664775964e-10
9.862113680574265443e-05 8.907272122803956705e-10
9.976311574844392432e-05 8.769260589109688666e-10
1.009183181840780691e-04 8.665883267619719287e-10
1.020868972334764650e-04 8.596391113811250709e-10
1.032690077905264333e-04 8.566278401603885239e-10
1.044648065427019099e-04 8.575808490071250935e-10
1.056744519918323541e-04 8.628491921905190017e-10
1.068981044751116051e-04 8.723114755509320814e-10
1.081359261863509824e-04 8.862086497884671359e-10
1.093880811974775919e-04 9.045936781463487663e-10
1.106547354802819166e-04 9.278356750535371350e-10
1.119360569284169843e-04 9.553101014257581927e-10
1.132322153796529580e-04 9.871667426535899964e-10
1.145433826383886026e-04 1.023262284542645206e-09
1.158697324984239615e-04 1.063288341080939363e-09
1.172114407659961296e-04 1.107026166618884513e-09
1.185686852830827555e-04 1.154030204497686072e-09
1.199416459509744677e-04 1.204065648964314264e-09
1.213305047541207081e-04 1.256370717620082033e-09
1.227354457842515364e-04 1.310860631548820294e-09
1.241566552647784948e-04 1.366161567782283830e-09
1.255943215754789502e-04 1.422250432830150673e-09
1.270486352774653110e-04 1.478286132807521513e-09
1.285197891384432108e-04 1.533332907577846065e-09
1.300079781582635788e-04 1.587243174355143819e-09
1.315133995947690435e-04 1.638280960810926295e-09
1.330362529899403897e-04 1.686691739642231761e-09
1.345767401963458333e-04 1.731050460288335429e-09
1.361350654038956344e-04 1.771161563585593278e-09
1.377114351669082826e-04 1.805720147617258571e-09
1.393060584314884456e-04 1.834732396616791250e-09
1.409191465632227234e-04 1.856891658811241306e-09
1.425509133751954596e-04 1.872810630013194753e-09
1.442015751563302474e-04 1.881682035855129936e-09
1.458713507000582675e-04 1.883105345415640441e-09
1.475604613333193142e-04 1.877375324856802776e-09
1.492691309458979746e-04 1.864095668282049006e-09
1.509975860201007907e-04 1.844522605642095517e-09
1.527460556607755941e-04 1.818302711123621147e-09
1.545147716256795760e-04 1.786011076150547279e-09
1.563039683561977700e-04 1.748785984827964960e-09
1.581138830084189426e-04 1.706964775854774881e-09
1.599447554845698401e-04 1.662444131657410516e-09
1.617968284648140247e-04 1.616110451281662855e-09
1.636703474394191234e-04 1.568893549148251753e-09
1.655655607412955237e-04 1.522412409240237401e-09
1.674827195789137550e-04 1.478148017570697284e-09
1.694220780696013395e-04 1.437535157241849305e-09
1.713838932732251867e-04 1.401606243473409026e-09
1.733684252262658175e-04 1.372180769054152914e-09
1.753759369762839622e-04 1.349740379761838749e-09
1.774066946167876340e-04 1.336010235145212522e-09
1.794609673225026631e-04 1.331307877115888480e-09
1.815390273850506729e-04 1.336643082493108012e-09
1.836411502490422785e-04 1.351660204480552131e-09
1.857676145485863753e-04 1.376915248779939381e-09
1.879187021442221307e-04 1.411747632136448496e-09
1.900946981602805912e-04 1.455497549120265329e-09
1.922958910226767171e-04 1.506014917912555802e-09
1.945225724971401946e-04 1.563766864339321396e-09
1.967750377278885748e-04 1.625620519068252443e-09
1.990535852767486220e-04 1.690557357703694123e-09
2.013585171627295032e-04 1.756036255698372495e-09
2.036901389020562758e-04 1.819287079097608663e-09
2.060487595486651640e-04 1.878690715833200660e-09
2.084346917351676985e-04 1.931971760431922987e-09
2.108482517142911186e-04 1.976880991981996265e-09
2.132897594007962582e-04 2.011674766151327850e-09
2.157595384138824807e-04 2.034991856351214743e-09
2.182579161200830275e-04 2.045658193426048661e-09
2.207852236766562521e-04 2.043343786834635215e-09
2.233417960754814971e-04 2.028455691108799913e-09
2.259279721874612383e-04 2.001662589068354801e-09
2.285440948074375482e-04 1.963751537422945066e-09
2.311905106996301688e-04 1.917199079853374785e-09
2.338675706435990671e-04 1.864969149059682752e-09
2.365756294807401202e-04 1.808948890435878958e-09
2.393150461613192416e-04 1.753260491889446900e-09
2.420861837920496940e-04 1.701059467459771180e-09
2.448894096842230486e-04 1.655364206970706292e-09
2.477250954023952571e-04 1.619468012150731444e-09
2.505936168136362096e-04 1.596003897101538942e-09
2.534953541373521587e-04 1.587042573137838934e-09
2.564306919956823639e-04 1.593336564519739248e-09
2.594000194644803916e-04 1.615587809179966400e-09
2.624037301248860888e-04 1.652548104828606917e-09
2.654422221154941939e-04 1.702522205498218152e-09
2.685158981851263043e-04 1.763050156418174271e-09
2.716251657462165044e-04 1.830176697072907008e-09
2.747704369288123854e-04 1.899333136881154196e-09
2.779521286352018127e-04 1.966590065329286239e-09
2.811706625951744943e-04 2.026882057214120641e-09
2.844264654219205712e-04 2.075968596080318006e-09
2.877199686685782661e-04 2.110090333760920296e-09
2.910516088854357393e-04 2.126781554076762181e-09
2.944218276777944170e-04 2.125893574646838432e-09
2.978310717645051204e-04 2.106470738588713712e-09
3.012797930371790027e-04 2.070088741458631686e-09
3.047684486200846234e-04 2.020648763809165795e-09
3.082975009307410263e-04 1.962197510177942245e-09
3.118674177412095313e-04 1.901217291856694877e-09
3.154786722400964379e-04 1.843156561694268607e-09
3.191317430952743915e-04 1.794228563689952947e-09
3.228271145173277267e-04 1.759909593101521367e-09
3.265652763237360972e-04 1.743830192988192841e-09
3.303467240037981823e-04 1.749422371627609536e-09
3.341719587843073962e-04 1.775781749590813792e-09
3.380414876959908759e-04 1.821514583042971221e-09
3.419558236407145655e-04 1.882326724908819305e-09
3.459154854594681137e-04 1.951878359882096798e-09
3.499209980011365223e-04 2.023038084590787677e-09
3.539728921920690086e-04 2.087556392539614490e-09
3.580717051064509905e-04 2.138565322856506352e-09
3.622179800374948611e-04 2.169671527520517849e-09
3.664122665694521551e-04 2.178157179437617380e-09
3.706551206504588155e-04 2.161609787307372464e-09
3.749471046662278739e-04 2.123581073448739138e-09
3.792887875145917100e-04 2.068748316631184820e-09
3.836807446809091808e-04 2.005542694556310861e-09
3.881235583143459109e-04 1.942775415912602864e-09
3.926178173050358226e-04 1.890393651028307147e-09
3.971641173621406028e-04 1.857029397286983623e-09
4.017630610928087857e-04 1.848196355191528794e-09
4.064152580820496862e-04 1.866197541926578330e-09
4.111213249735355181e-04 1.909412860356348837e-09
4.158818855513353300e-04 1.971391767571258320e-09
4.206975708225972935e-04 2.043295914140925233e-09
4.255690191011882867e-04 2.113104137645220188e-09
4.304968760923002613e-04 2.169937628905777407e-09
4.354817949780401981e-04 2.203418180295259210e-09
4.405244365040072280e-04 2.207739782124286172e-09
4.456254690668728577e-04 2.182966644929223745e-09
4.507855688029784470e-04 2.133770447220321077e-09
4.560054196779547643e-04 2.069878877994520732e-09
4.612857135773813463e-04 2.004897671040942421e-09
4.666271503984952018e-04 1.952187862812099379e-09
4.720304381429617636e-04 1.923992685175360180e-09
4.774962930107179535e-04 1.926846112030601081e-09
4.830254394949065502e-04 1.961377729844795816e-09
4.886186104779055486e-04 2.021516650931313172e-09
4.942765473284694211e-04 2.093997880551995896e-09
4.999999999999999020e-04 2.165111248273821473e-09
5.057897271299491120e-04 2.212500998614801970e-09
5.116464961403766531e-04 2.230632557261251323e-09
5.175710833396719507e-04 2.214955391201264265e-09
5.235642740254497010e-04 2.167065562755509965e-09
5.296268625886442309e-04 2.101807090522528614e-09
5.357596526188034176e-04 2.036126980288663150e-09
5.419634570106019031e-04 1.992227882253479377e-09
5.482390980715924666e-04 1.977283253245190246e-09
5.545874076312004358e-04 2.003471421736307142e-09
5.610092271509814097e-04 2.059690665592166517e-09
5.675054078361570394e-04 2.128837142304026335e-09
5.740768107484413340e-04 2.195190735242516340e-09
5.807243069201711546e-04 2.236602302431328065e-09
5.874487774697650716e-04 2.244374019662049462e-09
5.942511137185093944e-04 2.204672619205649447e-09
6.011322173087063929e-04 2.142530738560587480e-09
6.080930003231838424e-04 2.077265556320258378e-09
6.151343854061905054e-04 2.027556899352032431e-09
6.222573058856920762e-04 2.020804671408297545e-09
6.294627058970836365e-04 2.048302299772686589e-09
6.367515405083307633e-04 2.123505569469717417e-09
6.441247758465673719e-04 2.189473672639970396e-09
6.515833892261498582e-04 2.240857198778367963e-09
6.591283692782036463e-04 2.254972815190012018e-09
6.667607160816619227e-04 2.223667291484615656e-09
6.744814412958264824e-04 2.158873870699645165e-09
6.822915682944617451e-04 2.094500116834745691e-09
6.901921323014424334e-04 2.053099140401279137e-09
6.981841805279687899e-04 2.056039436118368796e-09
7.062687723113776324e-04 2.105838890697060198e-09
7.144469792555517389e-04 2.178320983845137707e-09
7.227198853729638849e-04 2.242085387486096786e-09
7.310885872283591101e-04 2.263953684304139686e-09
7.395541940841035122e-04 2.236209858519937178e-09
7.481178280472162642e-04 2.175498892954249090e-09
7.567806242181033963e-04 2.107465916617033524e-09
7.655437308410150245e-04 2.074967946551698358e-09
7.744083094562404478e-04 2.095372043111692125e-09
7.833755350540749394e-04 2.156539953636221106e-09
7.924465962305569326e-04 2.225558593585368912e-09
8.016226953450207018e-04 2.271168817915445963e-09
8.109050486794647586e-04 2.251720664933197432e-09
8.202948865997692447e-04 2.193307680294191492e-09
8.297934537187796715e-04 2.130111701249129499e-09
8.394020090612802068e-04 2.095420548195162170e-09
8.491218262308721215e-04 2.122396019676787121e-09
8.589541935787944763e-04 2.191508514281307140e-09
8.689004143746880239e-04 2.257576791456451589e-09
8.789618069793464538e-04 2.273045012866577895e-09
8.891397050194613759e-04 2.228499922920208086e-09
8.994354575643935708e-04 2.158390624218793901e-09
9.098504293049911040e-04 2.113051620491170787e-09
9.203860007344780506e-04 2.130580393672941012e-09
9.310435683314337773e-04 2.193612290366806111e-09
9.418245447449009487e-04 2.264986449472605935e-09
9.527303589816240974e-04 2.275634724801669578e-09
9.637624565954680924e-04 2.227443675366633171e-09
9.749222998790226836e-04 2.156073143284408208e-09
9.862113680574266256e-04 2.127256856786160983e-09
9.976311574844392432e-04 2.164088593971507787e-09
1.009183181840779715e-03 2.237749798074050967e-09
1.020868972334764650e-03 2.278096580903418838e-09
1.032690077905264224e-03 2.249842955522078961e-09
1.044648065427020156e-03 2.184371208401617591e-09
1.056744519918323541e-03 2.140318267541015641e-09
1.068981044751116105e-03 2.165580975242843045e-09
1.081359261863509879e-03 2.231256399668204721e-09
1.093880811974775810e-03 2.284693486551053823e-09
1.106547354802818028e-03 2.250977182646361573e-09
1.119360569284169734e-03 2.180365154606251705e-09
1.132322153796529608e-03 2.149705724934763879e-09
1.145433826383887056e-03 2.190445451558926313e-09
1.158697324984239588e-03 2.262716796875040720e-09
1.172114407659961052e-03 2.277088071732401091e-09
1.185686852830827474e-03 2.216376156976138709e-09
1.199416459509744732e-03 2.161290276446612512e-09
1.213305047541206891e-03 2.177855536546776696e-09
1.227354457842515364e-03 2.246850744490064515e-09
1.241566552647784894e-03 2.281777652324499147e-09
1.255943215754790803e-03 2.236233951260946948e-09
1.270486352774652947e-03 2.175008016558123586e-09
1.285197891384432054e-03 2.178117218504478488e-09
1.300079781582635843e-03 2.247375098645547827e-09
1.315133995947690435e-03 2.280280830528677273e-09
1.330362529899403951e-03 2.229484719513736886e-09
1.345767401963456761e-03 2.174851615934746817e-09
1.361350654038956127e-03 2.196575875922696198e-09
1.377114351669082772e-03 2.266449302896948581e-09
1.393060584314885974e-03 2.281433597620753892e-09
1.409191465632227396e-03 2.211361473845088110e-09
1.425509133751954758e-03 2.178148922330143505e-09
1.442015751563302745e-03 2.232996701316107866e-09
1.458713507000582730e-03 2.279171869170326633e-09
1.475604613333191895e-03 2.243153943903796419e-09
1.492691309458979909e-03 2.185913864601310633e-09
1.509975860201007635e-03 2.211676878857590075e-09
1.527460556607757513e-03 2.277859709449204399e-09
1.545147716256795815e-03 2.255301344947354454e-09
1.563039683561977646e-03 2.191256243017178859e-09
1.581138830084189480e-03 2.215500741879079354e-09
1.599447554845698401e-03 2.274504698722187316e-09
1.617968284648140355e-03 2.266428371374945381e-09
1.636703474394191234e-03 2.191642351536765524e-09
1.655655607412955237e-03 2.220020972021229404e-09
1.674827195789139285e-03 2.279186621837425500e-09
1.694220780696013449e-03 2.243010162310668638e-09
1.713838932732251975e-03 2.194017028189782275e-09
1.733684252262658121e-03 2.238671201354993451e-09
1.753759369762839188e-03 2.277758736344691740e-09
1.774066946167876177e-03 2.221584320159583309e-09
1.794609673225024517e-03 2.203839686728588954e-09
1.815390273850506784e-03 2.267960505183109011e-09
1.836411502490422785e-03 2.255468529399495553e-09
1.857676145485863319e-03 2.209919203134358473e-09
1.879187021442221524e-03 2.242960682969188390e-09
1.900946981602805912e-03 2.276333787517239586e-09
1.922958910226767442e-03 2.217370671555910242e-09
1.945225724971402000e-03 2.219343643925416608e-09
1.967750377278885965e-03 2.277237499525751625e-09
1.990535852767486274e-03 2.231680143007514653e-09
2.013585171627295303e-03 2.210043197511541007e-09
2.036901389020564709e-03 2.274280881282468183e-09
2.060487595486651478e-03 2.241015566146606099e-09
2.084346917351677202e-03 2.213976753649187548e-09
2.108482517142910590e-03 2.269774910125923632e-09
2.132897594007962527e-03 2.243071666977092010e-09
2.157595384138824915e-03 2.211198642311212234e-09
2.182579161200830058e-03 2.273188550041386367e-09
2.207852236766562250e-03 2.233748021230317356e-09
2.233417960754816977e-03 2.217156804782698783e-09
2.259279721874612491e-03 2.274663031349825310e-09
2.285440948074375211e-03 2.223666615765662312e-09
2.311905106996301092e-03 2.230892524728853416e-09
2.338675706435990129e-03 2.271702085664869171e-09
2.365756294807400822e-03 2.212370011072250369e-09
2.393150461613189652e-03 2.254109638531193412e-09
2.420861837920496723e-03 2.253748942372551932e-09
2.448894096842230052e-03 2.215097068418495922e-09
2.477250954023952137e-03 2.270729178728997845e-09
2.505936168136361879e-03 2.223079837767043979e-09
2.534953541373521912e-03 2.243506461859853350e-09
2.564306919956823531e-03 2.257500946981692395e-09
2.594000194644804132e-03 2.215556085776942193e-09
2.624037301248860997e-03 2.270521303494879999e-09
2.654422221154941613e-03 2.217915561632680614e-09
2.685158981851263043e-03 2.254957292136871767e-09
2.716251657462167429e-03 2.241505221113920966e-09
2.747704369288123637e-03 2.229530771242628529e-09
2.779521286352018561e-03 2.260702842667157957e-09
2.811706625951745052e-03 2.215484923399366847e-09
2.844264654219206146e-03 2.265683856540032339e-09
2.877199686685782878e-03 2.215532105246827664e-09
2.910516088854357610e-03 2.257110797193230723e-09
2.944218276777944496e-03 2.221248075277843933e-09
2.978310717645054565e-03 2.252887271233460815e-09
3.012797930371789810e-03 2.231253392912195358e-09
3.047684486200846234e-03 2.244014833123647610e-09
3.082975009307410696e-03 2.233949602055865183e-09
3.118674177412095096e-03 2.243596510056944717e-09
3.154786722400964270e-03 2.236653607260695323e-09
3.191317430952740879e-03 2.242963043718372248e-09
3.228271145173277484e-03 2.234973072615952497e-09
3.265652763237360864e-03 2.235843118225770633e-09
3.303467240037981714e-03 2.228911715655552834e-09
3.341719587843073637e-03 2.249666959461498649e-09
3.380414876959908325e-03 2.221341329965221639e-09
3.419558236407146089e-03 2.255439929367146983e-09
3.459154854594680920e-03 2.220107895088886688e-09
3.499209980011364681e-03 2.255313880443378793e-09
3.539728921920689327e-03 2.219066765272988454e-09
3.580717051064509146e-03 2.252028352717364846e-09
3.622179800374952623e-03 2.227363097325911821e-09
3.664122665694521767e-03 2.232183437226303408e-09
3.706551206504587938e-03 2.243319412747048742e-09
3.749471046662278956e-03 2.212824915676675401e-09
3.792887875145917534e-03 2.254330623991333276e-09
3.836807446809093001e-03 2.213750876838676919e-09
3.881235583143459542e-03 2.237255659503371398e-09
3.926178173050358551e-03 2.245510252010224779e-09
3.971641173621410364e-03 2.209671067896872500e-09
4.017630610928087966e-03 2.244157400530176276e-09
4.064152580820497296e-03 2.233283567609157633e-09
4.111213249735355506e-03 2.211686456329463982e-09
4.158818855513353625e-03 2.248310241586275470e-09
4.206975708225972610e-03 2.225763291670827443e-09
4.255690191011878530e-03 2.228497281235285666e-09
4.304968760923003589e-03 2.254504381549926872e-09
4.354817949780402306e-03 2.227874644760552712e-09
4.405244365040072822e-03 2.209346053083135830e-09
4.456254690668728577e-03 2.240535242510664480e-09
4.507855688029784036e-03 2.238966714438550870e-09
4.560054196779547535e-03 2.214867896954323855e-09
4.612857135773812921e-03 2.231534052236873491e-09
4.666271503984951476e-03 2.244487715097607546e-09
4.720304381429616877e-03 2.229336426878981887e-09
4.774962930107178559e-03 2.215194352557583952e-09
4.830254394949069947e-03 2.226299002261219538e-09
4.886186104779055052e-03 2.240672700804965343e-09
4.942765473284694427e-03 2.229909554777344060e-09
4.999999999999999237e-03 2.209422105027189195e-09
5.057897271299490252e-03 2.212262581111128437e-09
5.116464961403772820e-03 2.230641363207736851e-09
5.175710833396719723e-03 2.234178097460907947e-09
5.235642740254497010e-03 2.230931578899035297e-09
5.296268625886442309e-03 2.214987449816666619e-09
5.357596526188034176e-03 2.210426794380458760e-09
5.419634570106018380e-03 2.205251126243413716e-09
5.482390980715924449e-03 2.221379079980766884e-09
5.545874076312003707e-03 2.230461131391860873e-09
5.610092271509814314e-03 2.234204106527375336e-09
5.675054078361577332e-03 2.231536370214218779e-09
5.740768107484413990e-03 2.218765229869876042e-09
5.807243069201712196e-03 2.203104679322894906e-09
5.874487774697644861e-03 2.208624517142628282e-09
5.942511137185094161e-03 2.201843698362868388e-09
6.011322173087065013e-03 2.199692457271685452e-09
6.080930003231838424e-03 2.204690456168932996e-09
6.151343854061904620e-03 2.205218642688179105e-09
6.222573058856926617e-03 2.208585156058547732e-09
6.294627058970836582e-03 2.205970244867453550e-09
6.367515405083306983e-03 2.204970433365117701e-09
6.441247758465666780e-03 2.204429109115117307e-09
6.515833892261499449e-03 2.201811667536652480e-09
6.591283692782035596e-03 2.203445294898538962e-09
6.667607160816618576e-03 2.200555402890045687e-09
6.744814412958264824e-03 2.201561112888521086e-09
6.822915682944625040e-03 2.203347973608247549e-09
6.901921323014424334e-03 2.208550677238379272e-09
6.981841805279686598e-03 2.213368908353440828e-09
7.062687723113769168e-03 2.218153851010743389e-09
7.144469792555516521e-03 2.220289121373144840e-09
7.227198853729638849e-03 2.211621210848955804e-09
7.310885872283590450e-03 2.202611027868746760e-09
7.395541940841034688e-03 2.198264187575019189e-09
7.481178280472170448e-03 2.201497357397266818e-09
7.567806242181044155e-03 2.211438108873778318e-09
7.655437308410150028e-03 2.215332588925640655e-09
7.744083094562405345e-03 2.202495495385563447e-09
7.833755350540741805e-03 2.195674347521091356e-09
7.924465962305568892e-03 2.204273693883105063e-09
8.016226953450207235e-03 2.210409673905438549e-09
8.109050486794647586e-03 2.202081361799079129e-09
8.202948865997691796e-03 2.192867471423598304e-09
8.297934537187804521e-03 2.207995125202769185e-09
8.394020090612802285e-03 2.203961742521495285e-09
8.491218262308719913e-03 2.191639535991816633e-09
8.589541935787937607e-03 2.205150933588551227e-09
8.689004143746880890e-03 2.199923761730659732e-09
8.789618069793463453e-03 2.190939201421645580e-09
8.891397050194612892e-03 2.204376405244962718e-09
8.994354575643934840e-03 2.189037814986775871e-09
9.098504293049919714e-03 2.201198850848951028e-09
9.203860007344778771e-03 2.193042071993921375e-09
9.310435683314336255e-03 2.197359546679208375e-09
9.418245447448998428e-03 2.192907957000211352e-09
9.527303589816240106e-03 2.193328532442869676e-09
9.637624565954681574e-03 2.193947013495947726e-09
9.749222998790225969e-03 2.193752892449726041e-09
9.862113680574265823e-03 2.188654466833577579e-09
9.976311574844402841e-03 2.198817486561648679e-09
1.009183181840780756e-02 2.182895393602953818e-09
1.020868972334764563e-02 2.195981340549295358e-09
1.032690077905264354e-02 2.187330626670832383e-09
1.044648065427019115e-02 2.185087048242097930e-09
1.056744519918323584e-02 2.194711189368054578e-09
1.068981044751115932e-02 2.185142724532197728e-09
1.081359261863509835e-02 2.181682624696324489e-09
1.093880811974775637e-02 2.190700801463855058e-09
1.106547354802819329e-02 2.188748307104703696e-09
1.119360569284169951e-02 2.179523668334083008e-09
1.132322153796529694e-02 2.175453099703622970e-09
1.145433826383886189e-02 2.184857271209992231e-09
1.158697324984239718e-02 2.188251353640061414e-09
1.172114407659961138e-02 2.185597676547403943e-09
1.185686852830827517e-02 2.180514481179593108e-09
1.199416459509744862e-02 2.175806354116522873e-09
1.213305047541208236e-02 2.173571302894684197e-09
1.227354457842515234e-02 2.174589156906918588e-09
1.241566552647785024e-02 2.173811938463459405e-09
1.255943215754789545e-02 2.174032840803314409e-09
1.270486352774653077e-02 2.173258181195401881e-09
1.285197891384432141e-02 2.172399959081444770e-09
1.300079781582635929e-02 2.170783304041294737e-09
1.315133995947690565e-02 2.170190496728157070e-09
1.330362529899405295e-02 2.169734289432355571e-09
1.345767401963458149e-02 2.171026202574876480e-09
1.361350654038956040e-02 2.174459192796951871e-09
1.377114351669082859e-02 2.177023029520208412e-09
1.393060584314884456e-02 2.172878439889281592e-09
1.409191465632227483e-02 2.165849655942407012e-09
1.425509133751954455e-02 2.166262329599092194e-09
1.442015751563302701e-02 2.173882566136070217e-09
1.458713507000582686e-02 2.169818203459364969e-09
1.475604613333193239e-02 2.162821233426934503e-09
1.492691309458980126e-02 2.170120665837808967e-09
1.509975860201007679e-02 2.166223459050389314e-09
1.527460556607755995e-02 2.162304653393274063e-09
1.545147716256796075e-02 2.168399931057526814e-09
1.563039683561977602e-02 2.159415859105283955e-09
1.581138830084189567e-02 2.167675084463781852e-09
1.599447554845698227e-02 2.157346579358874502e-09
1.617968284648142047e-02 2.165368198369787263e-09
1.636703474394191060e-02 2.157819566349466510e-09
1.655655607412955324e-02 2.161091039845408743e-09
1.674827195789137593e-02 2.161920135877495318e-09
1.694220780696013146e-02 2.154856917848025191e-09
1.713838932732252018e-02 2.158523241836624337e-09
1.733684252262658251e-02 2.161071852216764254e-09
1.753759369762839665e-02 2.155399745708925448e-09
1.774066946167878259e-02 2.151922232515385474e-09
1.794609673225026208e-02 2.153557777147053438e-09
1.815390273850506567e-02 2.156632364630980993e-09
1.836411502490422828e-02 2.157504658743875493e-09
1.857676145485861671e-02 2.157209102079944783e-09
1.879187021442221134e-02 2.155605432205097534e-09
1.900946981602805869e-02 2.154851044290141165e-09
1.922958910226767182e-02 2.155041065262863650e-09
1.945225724971402087e-02 2.154026206451757608e-09
1.967750377278887700e-02 2.152509325497718127e-09
1.990535852767486361e-02 2.149468784418605237e-09
2.013585171627295042e-02 2.145614350368746920e-09
2.036901389020562628e-02 2.143747985691508293e-09
2.060487595486651738e-02 2.145531384136262554e-09
2.084346917351677028e-02 2.148757988445646847e-09
2.108482517142910850e-02 2.141406957388748853e-09
2.132897594007962527e-02 2.143702415294699694e-09
2.157595384138826650e-02 2.145070629513590122e-09
2.182579161200829884e-02 2.139392152067296668e-09
2.207852236766562337e-02 2.145151974731081918e-09
2.233417960754814982e-02 2.136956625873016128e-09
2.259279721874613012e-02 2.142857304127680214e-09
2.285440948074375644e-02 2.137984437718602393e-09
2.311905106996301265e-02 2.137344779849074877e-09
2.338675706435990390e-02 2.141259720325600313e-09
2.365756294807403598e-02 2.135574536268534757e-09
2.393150461613192254e-02 2.132972188029484516e-09
2.420861837920496376e-02 2.134979751314910214e-09
2.448894096842230139e-02 2.136818289407433144e-09
2.477250954023949708e-02 2.136647907871951372e-09
2.505936168136362052e-02 2.136597310907750543e-09
2.534953541373521912e-02 2.135239178710567936e-09
2.564306919956823791e-02 2.134084633782750588e-09
2.594000194644804219e-02 2.133459703517776324e-09
2.624037301248863946e-02 2.131355922496194093e-09
2.654422221154941960e-02 2.128285867738037708e-09
2.685158981851263130e-02 2.125882530575603560e-09
2.716251657462164654e-02 2.128482896159599528e-09
2.747704369288123810e-02 2.128801758151397238e-09
2.779521286352018561e-02 2.123749905813202214e-09
2.811706625951745225e-02 2.127516485882032269e-09
2.844264654219206406e-02 2.121824899849003070e-09
2.877199686685785740e-02 2.126275364468130470e-09
2.910516088854357350e-02 2.120948922734280203e-09
2.944218276777944496e-02 2.124169124697759627e-09
2.978310717645051703e-02 2.122551390215785433e-09
3.012797930371790070e-02 2.118600699957017545e-09
3.047684486200846407e-02 2.119615663163799444e-09
3.082975009307410350e-02 2.120272674015981171e-09
3.118674177412095530e-02 2.120434477977653819e-09
3.154786722400967913e-02 2.119910438924744477e-09
3.191317430952744089e-02 2.118776335622758132e-09
3.228271145173277484e-02 2.117597526536757902e-09
3.265652763237360950e-02 2.115668626670182265e-09
3.303467240037977898e-02 2.112571647395134202e-09
3.341719587843073463e-02 2.112621009403336263e-09
3.380414876959908499e-02 2.114508833400368200e-09
3.419558236407146262e-02 2.111552653310805942e-09
3.459154854594680834e-02 2.111999558004419173e-09
3.499209980011368931e-02 2.110814016185388562e-09
3.539728921920690108e-02 2.111624550087763032e-09
3.580717051064509493e-02 2.108118432701483570e-09
3.622179800374948633e-02 2.108449328946615069e-09
3.664122665694521247e-02 2.109763080548737589e-09
3.706551206504588025e-02 2.106321821788926618e-09
3.749471046662278262e-02 2.105061224692302611e-09
3.792887875145917187e-02 2.103622225263534063e-09
3.836807446809096384e-02 2.103464464223314658e-09
3.881235583143458762e-02 2.103242878751567192e-09
3.926178173050358378e-02 2.110439394037384172e-09
3.971641173621406201e-02 2.102869321889579615e-09
4.017630610928087792e-02 2.099747266067650732e-09
4.064152580820496602e-02 2.101491076959537394e-09
4.111213249735355679e-02 2.097781014854658412e-09
4.158818855513353452e-02 2.100436567817473676e-09
4.206975708225977467e-02 2.096444384092297328e-09
4.255690191011882867e-02 2.098183412035725379e-09
4.304968760923003068e-02 2.097820132194506091e-09
4.354817949780401959e-02 2.095657526538397344e-09
4.405244365040068139e-02 2.094105678734180922e-09
4.456254690668728924e-02 2.093426250966683714e-09
4.507855688029784730e-02 2.093201985852766778e-09
4.560054196779547708e-02 2.093643182549484716e-09
4.612857135773813788e-02 2.091976982510175352e-09
4.666271503984956853e-02 2.089197967709308620e-09
4.720304381429617224e-02 2.091687413165254262e-09
4.774962930107178732e-02 2.088279642843969574e-09
4.830254394949064223e-02 2.090052463128032738e-09
4.886186104779054878e-02 2.086955428895172192e-09
4.942765473284694427e-02 2.084708862727320585e-09
4.999999999999998890e-02 2.084997520150274990e-09
5.057897271299490599e-02 2.083672487871616959e-09
5.116464961403772299e-02 2.084771258906313640e-09
5.175710833396719723e-02 2.079960403267523939e-09
5.235642740254497357e-02 2.082117286237466793e-09
5.296268625886442483e-02 2.082946099077169728e-09
5.357596526188034003e-02 2.080313186535594061e-09
5.419634570106018207e-02 2.081100444437367047e-09
5.482390980715924622e-02 2.078368629338602127e-09
5.545874076312003881e-02 2.079295039928453712e-09
5.610092271509820733e-02 2.078901083245004500e-09
5.675054078361575771e-02 2.079539318317974451e-09
5.740768107484412602e-02 2.077734553365256753e-09
5.807243069201712543e-02 2.076169460818136996e-09
5.874487774697650933e-02 2.074233721890093026e-09
5.942511137185092773e-02 2.073207450328921063e-09
6.011322173087065013e-02 2.073814336349789470e-09
6.080930003231838771e-02 2.071968296792780993e-09
6.151343854061905314e-02 2.071612967426096664e-09
6.222573058856926964e-02 2.071069813810714113e-09
6.294627058970836408e-02 2.071317775859682144e-09
6.367515405083307156e-02 2.070089238333706032e-09
6.441247758465666606e-02 2.069061771803803514e-09
6.515833892261499449e-02 2.066223737168040093e-09
6.591283692782035075e-02 2.066167649947025892e-09
6.667607160816618750e-02 2.067962961333341026e-09
6.744814412958265171e-02 2.066808511235475310e-09
6.822915682944626081e-02 2.063655277788091281e-09
6.901921323014426068e-02 2.062591954227652499e-09
6.981841805279687119e-02 2.062272930416744529e-09
7.062687723113769689e-02 2.056173442080322394e-09
7.144469792555516174e-02 2.060459292752938636e-09
7.227198853729638328e-02 2.061278816961992109e-09
7.310885872283590103e-02 2.057525123291798131e-09
7.395541940841034168e-02 2.056045114340686596e-09
7.481178280472169928e-02 2.058396950554835227e-09
7.567806242181042420e-02 2.057123754423201482e-09
7.655437308410149855e-02 2.056305476712928208e-09
7.744083094562403957e-02 2.056084438915987796e-09
7.833755350540749784e-02 2.053702741988606564e-09
7.924465962305569933e-02 2.055360711385028615e-09
8.016226953450207582e-02 2.052760948976017553e-09
8.109050486794647239e-02 2.052610810660474455e-09
8.202948865997691796e-02 2.051372404684828451e-09
8.297934537187805215e-02 2.051237245149211876e-09
8.394020090612801244e-02 2.050310683287476994e-09
8.491218262308719567e-02 2.048340372033829271e-09
8.589541935787936566e-02 2.047187210823703166e-09
8.689004143746879849e-02 2.046075647251625299e-09
8.789618069793463107e-02 2.045858520042978060e-09
8.891397050194613239e-02 2.045154224054920732e-09
8.994354575643936922e-02 2.044472324568424709e-09
9.098504293049920755e-02 2.043957462083468508e-09
9.203860007344781546e-02 2.042348284731423756e-09
9.310435683314335908e-02 2.042727655407244212e-09
9.418245447449000163e-02 2.040286062113658242e-09
9.527303589816239759e-02 2.040690684850734806e-09
9.637624565954681921e-02 2.040891644837917431e-09
9.749222998790225969e-02 2.038294070871658667e-09
9.862113680574265129e-02 2.038710134238565942e-09
9.976311574844401453e-02 2.036152972683828071e-09
1.009183181840780652e-01 2.034541095679324875e-09
1.020868972334764563e-01 2.036522253216150815e-09
1.032690077905264459e-01 2.034477552095363298e-09
1.044648065427020295e-01 2.034651460672352347e-09
1.056744519918323688e-01 2.033030795475409943e-09
1.068981044751115966e-01 2.031343107310429411e-09
1.081359261863509835e-01 2.031195711177008005e-09
1.093880811974775741e-01 2.030495457799112695e-09
1.106547354802819155e-01 2.030181031155458355e-09
1.119360569284169882e-01 2.029764683621986493e-09
1.132322153796529590e-01 2.028379796453973823e-09
1.145433826383886050e-01 2.021631704028697872e-09
1.158697324984239857e-01 2.026867854612412644e-09
1.172114407659961138e-01 2.027673668062622961e-09
1.185686852830827448e-01 2.025042867100346108e-09
1.199416459509744654e-01 2.023885084983881613e-09
1.213305047541208131e-01 2.024264517593185732e-09
1.227354457842515373e-01 2.023757044116790327e-09
1.241566552647785232e-01 2.022579699964535217e-09
1.255943215754789510e-01 2.021483491258317869e-09
1.270486352774652938e-01 2.020615075538860275e-09
1.285197891384432245e-01 2.020021821050582306e-09
1.300079781582635929e-01 2.018326716457727929e-09
1.315133995947690426e-01 2.018195351468874334e-09
1.330362529899405399e-01 2.016277014647015180e-09
1.345767401963458010e-01 2.016406554810738725e-09
1.361350654038956109e-01 2.015985284267152895e-09
1.377114351669082859e-01 2.014914888612527453e-09
1.393060584314886052e-01 2.013489750248647354e-09
1.409191465632227414e-01 2.013913824078415028e-09
1.425509133751954594e-01 2.011663064151152595e-09
1.442015751563302528e-01 2.011386313666760466e-09
1.458713507000582721e-01 2.007718339353405549e-09
1.475604613333193205e-01 2.006215439962562715e-09
1.492691309458979987e-01 2.010622870142196479e-09
1.509975860201007714e-01 2.007972152310716124e-09
1.527460556607755926e-01 2.013069202250217586e-09
1.545147716256795867e-01 2.008027692614079323e-09
1.563039683561977533e-01 2.005510959704868752e-09
1.581138830084189428e-01 2.004999818479785579e-09
1.599447554845698227e-01 2.003697990480541848e-09
1.617968284648141908e-01 2.003711527800861235e-09
1.636703474394191060e-01 2.001376363141495779e-09
1.655655607412955255e-01 2.002169490072472113e-09
1.674827195789137801e-01 2.001526607051492589e-09
1.694220780696013284e-01 2.000138826833232539e-09
1.713838932732252018e-01 1.999068946533012546e-09
1.733684252262658043e-01 1.999361651517665203e-09
1.753759369762839249e-01 2.003731379952489240e-09
1.774066946167878189e-01 1.998205771831544393e-09
1.794609673225026625e-01 1.996815358303093305e-09
1.815390273850506775e-01 1.987334990549122299e-09
1.836411502490422898e-01 1.994737730786051228e-09
1.857676145485863684e-01 1.993799411175688285e-09
1.879187021442221273e-01 1.992723547661700631e-09
1.900946981602806007e-01 1.991566848985382958e-09
1.922958910226767459e-01 1.991085662308813393e-09
1.945225724971401948e-01 1.989409949871676621e-09
1.967750377278887908e-01 1.989390963971252378e-09
1.990535852767486291e-01 1.988569218692800408e-09
2.013585171627295112e-01 1.988253991581112546e-09
2.036901389020562836e-01 1.986983163286877553e-09
2.060487595486651669e-01 1.986687241356330947e-09
2.084346917351677098e-01 1.977724850956749321e-09
2.108482517142910850e-01 1.985956175924667214e-09
2.132897594007962250e-01 1.982710636063544688e-09
2.157595384138826511e-01 1.983005522747537955e-09
2.182579161200829676e-01 1.982518986784437260e-09
2.207852236766562337e-01 1.980242460064659444e-09
2.233417960754814358e-01 1.982198744011944063e-09
2.259279721874612734e-01 1.970663979574989063e-09
2.285440948074375367e-01 1.980660395523103089e-09
2.311905106996300918e-01 1.978271490098418625e-09
2.338675706435990320e-01 1.977733151031992729e-09
2.365756294807403737e-01 1.976365147192687528e-09
2.393150461613192115e-01 1.975519421353889232e-09
2.420861837920496862e-01 1.982518004591215613e-09
2.448894096842230417e-01 1.974213489564999763e-09
2.477250954023952345e-01 1.973524268405016510e-09
2.505936168136362330e-01 1.973135008373724425e-09
2.534953541373521912e-01 1.968426997705677125e-09
2.564306919956823583e-01 1.971371763294982535e-09
2.594000194644804358e-01 1.969954765390619330e-09
2.624037301248863807e-01 1.969826543068486767e-09
2.654422221154941752e-01 1.968065937697322235e-09
2.685158981851262783e-01 1.969456822795968326e-09
2.716251657462164792e-01 1.966886153773706347e-09
2.747704369288123671e-01 1.966015087087172856e-09
2.779521286352018006e-01 1.964565103191094120e-09
2.811706625951744809e-01 1.964261982982690999e-09
2.844264654219206268e-01 1.980832972476659682e-09
2.877199686685785740e-01 1.962803746203893883e-09
2.910516088854357419e-01 1.960900161287448318e-09
2.944218276777944010e-01 1.960985410310736076e-09
2.978310717645051287e-01 1.959631761760611507e-09
3.012797930371790001e-01 1.960923986929379087e-09
3.047684486200846199e-01 1.958677762523084970e-09
3.082975009307410419e-01 1.958587456318811575e-09
3.118674177412095183e-01 1.956947171259015583e-09
3.154786722400967358e-01 1.956053055636276575e-09
3.191317430952744227e-01 1.954868604056367848e-09
3.228271145173277623e-01 1.952126150363658347e-09
3.265652763237361089e-01 1.953729254356974322e-09
3.303467240037981645e-01 1.953637205058073606e-09
3.341719587843073880e-01 1.951431868488460202e-09
3.380414876959909054e-01 1.950395101351501343e-09
3.419558236407145846e-01 1.950982954412408787e-09
3.459154854594680417e-01 1.950272379162533377e-09
3.499209980011368515e-01 1.947878244520932183e-09
3.539728921920690108e-01 1.949207254385404812e-09
3.580717051064509771e-01 1.944749410307337704e-09
3.622179800374948910e-01 1.954600436007629056e-09
3.664122665694521941e-01 1.937784287580656545e-09
3.706551206504588025e-01 1.945757724072572757e-09
3.749471046662278817e-01 1.944981984072219015e-09
3.792887875145917742e-01 1.943568580545928060e-09
3.836807446809096245e-01 1.942710194652224262e-09
3.881235583143459178e-01 1.942564211374571000e-09
3.926178173050358100e-01 1.941077666081055910e-09
3.971641173621405785e-01 1.938703191460214779e-09
4.017630610928087931e-01 1.939509977128872192e-09
4.064152580820497018e-01 1.938962182134192449e-09
4.111213249735355402e-01 1.938018986714254293e-09
4.158818855513353729e-01 1.936976490063486053e-09
4.206975708225977328e-01 1.933483870036438857e-09
4.255690191011883283e-01 1.932558321212538992e-09
4.304968760923003068e-01 1.934757133615140632e-09
4.354817949780401820e-01 1.934423999160825743e-09
4.405244365040072996e-01 1.933958205585733184e-09
4.456254690668729479e-01 1.932586894323725840e-09
4.507855688029784313e-01 1.931537628335089038e-09
4.560054196779547708e-01 1.930752996179559533e-09
4.612857135773817951e-01 1.929647805962595346e-09
4.666271503984956714e-01 1.928580302715398272e-09
4.720304381429616947e-01 1.925756289150595932e-09
4.774962930107179426e-01 1.927502398597280510e-09
4.830254394949064500e-01 1.926687621032741032e-09
4.886186104779056127e-01 1.924720770466817585e-09
4.942765473284694844e-01 1.925169697437022426e-09
5.000000000000000000e-01 1.924047866589705160e-09
5.235642740254496941e-01 1.920857698347769606e-09
5.482390980715925455e-01 1.918253620632110398e-09
5.740768107484413019e-01 1.913706649026640618e-09
6.011322173087064735e-01 1.913075693531630468e-09
6.294627058970835298e-01 1.910609136108784590e-09
6.591283692782035075e-01 1.904591008184734865e-09
6.901921323014423848e-01 1.903406771331270713e-09
7.227198853729638328e-01 1.900071157583959527e-09
7.567806242181041032e-01 1.895246263821118997e-09
7.924465962305566880e-01 1.889807592261125841e-09
8.297934537187803272e-01 1.889411782889494972e-09
8.689004143746876796e-01 1.886446184304522359e-09
9.098504293049917147e-01 1.886401365139780496e-09
9.527303589816236151e-01 1.878819160153090775e-09
9.976311574844397567e-01 1.878300747612508441e-09
1.044648065427019601e+00 1.873211568433224950e-09
1.093880811974776268e+00 1.870001877796573711e-09
1.145433826383886355e+00 1.867507143106123144e-09
1.199416459509745181e+00 1.864641674882123455e-09
1.255943215754790065e+00 1.822811958544259191e-09
1.315133995947690870e+00 1.856853059414697997e-09
1.377114351669083137e+00 1.854079889770248308e-09
1.442015751563303194e+00 1.850792956380329530e-09
1.509975860201008047e+00 1.847942370908962658e-09
1.581138830084189539e+00 1.845342717345189960e-09
1.655655607412955588e+00 1.851479447866526594e-09
1.733684252262658543e+00 1.838516365365397125e-09
1.815390273850506775e+00 1.835796666596615892e-09
1.900946981602805952e+00 1.831918968791761247e-09
1.990535852767486125e+00 1.826256088412208216e-09
2.084346917351676876e+00 1.825826713228160763e-09
2.182579161200830065e+00 1.823391762179383131e-09
2.285440948074374923e+00 1.819674590092348262e-09
2.393150461613192004e+00 1.817160606701245476e-09
2.505936168136361886e+00 1.812964218093883764e-09
2.624037301248862697e+00 1.809939184299346222e-09
2.747704369288122450e+00 1.742198414261808422e-09
2.877199686685784741e+00 1.807867101755407943e-09
3.012797930371788890e+00 1.799891881272925058e-09
3.154786722400966248e+00 1.830070667597809346e-09
3.303467240037980091e+00 1.795630418581404628e-09
3.459154854594682416e+00 1.791580291040501166e-09
3.622179800374950354e+00 1.788908659668145897e-09
3.792887875145919629e+00 1.784487453898103858e-09
3.971641173621408338e+00 1.782173033219131876e-09
4.158818855513356283e+00 1.779761979379022274e-09
4.354817949780404263e+00 1.758047777842480710e-09
4.560054196779547375e+00 1.772923662800002117e-09
4.774962930107178316e+00 1.769866561439971302e-09
5.000000000000000000e+00 1.750354546665549195e-09
6.294627058970836408e+00 1.750735704250961993e-09
7.924465962305568212e+00 1.736207275745756163e-09
9.976311574844396901e+00 1.754665886346382519e-09
1.255943215754790110e+01 1.705730230637678552e-09
1.581138830084189451e+01 1.691076927641481726e-09
1.990535852767486347e+01 1.675756119656195712e-09
2.505936168136361886e+01 1.659689651650844649e-09
3.154786722400966426e+01 1.645160165258751964e-09
3.971641173621406296e+01 1.629855382379481906e-09
4.999999999999999289e+01 1.614804416506364518e-09
