5.175710833396713543e-05 2.740409481158926272e-14
5.235642740254491318e-05 2.822302146543977079e-14
5.296268625886447866e-05 3.420127795083754372e-14
5.357596526188034176e-05 4.507245447185664937e-14
5.419634570106019302e-05 6.061722837880196187e-14
5.482390980715924394e-05 8.066203333677532311e-14
5.545874076312003680e-05 1.051725683489065896e-13
5.610092271509813691e-05 1.340031233765885737e-13
5.675054078361571342e-05 1.671853719629486979e-13
5.740768107484408596e-05 2.047096886976609345e-13
5.807243069201718186e-05 2.466013262851133703e-13
5.874487774697652071e-05 2.928447469101019182e-13
5.942511137185093809e-05 3.436300719015219449e-13
6.011322173087064877e-05 3.987535942449480400e-13
6.080930003231838695e-05 4.608970753776028129e-13
6.151343854061905325e-05 5.258632423210063112e-13
6.222573058856921034e-05 5.962840771275685035e-13
6.294627058970830402e-05 6.715822952863376002e-13
6.367515405083314138e-05 7.526641527145104297e-13
6.441247758465673719e-05 8.392292805730222788e-13
6.515833892261499124e-05 9.317254829687168520e-13
6.591283692782035650e-05 1.030015374990600760e-12
6.667607160816619769e-05 1.135169861647892110e-12
6.744814412958265366e-05 1.246112365722409081e-12
6.822915682944618535e-05 1.363091656776481020e-12
6.901921323014417829e-05 1.490634318070500157e-12
6.981841805279679497e-05 1.623659680518229691e-12
7.062687723113775782e-05 1.764851682643351268e-12
7.144469792555517389e-05 1.916494656380972122e-12
7.227198853729638578e-05 2.074812156789830623e-12
7.310885872283590017e-05 2.242307433227749966e-12
7.395541940841035122e-05 2.418997468689919187e-12
7.481178280472162371e-05 2.606487915784651959e-12
7.567806242181034505e-05 2.803312292751326841e-12
7.655437308410142656e-05 3.012341483585556892e-12
7.744083094562412067e-05 3.232378499893317478e-12
7.833755350540748852e-05 3.465429485757489730e-12
7.924465962305569597e-05 3.709674291044482592e-12
8.016226953450208102e-05 3.967214776365388370e-12
8.109050486794647857e-05 4.239435268240587861e-12
8.202948865997692718e-05 4.525599784465183688e-12
8.297934537187796715e-05 4.826991941411938380e-12
8.394020090612792852e-05 5.144505386066381716e-12
8.491218262308728262e-05 5.479087538655128265e-12
8.589541935787945305e-05 5.839326505784104780e-12
8.689004143746881595e-05 6.211122708558794013e-12
8.789618069793464267e-05 6.601439808503317415e-12
8.891397050194613488e-05 7.010811913785885367e-12
8.994354575643936521e-05 7.444664178296565857e-12
9.098504293049911853e-05 7.898911859231612075e-12
9.203860007344770748e-05 8.375078025945004539e-12
9.310435683314326931e-05 8.873642772988843756e-12
9.418245447449009216e-05 9.401367889235673269e-12
9.527303589816239347e-05 9.956338801695439221e-12
9.637624565954680924e-05 1.053524272097213227e-11
9.749222998790225210e-05 1.114510116016385667e-11
9.862113680574265443e-05 1.178472042881772826e-11
9.976311574844392432e-05 1.245591652749632175e-11
1.009183181840780691e-04 1.316397588870764438e-11
1.020868972334764650e-04 1.390340788062500468e-11
1.032690077905264333e-04 1.468354141128645643e-11
1.044648065427019099e-04 1.551186559208207946e-11
1.056744519918323812e-04 1.636452539483391509e-11
1.068981044751116186e-04 1.726259485243361446e-11
1.081359261863509824e-04 1.819971785760022220e-11
1.093880811974775783e-04 1.919240869097426223e-11
1.106547354802819302e-04 2.022941698473978142e-11
1.119360569284169707e-04 2.131372399187906030e-11
1.132322153796529580e-04 2.244963997822836359e-11
1.145433826383885891e-04 2.364178164303180589e-11
1.158697324984239751e-04 2.488481339982302092e-11
1.172114407659961296e-04 2.619627345014967101e-11
1.185686852830827420e-04 2.756753216232237731e-11
1.199416459509744677e-04 2.900189099153808723e-11
1.213305047541207081e-04 3.050488821105408855e-11
1.227354457842515364e-04 3.207523873241697739e-11
1.241566552647784948e-04 3.372990433871460767e-11
1.255943215754789502e-04 3.544788329045974522e-11
1.270486352774653110e-04 3.724738029462879694e-11
1.285197891384432108e-04 3.915566850411187691e-11
1.300079781582635788e-04 4.113267264669012178e-11
1.315133995947690435e-04 4.319950806265233700e-11
1.330362529899403897e-04 4.535626235889068079e-11
1.345767401963458333e-04 4.762385312969293798e-11
1.361350654038956344e-04 4.998762169146503450e-11
1.377114351669082826e-04 5.247184248089384818e-11
1.393060584314884456e-04 5.504413386818502115e-11
1.409191465632227234e-04 5.773950226430599921e-11
1.425509133751954596e-04 6.056976652552656904e-11
1.442015751563302474e-04 6.352284411844137249e-11
1.458713507000582675e-04 6.661211377546746645e-11
1.475604613333193142e-04 6.982124331492085328e-11
1.492691309458979746e-04 7.319562149438368833e-11
1.509975860201007907e-04 7.670391048007271129e-11
1.527460556607755941e-04 8.039333109422314522e-11
1.545147716256795760e-04 8.421081040447180477e-11
1.563039683561977700e-04 8.818113627585684632e-11
1.581138830084189426e-04 9.238437066722580002e-11
1.599447554845698401e-04 9.674702384665801066e-11
1.617968284648140247e-04 1.012871370530585844e-10
1.636703474394191234e-04 1.060381715026265028e-10
1.655655607412955237e-04 1.109946284080398004e-10
1.674827195789137550e-04 1.161337895422522796e-10
1.694220780696013395e-04 1.215197101887026822e-10
1.713838932732251867e-04 1.271262139663973936e-10
1.733684252262658175e-04 1.329539297472989829e-10
1.753759369762839622e-04 1.390462988492408436e-10
1.774066946167876340e-04 1.453946161798854205e-10
1.794609673225026631e-04 1.520322891539873358e-10
1.815390273850506729e-04 1.589273919982047928e-10
1.836411502490422785e-04 1.660781040311384395e-10
1.857676145485863753e-04 1.735333170733338162e-10
1.879187021442221307e-04 1.813062539668239193e-10
1.900946981602805912e-04 1.893840802908790440e-10
1.922958910226767171e-04 1.978199651067103776e-10
1.945225724971401946e-04 2.065750137655804295e-10
1.967750377278885748e-04 2.156741066990126685e-10
1.990535852767486220e-04 2.251073975828908116e-10
2.013585171627295032e-04 2.349989433183951884e-10
2.036901389020562758e-04 2.452550287289088034e-10
2.060487595486651640e-04 2.559024148230514051e-10
2.084346917351676985e-04 2.669411577570796149e-10
2.108482517142910644e-04 2.783928905966521052e-10
2.132897594007962310e-04 2.903959901385865366e-10
2.157595384138824807e-04 3.026868270413517161e-10
2.182579161200830003e-04 3.155851982534701371e-10
2.207852236766562250e-04 3.288786914900397406e-10
2.233417960754814971e-04 3.426795388500169797e-10
2.259279721874612654e-04 3.571710345349385634e-10
2.285440948074375211e-04 3.719117799034220930e-10
2.311905106996301417e-04 3.873078163968390305e-10
2.338675706435990400e-04 4.032690031392311635e-10
2.365756294807401202e-04 4.198398245772578872e-10
2.393150461613192416e-04 4.369522594238804001e-10
2.420861837920496669e-04 4.546991170639055620e-10
2.448894096842230486e-04 4.731303046614107936e-10
2.477250954023952571e-04 4.920900907544260362e-10
2.505936168136362096e-04 5.118213161258033210e-10
2.534953541373521587e-04 5.320938854773215819e-10
2.564306919956823639e-04 5.530097527603128286e-10
2.594000194644803916e-04 5.748167419646955487e-10
2.624037301248860888e-04 5.970875461649945325e-10
2.654422221154941939e-04 6.202257557629549482e-10
2.685158981851263043e-04 6.439760748777459865e-10
2.716251657462165044e-04 6.685690266032193336e-10
2.747704369288123854e-04 6.940234326556890257e-10
2.779521286352018127e-04 7.202156837307911601e-10
2.811706625951744943e-04 7.470478355075524327e-10
2.844264654219205712e-04 7.747661578586205344e-10
2.877199686685782661e-04 8.033529047398251631e-10
2.910516088854357393e-04 8.326261133555733283e-10
2.944218276777944170e-04 8.628078124585733133e-10
2.978310717645051204e-04 8.938121578615008644e-10
3.012797930371790027e-04 9.257272896250446033e-10
3.047684486200846234e-04 9.583558629150009715e-10
3.082975009307410263e-04 9.917562720772759515e-10
3.118674177412095313e-04 1.026321440399726586e-09
3.154786722400964379e-04 1.061434547336034156e-09
3.191317430952743915e-04 1.097637018166989587e-09
3.228271145173277267e-04 1.134513003230292875e-09
3.265652763237360972e-04 1.172195446242270826e-09
3.303467240037981823e-04 1.210740280304222248e-09
3.341719587843073962e-04 1.250087007964682078e-09
3.380414876959908759e-04 1.290266084067760175e-09
3.419558236407145655e-04 1.331276369840211183e-09
3.459154854594681137e-04 1.372890733386968718e-09
3.499209980011365223e-04 1.415347224840817179e-09
3.539728921920690086e-04 1.458476451182143892e-09
3.580717051064509905e-04 1.502544944874348647e-09
3.622179800374948611e-04 1.546828038565705916e-09
3.664122665694521551e-04 1.592191762477614634e-09
3.706551206504588155e-04 1.637741609413381820e-09
3.749471046662278739e-04 1.683969118611399638e-09
3.792887875145917100e-04 1.731166009470103074e-09
3.836807446809091808e-04 1.778040267783847644e-09
3.881235583143459109e-04 1.825800595330059029e-09
3.926178173050358226e-04 1.873308683554445477e-09
3.971641173621406028e-04 1.921669066342840369e-09
4.017630610928087857e-04 1.969673457510669419e-09
4.064152580820496862e-04 2.018510606609155389e-09
4.111213249735355181e-04 2.066988483877939308e-09
4.158818855513353842e-04 2.114912856558823612e-09
4.206975708225972935e-04 2.163302901712662423e-09
4.255690191011882325e-04 2.210887208899913254e-09
4.304968760923002613e-04 2.259434292227479315e-09
4.354817949780401438e-04 2.306324251914232075e-09
4.405244365040072280e-04 2.352946608208058189e-09
4.456254690668728577e-04 2.398805515937402314e-09
4.507855688029784470e-04 2.443928334716134758e-09
4.560054196779547101e-04 2.488126320382251653e-09
4.612857135773812921e-04 2.530856290768380377e-09
4.666271503984952018e-04 2.573361447387695735e-09
4.720304381429617636e-04 2.614017709826074078e-09
4.774962930107178993e-04 2.653176747958863525e-09
4.830254394949064418e-04 2.690462555565598537e-09
4.886186104779055486e-04 2.726477811602869070e-09
4.942765473284694211e-04 2.760789360644888596e-09
4.999999999999999020e-04 2.792952686400664750e-09
5.057897271299491120e-04 2.822576149058396734e-09
5.116464961403766531e-04 2.849692561597526616e-09
5.175710833396719507e-04 2.874893316699120555e-09
5.235642740254497010e-04 2.897319893145066633e-09
5.296268625886442309e-04 2.917239869300651248e-09
5.357596526188034176e-04 2.934208940351559801e-09
5.419634570106019031e-04 2.948123878213329443e-09
5.482390980715924666e-04 2.957986561683887042e-09
5.545874076312004358e-04 2.965340965210614325e-09
5.610092271509814097e-04 2.969647774467496371e-09
5.675054078361570394e-04 2.970457517742091624e-09
5.740768107484413340e-04 2.967060444528483586e-09
5.807243069201711546e-04 2.960489334127002696e-09
5.874487774697650716e-04 2.950419037798415059e-09
5.942511137185093944e-04 2.936717867879555164e-09
6.011322173087063929e-04 2.918998001575002484e-09
6.080930003231838424e-04 2.898281631478178441e-09
6.151343854061905054e-04 2.872238397368971639e-09
6.222573058856920762e-04 2.843281204665517132e-09
6.294627058970836365e-04 2.810961649121037973e-09
6.367515405083307633e-04 2.775145526440171178e-09
6.441247758465673719e-04 2.735231366850791862e-09
6.515833892261498582e-04 2.692382802202332632e-09
6.591283692782036463e-04 2.646979579104125020e-09
6.667607160816619227e-04 2.597446645466836962e-09
6.744814412958264824e-04 2.546511723982264127e-09
6.822915682944617451e-04 2.492862888164744160e-09
6.901921323014424334e-04 2.435778375038683865e-09
6.981841805279687899e-04 2.378553641522128860e-09
7.062687723113776324e-04 2.319394615574798888e-09
7.144469792555517389e-04 2.259053013803017810e-09
7.227198853729638849e-04 2.196936256166397073e-09
7.310885872283591101e-04 2.135394668028046010e-09
7.395541940841035122e-04 2.074377461869661328e-09
7.481178280472162642e-04 2.013530310002971760e-09
7.567806242181033963e-04 1.953268717870808879e-09
7.655437308410150245e-04 1.895284273940829359e-09
7.744083094562404478e-04 1.838866976947743108e-09
7.833755350540749394e-04 1.785142089819686522e-09
7.924465962305569326e-04 1.734457502554221705e-09
8.016226953450207018e-04 1.687013170321465347e-09
8.109050486794647586e-04 1.644186513367387185e-09
8.202948865997692447e-04 1.605887283395287113e-09
8.297934537187796715e-04 1.571933590395828708e-09
8.394020090612802068e-04 1.543444909020608385e-09
8.491218262308720130e-04 1.521012969651636710e-09
8.589541935787945847e-04 1.503991155323130010e-09
8.689004143746880239e-04 1.493672640193122112e-09
8.789618069793462369e-04 1.489893788700265000e-09
8.891397050194613759e-04 1.492651513962236819e-09
8.994354575643935708e-04 1.502200693423045238e-09
9.098504293049911040e-04 1.518547085254630837e-09
9.203860007344779421e-04 1.540883721504091236e-09
9.310435683314336689e-04 1.570013859163273175e-09
9.418245447449010571e-04 1.605028629175429645e-09
9.527303589816240974e-04 1.645555444100913743e-09
9.637624565954682008e-04 1.691886555815181421e-09
9.749222998790226836e-04 1.742747770523502341e-09
9.862113680574266256e-04 1.797210333689008668e-09
9.976311574844392432e-04 1.854887444632484568e-09
1.009183181840779715e-03 1.914992847484571364e-09
1.020868972334764650e-03 1.977021767095384736e-09
1.032690077905264224e-03 2.039168324800737551e-09
1.044648065427020156e-03 2.100868291513471726e-09
1.056744519918323541e-03 2.161395611679708198e-09
1.068981044751116105e-03 2.218948091050738628e-09
1.081359261863509879e-03 2.273259370708808949e-09
1.093880811974775810e-03 2.322360794989741055e-09
1.106547354802818028e-03 2.366550228391211724e-09
1.119360569284169734e-03 2.403978068898740629e-09
1.132322153796529608e-03 2.433747240056526117e-09
1.145433826383887056e-03 2.456071951926963538e-09
1.158697324984239588e-03 2.469955842291816483e-09
1.172114407659961052e-03 2.474776049592522549e-09
1.185686852830827474e-03 2.470690511755050481e-09
1.199416459509744732e-03 2.457334363837625680e-09
1.213305047541206891e-03 2.435025448559077237e-09
1.227354457842515364e-03 2.404903679034449124e-09
1.241566552647784894e-03 2.366985747705689048e-09
1.255943215754790803e-03 2.322969306504373940e-09
1.270486352774652947e-03 2.271498816799189444e-09
1.285197891384432054e-03 2.216471002345922068e-09
1.300079781582635843e-03 2.159137226444245351e-09
1.315133995947690435e-03 2.099800579578796143e-09
1.330362529899403951e-03 2.040677355881463444e-09
1.345767401963456761e-03 1.983748120459168165e-09
1.361350654038956127e-03 1.930428801433803805e-09
1.377114351669082772e-03 1.882626532423756439e-09
1.393060584314885974e-03 1.841804470276223986e-09
1.409191465632227396e-03 1.809625615198256885e-09
1.425509133751954758e-03 1.786493153503235493e-09
1.442015751563302745e-03 1.774620735667990620e-09
1.458713507000582730e-03 1.773423568309410791e-09
1.475604613333191895e-03 1.783647988413338833e-09
1.492691309458979909e-03 1.804880950887261190e-09
1.509975860201007635e-03 1.837126007104619550e-09
1.527460556607757513e-03 1.878334864831736704e-09
1.545147716256795815e-03 1.927793233484292915e-09
1.563039683561977646e-03 1.983364918933015241e-09
1.581138830084189480e-03 2.043644058970769851e-09
1.599447554845698401e-03 2.105249081294249366e-09
1.617968284648140355e-03 2.166347396956529214e-09
1.636703474394191234e-03 2.223119571693474893e-09
1.655655607412955237e-03 2.275046215412369088e-09
1.674827195789139068e-03 2.317878930674096626e-09
1.694220780696013449e-03 2.351170887710049212e-09
1.713838932732251975e-03 2.372383234252459167e-09
1.733684252262658121e-03 2.380094648236588692e-09
1.753759369762839405e-03 2.374733384595254541e-09
1.774066946167876394e-03 2.355352293312416850e-09
1.794609673225024300e-03 2.324093331256476320e-09
1.815390273850506784e-03 2.281920921585702627e-09
1.836411502490422785e-03 2.231090273119495537e-09
1.857676145485863536e-03 2.174551743616172662e-09
1.879187021442221524e-03 2.115428987289534948e-09
1.900946981602806129e-03 2.056565918573934921e-09
1.922958910226767659e-03 2.003425866668183892e-09
1.945225724971402217e-03 1.957206369765988400e-09
1.967750377278885965e-03 1.922810735747305951e-09
1.990535852767486274e-03 1.901369334038864576e-09
2.013585171627295303e-03 1.895241061532360697e-09
2.036901389020564709e-03 1.904911908115304357e-09
2.060487595486651478e-03 1.930078058635080087e-09
2.084346917351677202e-03 1.968315636015619570e-09
2.108482517142910590e-03 2.018276141738347720e-09
2.132897594007962527e-03 2.075628247219012222e-09
2.157595384138824915e-03 2.136614623839851018e-09
2.182579161200830058e-03 2.196384063494797670e-09
2.207852236766562250e-03 2.250391876868732008e-09
2.233417960754816977e-03 2.293745533039904888e-09
2.259279721874612491e-03 2.323367786642047782e-09
2.285440948074375211e-03 2.336291309920497860e-09
2.311905106996301092e-03 2.331239444335218325e-09
2.338675706435990129e-03 2.308610080418341112e-09
2.365756294807400822e-03 2.270506635820072911e-09
2.393150461613189652e-03 2.220299988722058099e-09
2.420861837920496723e-03 2.162743480243517952e-09
2.448894096842230052e-03 2.103491244856815662e-09
2.477250954023952137e-03 2.048534788973638633e-09
2.505936168136361879e-03 2.003719052489003721e-09
2.534953541373521912e-03 1.973911778363513661e-09
2.564306919956823531e-03 1.962737284731734564e-09
2.594000194644804132e-03 1.971879246475142894e-09
2.624037301248860997e-03 1.999765587817747424e-09
2.654422221154941613e-03 2.044518270778686564e-09
2.685158981851263043e-03 2.100226030817585928e-09
2.716251657462167429e-03 2.160801265699757134e-09
2.747704369288123637e-03 2.218614785278058592e-09
2.779521286352018561e-03 2.266509266146154482e-09
2.811706625951745052e-03 2.298467562173779067e-09
2.844264654219206146e-03 2.309676010854905267e-09
2.877199686685782878e-03 2.298488523619363113e-09
2.910516088854357610e-03 2.266723459695473367e-09
2.944218276777944496e-03 2.218218721707124081e-09
2.978310717645054565e-03 2.160547058216631359e-09
3.012797930371789810e-03 2.101727935776431369e-09
3.047684486200846234e-03 2.051396417620782829e-09
3.082975009307410696e-03 2.017121408521413863e-09
3.118674177412095096e-03 2.004844544746360117e-09
3.154786722400964270e-03 2.016853619034271717e-09
3.191317430952740879e-03 2.050901142332703644e-09
3.228271145173277484e-03 2.102765957938223333e-09
3.265652763237360864e-03 2.162555768529159549e-09
3.303467240037981714e-03 2.219948167032352537e-09
3.341719587843073637e-03 2.264431987439802157e-09
3.380414876959908759e-03 2.288043608647866627e-09
3.419558236407145655e-03 2.285519619036132078e-09
3.459154854594680920e-03 2.257407340549500324e-09
3.499209980011365115e-03 2.209508937028664656e-09
3.539728921920690195e-03 2.150325477656069670e-09
3.580717051064509580e-03 2.094331589774066777e-09
3.622179800374952623e-03 2.049358833921775784e-09
3.664122665694521767e-03 2.034580631076855085e-09
3.706551206504587938e-03 2.040501499699845311e-09
3.749471046662279389e-03 2.080380385444642837e-09
3.792887875145917968e-03 2.133257660157381091e-09
3.836807446809093001e-03 2.194281571229397350e-09
3.881235583143459542e-03 2.244628931838857990e-09
3.926178173050358551e-03 2.269327293767147377e-09
3.971641173621410364e-03 2.265998603250366306e-09
4.017630610928087966e-03 2.240619336870418421e-09
4.064152580820497296e-03 2.187703988156912135e-09
4.111213249735355506e-03 2.128906462093175775e-09
4.158818855513353625e-03 2.075008342593257440e-09
4.206975708225972610e-03 2.053775320316341734e-09
4.255690191011878530e-03 2.059283269339254987e-09
4.304968760923003589e-03 2.095942541965791670e-09
4.354817949780402306e-03 2.153338137723516977e-09
4.405244365040072822e-03 2.209043071068367744e-09
4.456254690668728577e-03 2.246016236738048271e-09
4.507855688029784036e-03 2.256351206115027328e-09
4.560054196779547535e-03 2.235443942638383617e-09
4.612857135773812921e-03 2.186771636440268924e-09
4.666271503984951476e-03 2.130667748507855253e-09
4.720304381429616877e-03 2.085415341897560126e-09
4.774962930107178559e-03 2.066537708185920243e-09
4.830254394949069947e-03 2.086885603561456589e-09
4.886186104779055052e-03 2.134726636164152624e-09
4.942765473284694427e-03 2.191844131752156044e-09
4.999999999999999237e-03 2.237264999210249442e-09
5.057897271299490252e-03 2.252215073079020251e-09
5.116464961403772820e-03 2.227810399423140894e-09
5.175710833396719723e-03 2.174076672618314763e-09
5.235642740254497010e-03 2.116676575556008390e-09
5.296268625886442309e-03 2.079857809147844175e-09
5.357596526188034176e-03 2.082883696802887467e-09
5.419634570106018380e-03 2.121398767405643792e-09
5.482390980715924449e-03 2.179514529053584787e-09
5.545874076312003707e-03 2.229639035212597523e-09
5.610092271509814314e-03 2.241742559196202113e-09
5.675054078361577332e-03 2.214842850124694017e-09
5.740768107484413990e-03 2.158988924846218310e-09
5.807243069201712196e-03 2.106441460789084300e-09
5.874487774697644861e-03 2.081503037785099621e-09
5.942511137185094161e-03 2.106442549184039682e-09
6.011322173087065013e-03 2.159167544314978878e-09
6.080930003231838424e-03 2.214096567208738019e-09
6.151343854061904620e-03 2.236902048868585079e-09
6.222573058856926617e-03 2.210708270878956387e-09
6.294627058970836582e-03 2.155422672676290853e-09
6.367515405083306983e-03 2.106141791817776793e-09
6.441247758465666780e-03 2.091967654446294150e-09
6.515833892261499449e-03 2.123764773339197093e-09
6.591283692782035596e-03 2.181575406628739235e-09
6.667607160816618576e-03 2.224113021381351811e-09
6.744814412958263956e-03 2.217041377251537704e-09
6.822915682944625040e-03 2.171366414850865512e-09
6.901921323014425201e-03 2.117269694356669022e-09
6.981841805279687466e-03 2.093455972351757576e-09
7.062687723113770036e-03 2.124173814732727452e-09
7.144469792555516521e-03 2.180875086448305928e-09
7.227198853729639716e-03 2.218939908945451429e-09
7.310885872283590450e-03 2.206018159392534969e-09
7.395541940841034688e-03 2.154221458178212788e-09
7.481178280472170448e-03 2.107135482607558204e-09
7.567806242181043287e-03 2.106273278335444330e-09
7.655437308410150896e-03 2.153272042538246659e-09
7.744083094562405345e-03 2.203311889876666809e-09
7.833755350540741805e-03 2.211494761998041420e-09
7.924465962305568892e-03 2.164544173401582799e-09
8.016226953450207235e-03 2.113615309454757262e-09
8.109050486794647586e-03 2.104616621270010880e-09
8.202948865997691796e-03 2.150610266959077732e-09
8.297934537187804521e-03 2.200490196213717003e-09
8.394020090612802285e-03 2.204870321990139309e-09
8.491218262308719913e-03 2.153149443018019069e-09
8.589541935787937607e-03 2.108864461515804037e-09
8.689004143746880890e-03 2.117394796801865130e-09
8.789618069793463453e-03 2.170270629280703082e-09
8.891397050194612892e-03 2.205054450803077110e-09
8.994354575643934840e-03 2.178858797069876556e-09
9.098504293049919714e-03 2.119126613932382611e-09
9.203860007344778771e-03 2.107120743878179275e-09
9.310435683314336255e-03 2.151712745288138785e-09
9.418245447448998428e-03 2.197178461078501886e-09
9.527303589816240106e-03 2.181615706763738031e-09
9.637624565954681574e-03 2.127477357317820547e-09
9.749222998790225969e-03 2.109222208073463269e-09
9.862113680574265823e-03 2.151361439664872021e-09
9.976311574844402841e-03 2.193704915539445070e-09
1.009183181840780756e-02 2.173420562388534208e-09
1.020868972334764563e-02 2.119275286244511153e-09
1.032690077905264354e-02 2.114193424866197303e-09
1.044648065427019115e-02 2.166691949465148627e-09
1.056744519918323584e-02 2.192868824168781645e-09
1.068981044751115932e-02 2.148770382579164713e-09
1.081359261863509835e-02 2.108287084848059854e-09
1.093880811974775637e-02 2.138427508724247096e-09
1.106547354802819329e-02 2.189784237373673977e-09
1.119360569284169951e-02 2.167324564337539880e-09
1.132322153796529694e-02 2.113431773232317055e-09
1.145433826383886189e-02 2.123936741410227101e-09
1.158697324984239718e-02 2.174753131443755920e-09
1.172114407659961138e-02 2.173194924674274822e-09
1.185686852830827517e-02 2.119645994455785324e-09
1.199416459509744862e-02 2.119811118133301893e-09
1.213305047541208236e-02 2.172633184089289236e-09
1.227354457842515234e-02 2.168543074917867777e-09
1.241566552647785024e-02 2.116589431501770982e-09
1.255943215754789545e-02 2.124123546846447323e-09
1.270486352774653077e-02 2.175369682251145492e-09
1.285197891384432141e-02 2.157478875741649653e-09
1.300079781582635929e-02 2.110269869888220223e-09
1.315133995947690565e-02 2.140977723064668974e-09
1.330362529899405122e-02 2.177489740632699464e-09
1.345767401963458149e-02 2.134214051839642510e-09
1.361350654038956040e-02 2.112472812429968525e-09
1.377114351669082859e-02 2.163078559001198576e-09
1.393060584314884456e-02 2.159568139288557884e-09
1.409191465632227309e-02 2.110672972941325536e-09
1.425509133751954628e-02 2.138478497075550279e-09
1.442015751563302875e-02 2.169929023602088206e-09
1.458713507000582686e-02 2.120907184973799925e-09
1.475604613333193239e-02 2.121254168770705857e-09
1.492691309458979952e-02 2.167591235901292871e-09
1.509975860201007852e-02 2.133043578702571068e-09
1.527460556607755995e-02 2.114112181197522654e-09
1.545147716256795728e-02 2.164082321749505847e-09
1.563039683561977602e-02 2.136540664152155704e-09
1.581138830084189567e-02 2.110987702819919152e-09
1.599447554845698227e-02 2.158579227440088473e-09
1.617968284648142047e-02 2.136698452648754120e-09
1.636703474394191060e-02 2.110989765197594479e-09
1.655655607412955324e-02 2.158357592953582997e-09
1.674827195789137593e-02 2.129854791257126015e-09
1.694220780696013146e-02 2.115446623944219267e-09
1.713838932732252018e-02 2.158139950537274217e-09
1.733684252262658251e-02 2.117598871595862122e-09
1.753759369762839665e-02 2.125157937096211882e-09
1.774066946167878259e-02 2.153211144872340683e-09
1.794609673225026208e-02 2.108775266359252270e-09
1.815390273850506567e-02 2.142541278301408436e-09
1.836411502490422828e-02 2.135031672029559611e-09
1.857676145485861671e-02 2.110964619776343413e-09
1.879187021442221134e-02 2.150471880608065864e-09
1.900946981602805869e-02 2.112692567461054871e-09
1.922958910226767182e-02 2.132484425446548311e-09
1.945225724971402087e-02 2.132496490902224615e-09
1.967750377278887700e-02 2.106541192603621054e-09
1.990535852767486361e-02 2.150105921550203215e-09
2.013585171627295042e-02 2.108162959565117072e-09
2.036901389020562628e-02 2.139611956603402701e-09
2.060487595486651738e-02 2.116464308449065632e-09
2.084346917351677028e-02 2.121737343041278720e-09
2.108482517142910850e-02 2.133711480856816057e-09
2.132897594007962527e-02 2.107157151055147362e-09
2.157595384138826650e-02 2.141021941042227796e-09
2.182579161200829884e-02 2.098179426635871783e-09
2.207852236766562337e-02 2.144585567668798496e-09
2.233417960754814982e-02 2.105121028162120177e-09
2.259279721874613012e-02 2.137923159448959170e-09
2.285440948074375644e-02 2.105767925643625945e-09
2.311905106996301265e-02 2.133602848614370144e-09
2.338675706435990390e-02 2.107051263488734226e-09
2.365756294807403598e-02 2.128997164628403664e-09
2.393150461613192254e-02 2.106345809640375803e-09
2.420861837920496376e-02 2.127390081381263386e-09
2.448894096842230139e-02 2.106598550667225490e-09
2.477250954023949708e-02 2.128014453964627612e-09
2.505936168136362052e-02 2.098994317700331831e-09
2.534953541373521912e-02 2.126051761672412474e-09
2.564306919956823791e-02 2.095159910983324026e-09
2.594000194644804219e-02 2.125447152636128926e-09
2.624037301248863946e-02 2.092148271982457456e-09
2.654422221154941613e-02 2.130404038779965476e-09
2.685158981851263130e-02 2.108617152012472140e-09
2.716251657462164307e-02 2.113854397178291149e-09
2.747704369288124157e-02 2.115036012795376207e-09
2.779521286352018214e-02 2.100857707002431521e-09
2.811706625951744878e-02 2.127211278879289853e-09
2.844264654219206059e-02 2.097319906012682733e-09
2.877199686685785393e-02 2.118099179720668989e-09
2.910516088854357697e-02 2.106037502477599834e-09
2.944218276777944149e-02 2.097620954119729958e-09
2.978310717645051703e-02 2.125903459145190704e-09
3.012797930371789723e-02 2.092626557868944948e-09
3.047684486200846407e-02 2.103172987233957837e-09
3.082975009307410696e-02 2.115355875943751817e-09
3.118674177412095183e-02 2.088592641341758397e-09
3.154786722400967913e-02 2.107500207149141785e-09
3.191317430952744089e-02 2.111799088325130865e-09
3.228271145173277484e-02 2.092358970586691252e-09
3.265652763237360950e-02 2.104089856878081109e-09
3.303467240037977898e-02 2.111194735258023819e-09
3.341719587843073463e-02 2.093149211019741177e-09
3.380414876959908499e-02 2.093642894589708482e-09
3.419558236407146262e-02 2.111738611690266862e-09
3.459154854594680834e-02 2.099960715576051303e-09
3.499209980011368931e-02 2.087481154574117157e-09
3.539728921920690108e-02 2.101734830330449296e-09
3.580717051064509493e-02 2.108625473089609616e-09
3.622179800374948633e-02 2.093220214440340518e-09
3.664122665694521247e-02 2.083530087047980090e-09
3.706551206504588025e-02 2.097218485325202433e-09
3.749471046662278262e-02 2.102907789116377968e-09
3.792887875145917187e-02 2.102487119006490155e-09
3.836807446809096384e-02 2.082326564193262004e-09
3.881235583143458762e-02 2.087446302715295968e-09
3.926178173050358378e-02 2.094597500136350192e-09
3.971641173621406201e-02 2.104074313216443549e-09
4.017630610928087792e-02 2.103032287957446213e-09
4.064152580820496602e-02 2.093424053300839464e-09
4.111213249735355679e-02 2.082001983022567772e-09
4.158818855513353452e-02 2.080248324172456267e-09
4.206975708225977467e-02 2.087373790442348200e-09
4.255690191011882867e-02 2.089491390800957516e-09
4.304968760923003068e-02 2.095863664127157289e-09
4.354817949780401959e-02 2.094963118611520900e-09
4.405244365040068139e-02 2.094488430976512054e-09
4.456254690668728924e-02 2.094500416652349980e-09
4.507855688029784730e-02 2.091285031060546162e-09
4.560054196779547708e-02 2.086655410549560533e-09
4.612857135773813788e-02 2.084825479153431362e-09
4.666271503984956853e-02 2.081440108491052654e-09
4.720304381429617224e-02 2.078717246584047631e-09
4.774962930107178732e-02 2.078674842369414063e-09
4.830254394949064223e-02 2.078031466481131738e-09
4.886186104779054878e-02 2.079146639869700985e-09
4.942765473284694427e-02 2.080404878896606200e-09
4.999999999999998890e-02 2.079001517199997871e-09
5.057897271299490599e-02 2.085086202586339326e-09
5.116464961403772299e-02 2.085324657786360940e-09
5.175710833396719723e-02 2.086860734261364972e-09
5.235642740254497357e-02 2.084990799088482224e-09
5.296268625886442483e-02 2.081850456221361811e-09
5.357596526188034003e-02 2.075322892244606783e-09
5.419634570106018207e-02 2.071805331539276604e-09
5.482390980715924622e-02 2.066031211695921635e-09
5.545874076312004575e-02 2.070902636787507738e-09
5.610092271509820039e-02 2.081606928619384670e-09
5.675054078361576465e-02 2.081438117116096110e-09
5.740768107484413296e-02 2.072258383057642381e-09
5.807243069201711155e-02 2.065745949588833930e-09
5.874487774697651626e-02 2.068589394353621715e-09
5.942511137185093467e-02 2.078025591276738499e-09
6.011322173087065707e-02 2.072556443965780123e-09
6.080930003231838077e-02 2.064122660600921447e-09
6.151343854061905314e-02 2.068798494706190975e-09
6.222573058856927658e-02 2.075628085879762257e-09
6.294627058970836408e-02 2.063950378758177868e-09
6.367515405083307156e-02 2.063141150251011189e-09
6.441247758465666606e-02 2.073874204269507300e-09
6.515833892261499449e-02 2.061361853437711934e-09
6.591283692782035075e-02 2.064431679509692530e-09
6.667607160816618750e-02 2.070099878759928048e-09
6.744814412958265171e-02 2.059515478954795737e-09
6.822915682944626081e-02 2.069341930293794211e-09
6.901921323014426068e-02 2.057913583922446008e-09
6.981841805279687119e-02 2.065910724791164375e-09
7.062687723113769689e-02 2.058683435707038282e-09
7.144469792555516174e-02 2.062227522577536910e-09
7.227198853729638328e-02 2.059430579221699030e-09
7.310885872283590103e-02 2.061915941863639945e-09
7.395541940841034168e-02 2.055170637005698831e-09
7.481178280472169928e-02 2.061890671305382500e-09
7.567806242181042420e-02 2.051384197483159158e-09
7.655437308410149855e-02 2.061381649125565328e-09
7.744083094562403957e-02 2.054889020212617163e-09
7.833755350540749784e-02 2.052289469028232010e-09
7.924465962305569933e-02 2.061065815235261610e-09
8.016226953450207582e-02 2.051158864488588956e-09
8.109050486794647239e-02 2.051141270394133864e-09
8.202948865997691796e-02 2.058408445317021239e-09
8.297934537187805215e-02 2.053678558733584912e-09
8.394020090612801244e-02 2.047471272194186980e-09
8.491218262308719567e-02 2.050511689759525429e-09
8.589541935787936566e-02 2.054799405138406873e-09
8.689004143746879849e-02 2.048854717145216018e-09
8.789618069793463107e-02 2.048890067400911709e-09
8.891397050194613239e-02 2.044789195958676852e-09
8.994354575643936922e-02 2.043313362692540438e-09
9.098504293049920755e-02 2.044313904848576182e-09
9.203860007344781546e-02 2.045961526515751299e-09
9.310435683314335908e-02 2.047203960271885979e-09
9.418245447449000163e-02 2.047540721527945327e-09
9.527303589816239759e-02 2.046358353035288226e-09
9.637624565954681921e-02 2.046217885903555832e-09
9.749222998790225969e-02 2.044692354311964137e-09
9.862113680574265129e-02 2.042548101420591668e-09
9.976311574844401453e-02 2.039289415684430204e-09
1.009183181840780652e-01 2.038108885469022990e-09
1.020868972334764563e-01 2.037488742625251993e-09
1.032690077905264459e-01 2.039091828893731462e-09
1.044648065427020295e-01 2.042305152724633115e-09
1.056744519918323688e-01 2.042163342745990133e-09
1.068981044751115966e-01 2.036955381839883010e-09
1.081359261863509974e-01 2.033819005364816353e-09
1.093880811974775741e-01 2.038112648085464543e-09
1.106547354802819294e-01 2.038205265582705352e-09
1.119360569284169882e-01 2.032631913427182023e-09
1.132322153796529590e-01 2.035769861004518715e-09
1.145433826383886050e-01 2.034676441038572937e-09
1.158697324984239579e-01 2.031407917201983779e-09
1.172114407659961138e-01 2.035685475563521169e-09
1.185686852830827587e-01 2.029454726631043121e-09
1.199416459509744792e-01 2.035011735830468202e-09
1.213305047541208270e-01 2.028575143359177883e-09
1.227354457842515373e-01 2.032841948433111040e-09
1.241566552647785093e-01 2.028925419370739938e-09
1.255943215754789510e-01 2.027929558870198411e-09
1.270486352774652938e-01 2.031551737742090966e-09
1.285197891384432245e-01 2.026010370549084466e-09
1.300079781582635929e-01 2.024989609769086921e-09
1.315133995947690426e-01 2.028876830929668570e-09
1.330362529899405399e-01 2.027821985050255550e-09
1.345767401963458010e-01 2.023840488925058760e-09
1.361350654038956109e-01 2.020906127304357071e-09
1.377114351669082859e-01 2.021157956036928560e-09
1.393060584314886052e-01 2.022652609027363073e-09
1.409191465632227414e-01 2.023152344205908671e-09
1.425509133751954594e-01 2.022514099642740634e-09
1.442015751563302528e-01 2.022222428927844825e-09
1.458713507000582721e-01 2.020677589289388484e-09
1.475604613333193205e-01 2.019348335358795161e-09
1.492691309458979987e-01 2.016755648335042003e-09
1.509975860201007714e-01 2.016159300779604470e-09
1.527460556607755926e-01 2.017464601922096013e-09
1.545147716256795867e-01 2.019863320887990791e-09
1.563039683561977533e-01 2.016930644340557824e-09
1.581138830084189428e-01 2.013445945199132918e-09
1.599447554845698227e-01 2.017336870383205377e-09
1.617968284648141908e-01 2.015106492058058824e-09
1.636703474394191060e-01 2.011941465540988729e-09
1.655655607412955255e-01 2.014938761351029886e-09
1.674827195789137801e-01 2.009717421567863826e-09
1.694220780696013284e-01 2.013721770455602165e-09
1.713838932732252018e-01 2.009702782094072008e-09
1.733684252262658043e-01 2.010312978832459689e-09
1.753759369762839249e-01 2.013042155889123716e-09
1.774066946167878189e-01 2.006830425075008653e-09
1.794609673225026625e-01 2.007377884439712250e-09
1.815390273850506775e-01 2.009356345979856575e-09
1.836411502490422898e-01 2.009625883200841624e-09
1.857676145485863684e-01 2.007761698735677002e-09
1.879187021442221273e-01 2.005524542229151122e-09
1.900946981602806007e-01 2.004409938401180903e-09
1.922958910226767459e-01 2.004205342093132535e-09
1.945225724971401948e-01 2.003945214502517633e-09
1.967750377278887908e-01 2.004664894726299968e-09
1.990535852767486291e-01 2.005225427649280316e-09
2.013585171627295112e-01 2.002200213744330524e-09
2.036901389020562836e-01 1.999835571512943850e-09
2.060487595486651669e-01 1.999996747863184771e-09
2.084346917351677098e-01 2.001526030771930025e-09
2.108482517142910850e-01 1.997567527937401690e-09
2.132897594007962250e-01 1.999615195977593860e-09
2.157595384138826511e-01 1.996202610254193055e-09
2.182579161200829954e-01 1.999206516624146852e-09
2.207852236766562337e-01 1.994763578431627580e-09
2.233417960754814358e-01 1.996920619370456036e-09
2.259279721874612734e-01 1.996991421361021748e-09
2.285440948074375922e-01 1.993847683192494166e-09
2.311905106996301196e-01 1.992343525696141198e-09
2.338675706435990043e-01 1.992270185553466221e-09
2.365756294807403459e-01 1.992534107758197284e-09
2.393150461613192115e-01 1.992025166411258287e-09
2.420861837920496862e-01 1.990413340999582366e-09
2.448894096842230417e-01 1.989499879595809866e-09
2.477250954023952345e-01 1.988352244647675277e-09
2.505936168136362330e-01 1.989508200835501154e-09
2.534953541373521912e-01 1.990246355733892656e-09
2.564306919956823583e-01 1.986918514364236945e-09
2.594000194644804358e-01 1.991921259064414175e-09
2.624037301248863807e-01 1.986104261959388988e-09
2.654422221154941752e-01 1.986884737153310541e-09
2.685158981851262783e-01 1.984251741269904990e-09
2.716251657462164792e-01 1.986169498975795123e-09
2.747704369288123671e-01 1.984227659806930049e-09
2.779521286352018006e-01 1.982151452077376295e-09
2.811706625951744809e-01 1.981142219982041092e-09
2.844264654219206268e-01 1.980948684080079727e-09
2.877199686685785740e-01 1.980518491558297635e-09
2.910516088854357419e-01 1.979868387345073426e-09
2.944218276777944010e-01 1.978160438922580726e-09
2.978310717645051287e-01 1.979242657020557619e-09
3.012797930371790001e-01 1.981076644195391692e-09
3.047684486200846199e-01 1.976813135548957098e-09
3.082975009307410419e-01 1.978584908095730306e-09
3.118674177412095183e-01 1.976775399473185267e-09
3.154786722400967358e-01 1.977086468015414249e-09
3.191317430952744227e-01 1.973995978418068661e-09
3.228271145173277623e-01 1.975073350418165977e-09
3.265652763237361089e-01 1.975415467242914035e-09
3.303467240037981645e-01 1.973757940907132934e-09
3.341719587843073880e-01 1.973644192584178896e-09
3.380414876959909054e-01 1.973620019721121165e-09
3.419558236407145846e-01 1.972428887039855802e-09
3.459154854594680417e-01 1.970943375395984656e-09
3.499209980011368515e-01 1.967952855847668235e-09
3.539728921920690108e-01 1.970758788400000788e-09
3.580717051064509771e-01 1.968735433280215819e-09
3.622179800374948910e-01 1.970115726030927293e-09
3.664122665694521941e-01 1.966601752968270990e-09
3.706551206504588025e-01 1.966937924733298765e-09
3.749471046662278817e-01 1.962187276593625265e-09
3.792887875145917742e-01 1.966356848166034754e-09
3.836807446809096245e-01 1.965005495907829804e-09
3.881235583143459178e-01 1.965184772073269043e-09
3.926178173050358100e-01 1.963379538288554953e-09
3.971641173621405785e-01 1.961045425567178881e-09
4.017630610928087931e-01 1.962573132390064618e-09
4.064152580820497018e-01 1.961197145569342015e-09
4.111213249735355402e-01 1.962021683220157723e-09
4.158818855513353729e-01 1.958493366485260613e-09
4.206975708225977328e-01 1.958761663489996515e-09
4.255690191011883838e-01 1.959352419981645159e-09
4.304968760923002513e-01 1.958763861841262060e-09
4.354817949780402375e-01 1.957472627921318896e-09
4.405244365040071886e-01 1.952854782092153313e-09
4.456254690668728924e-01 1.955586056138207316e-09
4.507855688029784313e-01 1.956333378275980828e-09
4.560054196779547708e-01 1.953784594484437913e-09
4.612857135773817951e-01 1.954489598295640893e-09
4.666271503984956714e-01 1.953664011334260867e-09
4.720304381429616947e-01 1.952675506631500493e-09
4.774962930107178871e-01 1.952043270965104398e-09
4.830254394949065055e-01 1.951371582156552978e-09
4.886186104779055572e-01 1.951335932263613526e-09
4.942765473284694844e-01 1.949988494548087471e-09
5.000000000000000000e-01 1.949396614737148705e-09
5.235642740254496941e-01 1.946086963013504120e-09
5.482390980715925455e-01 1.943189276706930997e-09
5.740768107484413019e-01 1.940717568936214739e-09
6.011322173087064735e-01 1.940340013173522038e-09
6.294627058970835298e-01 1.936215315013744097e-09
6.591283692782035075e-01 1.933919622494748438e-09
6.901921323014423848e-01 1.930213713519971434e-09
7.227198853729638328e-01 1.929429473702180361e-09
7.567806242181041032e-01 1.925997307402008480e-09
7.924465962305566880e-01 1.922582679444426354e-09
8.297934537187803272e-01 1.920164095223516876e-09
8.689004143746876796e-01 1.918066590907695151e-09
9.098504293049917147e-01 1.914253270267120577e-09
9.527303589816237261e-01 1.914614434078592634e-09
9.976311574844398677e-01 1.909892567512492929e-09
1.044648065427019601e+00 1.906581045937934977e-09
1.093880811974776268e+00 1.902562051908980162e-09
1.145433826383886355e+00 1.901930705707909445e-09
1.199416459509745181e+00 1.898618875157646830e-09
1.255943215754790065e+00 1.896162930937544930e-09
1.315133995947690870e+00 1.890755351866887871e-09
1.377114351669083137e+00 1.890604332995726530e-09
1.442015751563303194e+00 1.888098701422922008e-09
1.509975860201008047e+00 1.885210268804375886e-09
1.581138830084189539e+00 1.883628348330665492e-09
1.655655607412955588e+00 1.879583141026556126e-09
1.733684252262658099e+00 1.877308972758389847e-09
1.815390273850506775e+00 1.875482371522703675e-09
1.900946981602805730e+00 1.873086839882331259e-09
1.990535852767486125e+00 1.869958355860572897e-09
2.084346917351676876e+00 1.866659944062944890e-09
2.182579161200830065e+00 1.864499709804120812e-09
2.285440948074374923e+00 1.860837695051437737e-09
2.393150461613192004e+00 1.860745279932994519e-09
2.505936168136361886e+00 1.856639934606627778e-09
2.624037301248862697e+00 1.848977539437056610e-09
2.747704369288122450e+00 1.849131051847929685e-09
2.877199686685784741e+00 1.849190547188872463e-09
3.012797930371788890e+00 1.845581974399145680e-09
3.154786722400966248e+00 1.842993582792476223e-09
3.303467240037980091e+00 1.841097097094588159e-09
3.459154854594682860e+00 1.838458697730296302e-09
3.622179800374950798e+00 1.844479714612959189e-09
3.792887875145919629e+00 1.832776014010434201e-09
3.971641173621408338e+00 1.830756040069228537e-09
4.158818855513356283e+00 1.828458504949389337e-09
4.354817949780404263e+00 1.826094863491154225e-09
4.560054196779547375e+00 1.822530765345401991e-09
4.774962930107178316e+00 1.820455769743062724e-09
5.000000000000000000e+00 1.817744349979581576e-09
6.294627058970836408e+00 1.804807137625688453e-09
7.924465962305567324e+00 1.793108965395828945e-09
9.976311574844396901e+00 1.778370332542879300e-09
1.255943215754790110e+01 1.764335777046036857e-09
1.581138830084189273e+01 1.753238210131055523e-09
1.990535852767486347e+01 1.739231640187015885e-09
2.505936168136361886e+01 1.727770251476935738e-09
3.154786722400966426e+01 1.715744088104055851e-09
3.971641173621406296e+01 1.702708685825126559e-09
4.999999999999999289e+01 1.689582930448718490e-09
