3.012797930371790636e-05 1.500491766133787325e-13
3.082975009307410534e-05 4.391769266464590802e-13
3.154786722400964650e-05 1.926938827476197066e-12
3.228271145173280656e-05 4.675650768093118845e-12
3.303467240037981687e-05 8.747323551962977102e-12
3.380414876959908759e-05 1.422476993374161900e-11
3.459154854594680595e-05 2.117117021341294675e-11
3.539728921920685885e-05 2.967318753379410292e-11
3.622179800374952406e-05 3.982441233625222640e-11
3.706551206504588155e-05 5.169287016764802976e-11
3.792887875145917236e-05 6.540798708400346575e-11
3.881235583143463039e-05 8.098377803663188501e-11
3.971641173621410364e-05 9.860122714038855536e-11
4.064152580820496591e-05 1.182720418622653017e-10
4.158818855513353842e-05 1.402065082945445148e-10
4.255690191011878395e-05 1.643412359440980880e-10
4.354817949780398050e-05 1.908560863634049255e-10
4.456254690668729390e-05 2.197671692436505423e-10
4.560054196779547508e-05 2.512338425314023864e-10
4.666271503984952289e-05 2.852084234127373965e-10
4.774962930107183736e-05 3.217745773040156193e-10
4.886186104779054808e-05 3.611142988437986649e-10
4.999999999999998884e-05 4.028347245852362350e-10
5.057897271299490442e-05 4.247087474269667021e-10
5.116464961403767209e-05 4.473157281321198486e-10
5.175710833396714221e-05 4.705121370204768027e-10
5.235642740254491318e-05 4.941668282849009739e-10
5.296268625886447866e-05 5.187254348593616761e-10
5.357596526188034176e-05 5.437862983616621941e-10
5.419634570106018624e-05 5.694534583144839889e-10
5.482390980715924394e-05 5.956378976639599303e-10
5.545874076312003680e-05 6.225900446702364992e-10
5.610092271509813691e-05 6.498797861274524557e-10
5.675054078361570665e-05 6.778473317922030036e-10
5.740768107484407919e-05 7.061466257045246647e-10
5.807243069201718186e-05 7.350505745196481919e-10
5.874487774697651393e-05 7.642929500570677735e-10
5.942511137185093809e-05 7.941264060945637868e-10
6.011322173087064200e-05 8.242573126145748304e-10
6.080930003231838695e-05 8.543734212188720896e-10
6.151343854061905325e-05 8.851149704509042884e-10
6.222573058856921034e-05 9.160725895724683710e-10
6.294627058970830402e-05 9.470310705492020141e-10
6.367515405083314138e-05 9.783231889818113197e-10
6.441247758465673719e-05 1.009688288543047793e-09
6.515833892261499124e-05 1.040812855305976018e-09
6.591283692782035650e-05 1.071997327466185431e-09
6.667607160816619769e-05 1.103316666358215473e-09
6.744814412958265366e-05 1.134500912041819533e-09
6.822915682944618535e-05 1.164648639105482384e-09
6.901921323014417829e-05 1.195391658119298684e-09
6.981841805279679497e-05 1.225159694890357750e-09
7.062687723113775782e-05 1.254585280465522537e-09
7.144469792555517389e-05 1.283294045404913335e-09
7.227198853729638578e-05 1.311261095218782341e-09
7.310885872283590017e-05 1.338881698240709422e-09
7.395541940841035122e-05 1.365315904423331919e-09
7.481178280472162371e-05 1.391147057996379166e-09
7.567806242181034505e-05 1.415946707764535587e-09
7.655437308410142656e-05 1.439937500624348194e-09
7.744083094562412067e-05 1.461320732756331879e-09
7.833755350540748852e-05 1.482591086459619458e-09
7.924465962305569597e-05 1.501785244395632123e-09
8.016226953450208102e-05 1.519602672714656749e-09
8.109050486794647857e-05 1.535735977138385415e-09
8.202948865997692718e-05 1.550789087569087258e-09
8.297934537187796715e-05 1.563511751400761143e-09
8.394020090612792852e-05 1.574371734538087031e-09
8.491218262308728262e-05 1.583391575014120319e-09
8.589541935787945305e-05 1.589951568377433156e-09
8.689004143746881595e-05 1.595163065457698891e-09
8.789618069793464267e-05 1.598163124487449066e-09
8.891397050194613488e-05 1.599196880566475387e-09
8.994354575643936521e-05 1.597392435083662487e-09
9.098504293049911853e-05 1.593386098311052092e-09
9.203860007344770748e-05 1.587537031115094354e-09
9.310435683314326931e-05 1.578883237403538156e-09
9.418245447449009216e-05 1.568418296299585944e-09
9.527303589816239347e-05 1.556337071677217054e-09
9.637624565954680924e-05 1.540488263995077451e-09
9.749222998790225210e-05 1.523320199406642388e-09
9.862113680574265443e-05 1.504186229328884289e-09
9.976311574844392432e-05 1.482938343327299994e-09
1.009183181840780691e-04 1.459951464325449638e-09
1.020868972334764650e-04 1.435355327472546096e-09
1.032690077905264333e-04 1.408638380551023292e-09
1.044648065427019099e-04 1.380466297254297982e-09
1.056744519918323676e-04 1.351582490845159515e-09
1.068981044751116051e-04 1.321272860640314980e-09
1.081359261863509824e-04 1.290083753396075733e-09
1.093880811974775783e-04 1.257984923407009942e-09
1.106547354802819166e-04 1.226151925008854910e-09
1.119360569284169843e-04 1.194223179259385222e-09
1.132322153796529580e-04 1.161684648053439599e-09
1.145433826383886026e-04 1.130108309671370301e-09
1.158697324984239615e-04 1.099390848055039397e-09
1.172114407659961296e-04 1.069809244291542033e-09
1.185686852830827555e-04 1.041549489084750077e-09
1.199416459509744813e-04 1.015461491159855849e-09
1.213305047541207216e-04 9.908263411603942042e-10
1.227354457842515364e-04 9.689970561692258713e-10
1.241566552647784948e-04 9.497826843192573113e-10
1.255943215754789502e-04 9.336934547582646280e-10
1.270486352774653110e-04 9.210027131931972680e-10
1.285197891384432108e-04 9.120894373275232547e-10
1.300079781582635788e-04 9.070164892293964885e-10
1.315133995947690435e-04 9.059448844220257681e-10
1.330362529899403897e-04 9.093036919493819639e-10
1.345767401963458333e-04 9.170270983429775201e-10
1.361350654038956344e-04 9.293042172992971423e-10
1.377114351669082826e-04 9.462714984428268546e-10
1.393060584314884456e-04 9.679601788383329946e-10
1.409191465632227234e-04 9.942382218050927675e-10
1.425509133751954596e-04 1.024888757551587389e-09
1.442015751563302474e-04 1.059886762327794386e-09
1.458713507000582675e-04 1.098933155008262026e-09
1.475604613333193142e-04 1.141951091797199877e-09
1.492691309458979746e-04 1.188181763043435193e-09
1.509975860201007907e-04 1.237356354388074894e-09
1.527460556607755941e-04 1.289245088117821773e-09
1.545147716256795760e-04 1.343068595481776916e-09
1.563039683561977700e-04 1.397999957998158975e-09
1.581138830084189426e-04 1.453707099407735625e-09
1.599447554845698401e-04 1.509539937902363730e-09
1.617968284648140247e-04 1.564543471144421341e-09
1.636703474394191234e-04 1.618010454494521032e-09
1.655655607412955237e-04 1.669062070737617158e-09
1.674827195789137550e-04 1.717245967121310425e-09
1.694220780696013395e-04 1.761490606318764528e-09
1.713838932732251867e-04 1.800954544290476060e-09
1.733684252262658175e-04 1.835383575003197908e-09
1.753759369762839622e-04 1.864257908347980862e-09
1.774066946167876340e-04 1.885966502980323448e-09
1.794609673225026631e-04 1.901793067916863223e-09
1.815390273850506729e-04 1.910463222682749707e-09
1.836411502490422785e-04 1.911592082850245368e-09
1.857676145485863753e-04 1.905327105301261147e-09
1.879187021442221307e-04 1.892162852127764018e-09
1.900946981602805912e-04 1.871579998087475151e-09
1.922958910226767171e-04 1.844765755723659001e-09
1.945225724971401946e-04 1.812622030848086815e-09
1.967750377278885748e-04 1.774870706727462723e-09
1.990535852767486220e-04 1.732578032848367426e-09
2.013585171627295032e-04 1.687642248051359418e-09
2.036901389020562758e-04 1.640626135429800563e-09
2.060487595486651640e-04 1.593267065103965100e-09
2.084346917351676985e-04 1.546417894544441809e-09
2.108482517142910915e-04 1.501475275386868457e-09
2.132897594007962310e-04 1.460773680339752408e-09
2.157595384138824807e-04 1.424687407625855375e-09
2.182579161200830003e-04 1.394968702266985653e-09
2.207852236766562250e-04 1.372705821903383638e-09
2.233417960754814700e-04 1.358887387966616764e-09
2.259279721874612654e-04 1.354253351680118787e-09
2.285440948074375482e-04 1.359117496106929647e-09
2.311905106996301417e-04 1.374114098484777986e-09
2.338675706435990400e-04 1.398904710535666128e-09
2.365756294807401202e-04 1.432908879090426142e-09
2.393150461613192416e-04 1.475890561532415747e-09
2.420861837920496940e-04 1.525773660722008903e-09
2.448894096842230486e-04 1.582320341399603696e-09
2.477250954023952571e-04 1.643182037757452660e-09
2.505936168136362096e-04 1.706050445345796583e-09
2.534953541373521587e-04 1.769474243277067653e-09
2.564306919956823639e-04 1.831170146044749504e-09
2.594000194644803916e-04 1.887868301932347979e-09
2.624037301248860888e-04 1.938547281865247998e-09
2.654422221154941939e-04 1.980529699207668809e-09
2.685158981851263043e-04 2.012505401927247172e-09
2.716251657462165044e-04 2.032695351112653451e-09
2.747704369288123854e-04 2.040805643816229730e-09
2.779521286352018127e-04 2.036259305257768362e-09
2.811706625951744943e-04 2.018947364542860382e-09
2.844264654219205712e-04 1.990271174509562915e-09
2.877199686685782661e-04 1.951580336899072207e-09
2.910516088854357393e-04 1.904671564519131830e-09
2.944218276777944170e-04 1.852105001944188133e-09
2.978310717645051204e-04 1.797228420443958381e-09
3.012797930371790027e-04 1.742670808200672095e-09
3.047684486200846234e-04 1.692502053180635321e-09
3.082975009307410263e-04 1.649728302603048388e-09
3.118674177412095313e-04 1.616672692264640141e-09
3.154786722400964379e-04 1.596087237965841822e-09
3.191317430952743915e-04 1.590411363150034416e-09
3.228271145173277267e-04 1.600106027464233232e-09
3.265652763237360972e-04 1.624010137218324841e-09
3.303467240037981823e-04 1.663150287101995306e-09
3.341719587843073962e-04 1.713728020558816034e-09
3.380414876959908759e-04 1.773798783868554111e-09
3.419558236407145655e-04 1.839438058815704269e-09
3.459154854594681137e-04 1.906074522013085147e-09
3.499209980011365223e-04 1.969462927277234474e-09
3.539728921920690086e-04 2.024641600134211133e-09
3.580717051064509905e-04 2.068366369605568566e-09
3.622179800374948611e-04 2.096792944204405219e-09
3.664122665694521551e-04 2.107660608118344191e-09
3.706551206504588155e-04 2.101163126442190198e-09
3.749471046662278739e-04 2.076574214487426217e-09
3.792887875145917100e-04 2.036711627571866437e-09
3.836807446809091808e-04 1.985474401553534036e-09
3.881235583143459109e-04 1.927565462636593363e-09
3.926178173050358226e-04 1.868642456232632442e-09
3.971641173621406028e-04 1.814474722828822633e-09
4.017630610928087857e-04 1.771292641292895669e-09
4.064152580820496862e-04 1.743454024124975936e-09
4.111213249735355181e-04 1.734443837028677701e-09
4.158818855513353300e-04 1.746169769585667701e-09
4.206975708225972935e-04 1.777855514197450011e-09
4.255690191011882867e-04 1.827123243077180899e-09
4.304968760923003155e-04 1.889041459018288621e-09
4.354817949780401981e-04 1.957302023428898719e-09
4.405244365040072822e-04 2.023580791031432764e-09
4.456254690668728577e-04 2.081450045409428530e-09
4.507855688029784470e-04 2.123842094820675830e-09
4.560054196779547643e-04 2.145698233795326250e-09
4.612857135773813463e-04 2.144209282275028009e-09
4.666271503984952018e-04 2.120049387513963993e-09
4.720304381429617636e-04 2.076512178002224911e-09
4.774962930107178993e-04 2.019807095910326597e-09
4.830254394949064960e-04 1.957707879496781284e-09
4.886186104779055486e-04 1.900415842023014548e-09
4.942765473284694211e-04 1.855860090381578032e-09
4.999999999999999020e-04 1.832561217276806015e-09
5.057897271299491120e-04 1.834048143244787258e-09
5.116464961403766531e-04 1.861361926727088459e-09
5.175710833396719507e-04 1.910933506304895136e-09
5.235642740254497010e-04 1.975286381490293377e-09
5.296268625886442309e-04 2.044502559638345832e-09
5.357596526188034176e-04 2.107225928532343196e-09
5.419634570106019031e-04 2.152885375156944877e-09
5.482390980715924666e-04 2.173394965829791369e-09
5.545874076312004358e-04 2.165199656994659340e-09
5.610092271509814097e-04 2.130384707373574098e-09
5.675054078361570394e-04 2.075647412129833538e-09
5.740768107484413340e-04 2.015713611005040589e-09
5.807243069201711546e-04 1.954041066954210986e-09
5.874487774697650716e-04 1.911852761069973074e-09
5.942511137185093944e-04 1.897273511177465263e-09
6.011322173087063929e-04 1.914272711296931647e-09
6.080930003231838424e-04 1.959727548215765482e-09
6.151343854061905054e-04 2.022154204609427347e-09
6.222573058856920762e-04 2.092381188364690702e-09
6.294627058970836365e-04 2.151533736378489568e-09
6.367515405083307633e-04 2.188429364185724671e-09
6.441247758465673719e-04 2.188540224563928209e-09
6.515833892261498582e-04 2.156552939123885687e-09
6.591283692782036463e-04 2.101643482075112006e-09
6.667607160816619227e-04 2.039002797991577921e-09
6.744814412958264824e-04 1.980519367181941224e-09
6.822915682944617451e-04 1.950958626696396919e-09
6.901921323014424334e-04 1.956067052661452524e-09
6.981841805279687899e-04 1.993119434108213175e-09
7.062687723113776324e-04 2.058406962417455018e-09
7.144469792555517389e-04 2.123646087527188596e-09
7.227198853729638849e-04 2.178755256785205160e-09
7.310885872283591101e-04 2.204411054988640418e-09
7.395541940841035122e-04 2.185884623046754979e-09
7.481178280472162642e-04 2.139106163289038783e-09
7.567806242181033963e-04 2.074920106406828315e-09
7.655437308410150245e-04 2.016859532096838102e-09
7.744083094562404478e-04 1.990433543159889676e-09
7.833755350540749394e-04 1.996583955358390978e-09
7.924465962305569326e-04 2.044557552260146806e-09
8.016226953450207018e-04 2.113012543984854164e-09
8.109050486794647586e-04 2.176335270913490887e-09
8.202948865997692447e-04 2.212833677708784515e-09
8.297934537187796715e-04 2.204250250966925943e-09
8.394020090612802068e-04 2.153771514238057390e-09
8.491218262308720130e-04 2.088981107198690134e-09
8.589541935787945847e-04 2.034100899419680392e-09
8.689004143746880239e-04 2.015869695824022824e-09
8.789618069793463453e-04 2.042684942943659010e-09
8.891397050194612675e-04 2.106838188035684416e-09
8.994354575643935708e-04 2.171101897461841232e-09
9.098504293049911040e-04 2.212455510334597954e-09
9.203860007344780506e-04 2.209830257953855358e-09
9.310435683314336689e-04 2.162096036919990041e-09
9.418245447449009487e-04 2.094184593285350746e-09
9.527303589816240974e-04 2.047506996455974826e-09
9.637624565954683092e-04 2.044785298023697267e-09
9.749222998790226836e-04 2.086674108940770099e-09
9.862113680574266256e-04 2.158721169434061437e-09
9.976311574844392432e-04 2.210065272321621998e-09
1.009183181840779715e-03 2.219520802742930136e-09
1.020868972334764650e-03 2.178011306111294334e-09
1.032690077905264224e-03 2.115859254157421277e-09
1.044648065427020156e-03 2.061781382177748419e-09
1.056744519918323541e-03 2.065000043189977339e-09
1.068981044751116105e-03 2.116736915692692917e-09
1.081359261863509879e-03 2.185843966409337252e-09
1.093880811974775810e-03 2.224642907737301842e-09
1.106547354802818028e-03 2.205448032673446274e-09
1.119360569284169734e-03 2.145705207604941953e-09
1.132322153796529608e-03 2.087372692255367693e-09
1.145433826383887056e-03 2.075880852769395245e-09
1.158697324984239588e-03 2.120121072604263103e-09
1.172114407659961052e-03 2.190442453144272422e-09
1.185686852830827474e-03 2.220106067607564712e-09
1.199416459509744732e-03 2.213267302345594825e-09
1.213305047541206891e-03 2.136132808530797004e-09
1.227354457842515364e-03 2.092717447959647144e-09
1.241566552647784894e-03 2.102261330299201223e-09
1.255943215754790803e-03 2.153292688582704504e-09
1.270486352774652947e-03 2.219044314419287065e-09
1.285197891384432054e-03 2.222954380718063631e-09
1.300079781582635843e-03 2.168465598666056597e-09
1.315133995947690435e-03 2.121038828970837503e-09
1.330362529899403951e-03 2.104418168132564880e-09
1.345767401963456761e-03 2.158834823658515671e-09
1.361350654038956127e-03 2.223032757480989585e-09
1.377114351669082772e-03 2.222913461322327449e-09
1.393060584314885974e-03 2.163560141606456017e-09
1.409191465632227396e-03 2.110762740266644631e-09
1.425509133751954758e-03 2.122949140249178947e-09
1.442015751563302745e-03 2.187189643992724531e-09
1.458713507000582730e-03 2.233206313486876771e-09
1.475604613333191895e-03 2.201971866849708955e-09
1.492691309458979909e-03 2.138602823714141646e-09
1.509975860201007635e-03 2.117872975011495293e-09
1.527460556607757513e-03 2.169469265257354385e-09
1.545147716256795815e-03 2.224765914311732854e-09
1.563039683561977646e-03 2.212392894017657903e-09
1.581138830084189480e-03 2.156323415093458451e-09
1.599447554845698401e-03 2.122888837548883622e-09
1.617968284648140355e-03 2.171649175871105752e-09
1.636703474394191234e-03 2.233513784222421977e-09
1.655655607412955237e-03 2.214502425496831251e-09
1.674827195789139285e-03 2.146668921598736367e-09
1.694220780696013449e-03 2.131837775277565072e-09
1.713838932732251975e-03 2.194099235565324292e-09
1.733684252262658121e-03 2.230445140205166173e-09
1.753759369762839405e-03 2.189448812758526157e-09
1.774066946167876177e-03 2.136113936575971626e-09
1.794609673225024517e-03 2.158366602181772426e-09
1.815390273850506567e-03 2.224459649390945137e-09
1.836411502490422785e-03 2.216954459546079568e-09
1.857676145485863536e-03 2.146010044460999404e-09
1.879187021442221524e-03 2.148730060606039399e-09
1.900946981602806129e-03 2.210599555949879187e-09
1.922958910226767659e-03 2.226191145734295442e-09
1.945225724971402217e-03 2.163806773180694827e-09
1.967750377278885965e-03 2.147763236762769523e-09
1.990535852767486274e-03 2.215824238441383455e-09
2.013585171627295303e-03 2.225884997951486501e-09
2.036901389020564709e-03 2.166485200372760414e-09
2.060487595486651478e-03 2.152924890549848991e-09
2.084346917351677202e-03 2.214464507926392055e-09
2.108482517142910590e-03 2.219152270194698581e-09
2.132897594007962527e-03 2.158496152035559091e-09
2.157595384138824915e-03 2.169094220139619178e-09
2.182579161200830058e-03 2.230823109077198502e-09
2.207852236766562250e-03 2.199942472292762468e-09
2.233417960754816977e-03 2.152204003889840928e-09
2.259279721874612491e-03 2.199450887396229740e-09
2.285440948074375211e-03 2.228513416402307922e-09
2.311905106996301092e-03 2.168141272482978229e-09
2.338675706435990129e-03 2.169527312276563446e-09
2.365756294807400822e-03 2.220198909877426463e-09
2.393150461613189652e-03 2.195638196785566549e-09
2.420861837920496723e-03 2.154456625257842725e-09
2.448894096842230052e-03 2.218305974003059099e-09
2.477250954023952137e-03 2.210965187325003100e-09
2.505936168136361879e-03 2.157946665115184393e-09
2.534953541373521912e-03 2.203990288621790753e-09
2.564306919956823531e-03 2.218368580141573145e-09
2.594000194644804132e-03 2.163661355760044452e-09
2.624037301248860997e-03 2.201511599482505338e-09
2.654422221154941613e-03 2.217248698379297136e-09
2.685158981851263043e-03 2.162852458666404972e-09
2.716251657462167429e-03 2.203766000666036004e-09
2.747704369288123637e-03 2.212241714424463542e-09
2.779521286352018561e-03 2.162520005400643705e-09
2.811706625951745052e-03 2.213882297127531901e-09
2.844264654219206146e-03 2.199556563719687886e-09
2.877199686685782878e-03 2.166206816820825209e-09
2.910516088854357610e-03 2.222730718418225257e-09
2.944218276777944496e-03 2.184447817959969999e-09
2.978310717645054565e-03 2.180666540894515153e-09
3.012797930371789810e-03 2.220959806059571640e-09
3.047684486200846234e-03 2.167587846902845633e-09
3.082975009307410696e-03 2.209475185652687338e-09
3.118674177412095096e-03 2.199905581054514105e-09
3.154786722400964270e-03 2.174116192021309423e-09
3.191317430952740879e-03 2.222293143280290715e-09
3.228271145173277484e-03 2.169599183131716657e-09
3.265652763237360864e-03 2.208563026131881902e-09
3.303467240037981714e-03 2.194107369488829735e-09
3.341719587843073637e-03 2.182050109401897340e-09
3.380414876959908759e-03 2.216904258154691182e-09
3.419558236407145655e-03 2.167790476739459254e-09
3.459154854594680920e-03 2.221184989145208589e-09
3.499209980011365115e-03 2.175509937975402461e-09
3.539728921920689761e-03 2.208679010461358128e-09
3.580717051064509580e-03 2.186580813457383971e-09
3.622179800374952623e-03 2.196012013784102123e-09
3.664122665694521767e-03 2.198525353635656926e-09
3.706551206504587938e-03 2.184746297373985265e-09
3.749471046662278956e-03 2.207044615452195078e-09
3.792887875145917534e-03 2.175952030868732649e-09
3.836807446809092567e-03 2.209815964772212080e-09
3.881235583143459109e-03 2.176646371220338820e-09
3.926178173050358551e-03 2.211342730280475334e-09
3.971641173621410364e-03 2.168396020613495180e-09
4.017630610928087966e-03 2.209748368717079392e-09
4.064152580820497296e-03 2.177258663880589024e-09
4.111213249735355506e-03 2.206343264435933567e-09
4.158818855513353625e-03 2.179107772759790225e-09
4.206975708225972610e-03 2.203351280679434741e-09
4.255690191011878530e-03 2.187739601158341970e-09
4.304968760923003589e-03 2.190780188128180412e-09
4.354817949780402306e-03 2.193624280399608637e-09
4.405244365040072822e-03 2.175116265644312114e-09
4.456254690668728577e-03 2.205136803261434097e-09
4.507855688029784036e-03 2.168188548861708993e-09
4.560054196779547535e-03 2.207643255651782922e-09
4.612857135773812921e-03 2.177022855247233941e-09
4.666271503984951476e-03 2.194630786492634575e-09
4.720304381429616877e-03 2.199926713329152051e-09
4.774962930107178559e-03 2.173009295800215340e-09
4.830254394949069947e-03 2.215871355958091104e-09
4.886186104779055052e-03 2.175230107981563932e-09
4.942765473284694427e-03 2.184620375765119697e-09
4.999999999999999237e-03 2.207353007030814719e-09
5.057897271299490252e-03 2.172503673781072468e-09
5.116464961403772820e-03 2.193131686208069382e-09
5.175710833396719723e-03 2.202040647255605990e-09
5.235642740254497010e-03 2.170527468814095196e-09
5.296268625886442309e-03 2.194966900739826788e-09
5.357596526188034176e-03 2.191783469178897928e-09
5.419634570106018380e-03 2.173952890657731605e-09
5.482390980715924449e-03 2.190011472210443010e-09
5.545874076312003707e-03 2.195480662202404358e-09
5.610092271509814314e-03 2.171569629526719084e-09
5.675054078361577332e-03 2.179539444019370779e-09
5.740768107484413990e-03 2.198099892378825253e-09
5.807243069201712196e-03 2.179308345725419990e-09
5.874487774697644861e-03 2.166862696251565018e-09
5.942511137185094161e-03 2.182404050341204847e-09
6.011322173087065013e-03 2.198270370663174575e-09
6.080930003231838424e-03 2.187505829539969563e-09
6.151343854061904620e-03 2.168227541595621754e-09
6.222573058856926617e-03 2.176747547910299409e-09
6.294627058970836582e-03 2.195642694722645710e-09
6.367515405083306983e-03 2.199775034528885420e-09
6.441247758465666780e-03 2.179273572542259007e-09
6.515833892261499449e-03 2.162981476441023864e-09
6.591283692782035596e-03 2.172121535777913792e-09
6.667607160816618576e-03 2.181828018109732212e-09
6.744814412958264824e-03 2.189769872194325722e-09
6.822915682944625040e-03 2.190063035255194896e-09
6.901921323014425201e-03 2.183354623568374256e-09
6.981841805279687466e-03 2.172182013813553982e-09
7.062687723113769168e-03 2.162205080294303960e-09
7.144469792555517389e-03 2.165801509445012693e-09
7.227198853729638849e-03 2.164715525366683961e-09
7.310885872283590450e-03 2.172664212185063101e-09
7.395541940841034688e-03 2.180620401996218415e-09
7.481178280472170448e-03 2.179634139277961163e-09
7.567806242181043287e-03 2.180141437314410164e-09
7.655437308410150896e-03 2.183942971469857353e-09
7.744083094562404478e-03 2.182836959289729771e-09
7.833755350540741805e-03 2.183082654889336688e-09
7.924465962305568892e-03 2.182430729296706254e-09
8.016226953450207235e-03 2.182987699829255671e-09
8.109050486794647586e-03 2.178123582309605880e-09
8.202948865997691796e-03 2.179271545517793783e-09
8.297934537187804521e-03 2.176697300717182660e-09
8.394020090612802285e-03 2.170871712254614285e-09
8.491218262308719913e-03 2.170730121962055173e-09
8.589541935787937607e-03 2.162684450207352666e-09
8.689004143746880890e-03 2.159461276786943284e-09
8.789618069793463453e-03 2.161157983074485278e-09
8.891397050194612892e-03 2.161386220715780305e-09
8.994354575643934840e-03 2.170768403044297053e-09
9.098504293049919714e-03 2.175015838729232906e-09
9.203860007344778771e-03 2.172505155331590242e-09
9.310435683314336255e-03 2.164962781982636448e-09
9.418245447448998428e-03 2.156757105144194675e-09
9.527303589816240106e-03 2.160299385090380365e-09
9.637624565954681574e-03 2.169036316734374004e-09
9.749222998790225969e-03 2.170667308897282757e-09
9.862113680574265823e-03 2.158912386816035866e-09
9.976311574844402841e-03 2.156110535334379819e-09
1.009183181840780756e-02 2.169406177899552471e-09
1.020868972334764563e-02 2.165437404028245422e-09
1.032690077905264354e-02 2.153421962197743861e-09
1.044648065427019115e-02 2.160355173264169638e-09
1.056744519918323584e-02 2.165576777491226145e-09
1.068981044751115932e-02 2.152477420605035138e-09
1.081359261863509835e-02 2.162424783645130454e-09
1.093880811974775637e-02 2.162400658559950458e-09
1.106547354802819329e-02 2.151685014770336057e-09
1.119360569284169951e-02 2.164000538990737392e-09
1.132322153796529694e-02 2.150948795644486618e-09
1.145433826383886189e-02 2.162078600487819438e-09
1.158697324984239718e-02 2.153929414869012026e-09
1.172114407659961138e-02 2.157976196356091615e-09
1.185686852830827517e-02 2.155315513413980784e-09
1.199416459509744862e-02 2.157233351964078571e-09
1.213305047541208236e-02 2.152340069105046138e-09
1.227354457842515234e-02 2.156397307016188231e-09
1.241566552647785024e-02 2.146644011607449144e-09
1.255943215754789545e-02 2.159569343760875270e-09
1.270486352774653077e-02 2.146464064165511105e-09
1.285197891384432141e-02 2.151749153433564970e-09
1.300079781582635929e-02 2.152627075720895078e-09
1.315133995947690565e-02 2.142675472759588024e-09
1.330362529899405295e-02 2.151730293473254280e-09
1.345767401963458149e-02 2.151828047641300895e-09
1.361350654038956040e-02 2.142289654511991838e-09
1.377114351669082859e-02 2.145482652095712887e-09
1.393060584314884456e-02 2.152065777122222325e-09
1.409191465632227309e-02 2.147727758993547775e-09
1.425509133751954628e-02 2.141233824000427541e-09
1.442015751563302701e-02 2.139712151083715904e-09
1.458713507000582686e-02 2.142356635730206544e-09
1.475604613333193239e-02 2.147361920032927773e-09
1.492691309458979952e-02 2.148521907537410906e-09
1.509975860201007852e-02 2.147446775307388038e-09
1.527460556607755995e-02 2.144943663233087957e-09
1.545147716256796075e-02 2.143093636594563977e-09
1.563039683561977602e-02 2.139060423517752297e-09
1.581138830084189567e-02 2.139037552118308356e-09
1.599447554845698227e-02 2.139343323856575007e-09
1.617968284648142047e-02 2.139659469960673713e-09
1.636703474394191060e-02 2.140369583468228012e-09
1.655655607412955324e-02 2.142794789284434008e-09
1.674827195789137593e-02 2.142297526893448653e-09
1.694220780696013146e-02 2.138769104086329064e-09
1.713838932732252018e-02 2.133260832556311840e-09
1.733684252262658251e-02 2.130328648286789432e-09
1.753759369762839665e-02 2.133368090453908348e-09
1.774066946167878259e-02 2.138076511474079369e-09
1.794609673225026208e-02 2.134710213694775778e-09
1.815390273850506567e-02 2.127398361294760221e-09
1.836411502490422828e-02 2.134082813788167958e-09
1.857676145485861671e-02 2.134787340205309916e-09
1.879187021442221134e-02 2.125649391948759321e-09
1.900946981602805869e-02 2.134625983743391780e-09
1.922958910226767182e-02 2.127795759209061651e-09
1.945225724971402087e-02 2.129323056985663921e-09
1.967750377278887700e-02 2.129228448945820782e-09
1.990535852767486361e-02 2.126880846104322453e-09
2.013585171627295042e-02 2.126785821258496826e-09
2.036901389020562628e-02 2.129134883727726956e-09
2.060487595486651738e-02 2.122947875211666978e-09
2.084346917351677028e-02 2.129092587713996106e-09
2.108482517142910850e-02 2.122914452241362331e-09
2.132897594007962527e-02 2.121559058086288508e-09
2.157595384138826650e-02 2.126682737826274140e-09
2.182579161200829884e-02 2.124289575109001913e-09
2.207852236766562337e-02 2.119383629994019913e-09
2.233417960754814982e-02 2.116575916010556055e-09
2.259279721874613012e-02 2.118849421833871701e-09
2.285440948074375644e-02 2.121782287965374907e-09
2.311905106996301265e-02 2.123380455483551405e-09
2.338675706435990390e-02 2.121881095380481715e-09
2.365756294807403598e-02 2.122033192345518506e-09
2.393150461613192254e-02 2.121126938401162148e-09
2.420861837920496376e-02 2.120354059360891220e-09
2.448894096842230139e-02 2.118436477703156025e-09
2.477250954023949708e-02 2.115559711600901610e-09
2.505936168136362052e-02 2.112599958068326218e-09
2.534953541373521912e-02 2.111168998363846625e-09
2.564306919956823791e-02 2.115111645910403188e-09
2.594000194644804219e-02 2.115890938104539480e-09
2.624037301248863946e-02 2.110026854477482159e-09
2.654422221154941960e-02 2.111146763482973976e-09
2.685158981851263130e-02 2.113808748435333461e-09
2.716251657462164654e-02 2.107356461954543000e-09
2.747704369288123810e-02 2.111837394811044750e-09
2.779521286352018214e-02 2.104367954240785440e-09
2.811706625951744878e-02 2.111032747311828804e-09
2.844264654219206059e-02 2.104783041428580356e-09
2.877199686685785740e-02 2.107928481196798442e-09
2.910516088854357350e-02 2.107995695504181175e-09
2.944218276777944496e-02 2.102836373095301487e-09
2.978310717645051356e-02 2.103477454192851008e-09
3.012797930371790070e-02 2.106454848297822974e-09
3.047684486200846407e-02 2.106764914801083688e-09
3.082975009307411043e-02 2.103502109932412846e-09
3.118674177412095530e-02 2.102395447164283718e-09
3.154786722400967913e-02 2.101112653130206134e-09
3.191317430952744089e-02 2.100372576077812874e-09
3.228271145173277484e-02 2.100782907004723783e-09
3.265652763237360950e-02 2.102202048929360975e-09
3.303467240037977898e-02 2.101352366515089731e-09
3.341719587843073463e-02 2.098707671858127083e-09
3.380414876959908499e-02 2.095199200198003170e-09
3.419558236407146262e-02 2.097506598003249570e-09
3.459154854594680834e-02 2.101778612472736051e-09
3.499209980011368931e-02 2.093321872411154787e-09
3.539728921920690108e-02 2.097195426442533035e-09
3.580717051064509493e-02 2.091593377700194679e-09
3.622179800374948633e-02 2.095663883566364494e-09
3.664122665694521247e-02 2.091304847738473213e-09
3.706551206504588025e-02 2.091711228924543511e-09
3.749471046662278262e-02 2.093661285776323296e-09
3.792887875145917187e-02 2.091567235699008391e-09
3.836807446809096384e-02 2.089382418678773051e-09
3.881235583143458762e-02 2.087939607121781475e-09
3.926178173050358378e-02 2.086572531783811747e-09
3.971641173621406201e-02 2.086147512593839206e-09
4.017630610928087792e-02 2.085723857848525499e-09
4.064152580820496602e-02 2.085310137770500417e-09
4.111213249735355679e-02 2.087412801270959697e-09
4.158818855513353452e-02 2.086376872479203709e-09
4.206975708225977467e-02 2.083929788687131145e-09
4.255690191011882867e-02 2.083855766330833034e-09
4.304968760923003068e-02 2.084654302062057413e-09
4.354817949780401959e-02 2.081039047068678900e-09
4.405244365040068139e-02 2.082605040480207233e-09
4.456254690668728924e-02 2.080391740219814961e-09
4.507855688029784730e-02 2.078886036411674148e-09
4.560054196779547708e-02 2.080613737548270193e-09
4.612857135773813788e-02 2.081299699570268243e-09
4.666271503984956853e-02 2.078958950244594930e-09
4.720304381429617224e-02 2.077776648630152512e-09
4.774962930107178732e-02 2.077333936845731274e-09
4.830254394949064223e-02 2.077908925177197785e-09
4.886186104779054878e-02 2.076892555458303718e-09
4.942765473284694427e-02 2.075708050118430198e-09
4.999999999999998890e-02 2.072858472008135437e-09
5.057897271299490599e-02 2.074890435130322752e-09
5.116464961403772299e-02 2.071957191493738510e-09
5.175710833396719723e-02 2.073764560716924600e-09
5.235642740254497357e-02 2.069338591383168755e-09
5.296268625886442483e-02 2.072090259689820037e-09
5.357596526188034003e-02 2.071015128910123542e-09
5.419634570106018207e-02 2.068434030547554299e-09
5.482390980715924622e-02 2.067242847243347886e-09
5.545874076312003881e-02 2.067273136184335326e-09
5.610092271509820039e-02 2.066409023789233611e-09
5.675054078361576465e-02 2.066741577556980632e-09
5.740768107484413296e-02 2.067489411229236630e-09
5.807243069201711849e-02 2.067158632148689758e-09
5.874487774697650933e-02 2.063921870618868306e-09
5.942511137185093467e-02 2.065345379229328441e-09
6.011322173087065013e-02 2.062668532964907454e-09
6.080930003231838771e-02 2.062328138333735065e-09
6.151343854061905314e-02 2.063059592090794684e-09
6.222573058856927658e-02 2.062413972377469095e-09
6.294627058970836408e-02 2.060103630861619232e-09
6.367515405083307156e-02 2.060884357460517888e-09
6.441247758465666606e-02 2.060056379046994072e-09
6.515833892261499449e-02 2.059037103593853945e-09
6.591283692782035075e-02 2.056657854275001286e-09
6.667607160816618750e-02 2.057825602625998550e-09
6.744814412958265171e-02 2.056274057386007382e-09
6.822915682944626081e-02 2.057265199028524337e-09
6.901921323014426068e-02 2.053690919174825023e-09
6.981841805279687119e-02 2.052668977727080259e-09
7.062687723113769689e-02 2.052367468361484781e-09
7.144469792555516174e-02 2.052716451835845919e-09
7.227198853729638328e-02 2.051686035607625157e-09
7.310885872283590103e-02 2.050005694111761039e-09
7.395541940841034168e-02 2.050927535323110757e-09
7.481178280472169928e-02 2.049726211412146596e-09
7.567806242181042420e-02 2.050209438998992431e-09
7.655437308410149855e-02 2.048500029681420939e-09
7.744083094562403957e-02 2.048442624966349073e-09
7.833755350540749784e-02 2.049251080685003551e-09
7.924465962305569933e-02 2.047146502668465247e-09
8.016226953450207582e-02 2.046583230623755284e-09
8.109050486794647239e-02 2.044798246731563801e-09
8.202948865997691796e-02 2.043716139305984113e-09
8.297934537187805215e-02 2.044867273650591886e-09
8.394020090612801244e-02 2.042349206249451103e-09
8.491218262308719567e-02 2.042337675720617296e-09
8.589541935787936566e-02 2.041728426370902202e-09
8.689004143746879849e-02 2.041450028344039159e-09
8.789618069793463107e-02 2.040838781953417312e-09
8.891397050194613239e-02 2.038617902356202768e-09
8.994354575643936922e-02 2.038374205207213996e-09
9.098504293049920755e-02 2.038878763103194282e-09
9.203860007344781546e-02 2.036561481091569273e-09
9.310435683314335908e-02 2.036750600430943943e-09
9.418245447449000163e-02 2.037501379196721175e-09
9.527303589816239759e-02 2.035800900857781144e-09
9.637624565954681921e-02 2.035110333516604144e-09
9.749222998790225969e-02 2.032904460439478884e-09
9.862113680574265129e-02 2.033679978727288190e-09
9.976311574844401453e-02 2.031299908375060781e-09
1.009183181840780652e-01 2.030690147604094301e-09
1.020868972334764563e-01 2.032078067638728323e-09
1.032690077905264459e-01 2.031274860465103284e-09
1.044648065427020295e-01 2.029876284560543673e-09
1.056744519918323688e-01 2.028500704645514967e-09
1.068981044751115966e-01 2.029079179785983410e-09
1.081359261863509835e-01 2.026384251436090902e-09
1.093880811974775741e-01 2.026308231682569304e-09
1.106547354802819155e-01 2.027081876019965572e-09
1.119360569284169882e-01 2.026065225106760833e-09
1.132322153796529590e-01 2.023996757572294883e-09
1.145433826383886050e-01 2.024703584216832420e-09
1.158697324984239718e-01 2.022802704635353597e-09
1.172114407659961138e-01 2.025179810117180072e-09
1.185686852830827448e-01 2.022144585502493882e-09
1.199416459509744792e-01 2.016723163202341703e-09
1.213305047541208270e-01 2.019938430844161175e-09
1.227354457842515373e-01 2.019718406948785782e-09
1.241566552647784955e-01 2.018330839396278112e-09
1.255943215754789510e-01 2.017178600219010362e-09
1.270486352774652938e-01 2.016935585461644893e-09
1.285197891384432245e-01 2.016326533080513509e-09
1.300079781582635929e-01 2.017196408679799431e-09
1.315133995947690426e-01 2.015790903655439756e-09
1.330362529899405399e-01 2.010617709417708860e-09
1.345767401963458010e-01 2.014737439821281201e-09
1.361350654038956109e-01 2.013158106401776083e-09
1.377114351669082859e-01 2.012609602029891316e-09
1.393060584314886052e-01 2.009003246603331079e-09
1.409191465632227414e-01 2.011376255501932474e-09
1.425509133751954594e-01 2.010961302068040715e-09
1.442015751563302528e-01 2.010225913743748082e-09
1.458713507000582721e-01 2.008580990270443569e-09
1.475604613333193205e-01 2.008713745087208224e-09
1.492691309458979987e-01 2.007179033640206511e-09
1.509975860201007714e-01 2.006658259507204131e-09
1.527460556607755926e-01 2.007625638157268697e-09
1.545147716256795867e-01 2.005131011180987509e-09
1.563039683561977533e-01 2.004316884229391553e-09
1.581138830084189428e-01 2.005396045121961767e-09
1.599447554845698227e-01 2.004279100487929599e-09
1.617968284648141908e-01 1.996644079434286445e-09
1.636703474394191060e-01 2.001655044345611674e-09
1.655655607412955255e-01 2.002755198387684303e-09
1.674827195789137801e-01 1.999042775466689316e-09
1.694220780696013284e-01 1.999458472247296333e-09
1.713838932732252018e-01 1.999540662212113341e-09
1.733684252262658043e-01 1.997847382552486632e-09
1.753759369762839249e-01 1.997328385811910766e-09
1.774066946167878189e-01 1.996371672937761309e-09
1.794609673225026625e-01 1.995428364432432567e-09
1.815390273850506775e-01 1.992463005725116048e-09
1.836411502490422898e-01 1.993710332786412649e-09
1.857676145485863684e-01 1.994143312894349592e-09
1.879187021442221273e-01 1.993354790957270051e-09
1.900946981602806007e-01 1.992490004503037264e-09
1.922958910226767459e-01 1.991584222664726820e-09
1.945225724971401948e-01 1.991584593185812756e-09
1.967750377278887908e-01 1.991452745890637680e-09
1.990535852767486291e-01 1.993225764188440493e-09
2.013585171627295112e-01 1.989695963898726868e-09
2.036901389020562836e-01 1.989069042524675483e-09
2.060487595486651669e-01 1.988321831540284850e-09
2.084346917351677098e-01 1.987584593444874984e-09
2.108482517142910850e-01 1.985903635643442807e-09
2.132897594007962250e-01 1.985636285636143328e-09
2.157595384138826788e-01 1.984923671100820457e-09
2.182579161200829954e-01 1.985552995301478213e-09
2.207852236766562337e-01 1.983960870158393290e-09
2.233417960754814635e-01 1.982386926492700426e-09
2.259279721874612734e-01 1.979503995826338698e-09
2.285440948074375644e-01 1.982074812440075361e-09
2.311905106996301196e-01 1.981179776685232338e-09
2.338675706435990320e-01 1.979705262539938679e-09
2.365756294807403459e-01 1.979376906339388642e-09
2.393150461613192115e-01 1.978365974811626596e-09
2.420861837920496862e-01 1.977632052368226113e-09
2.448894096842230417e-01 1.981220700181035224e-09
2.477250954023952623e-01 1.975315148255824604e-09
2.505936168136362330e-01 1.981021287630872429e-09
2.534953541373521912e-01 1.974265373972923150e-09
2.564306919956823583e-01 1.973900887553035152e-09
2.594000194644804358e-01 1.974234180836874884e-09
2.624037301248863807e-01 1.966898192369395899e-09
2.654422221154941752e-01 1.972093357805620154e-09
2.685158981851262783e-01 1.970088652323131116e-09
2.716251657462164792e-01 1.970032926689210521e-09
2.747704369288123671e-01 1.969854454841837142e-09
2.779521286352018006e-01 1.969538502898231323e-09
2.811706625951744809e-01 1.967604159546217434e-09
2.844264654219206268e-01 1.967870967817278945e-09
2.877199686685785740e-01 1.965437452248193982e-09
2.910516088854357419e-01 1.966791848781951070e-09
2.944218276777944010e-01 1.969955760279960748e-09
2.978310717645051287e-01 1.965255389638978504e-09
3.012797930371790001e-01 1.964260238408248315e-09
3.047684486200846199e-01 1.965067475230168527e-09
3.082975009307410419e-01 1.962687013029898984e-09
3.118674177412095183e-01 1.962395116176122225e-09
3.154786722400967358e-01 1.961372994973927292e-09
3.191317430952744227e-01 1.960626518917626608e-09
3.228271145173277623e-01 1.959881546095007855e-09
3.265652763237361089e-01 1.957391632260496454e-09
3.303467240037981645e-01 1.958888567123417054e-09
3.341719587843073880e-01 1.958323729618748512e-09
3.380414876959909054e-01 1.956987255703118570e-09
3.419558236407145846e-01 1.954730369398277519e-09
3.459154854594680417e-01 1.956426045922830087e-09
3.499209980011368515e-01 1.954594046091313544e-09
3.539728921920690108e-01 1.951238902011243375e-09
3.580717051064509771e-01 1.953931496447828117e-09
3.622179800374948910e-01 1.953302326908119747e-09
3.664122665694521941e-01 1.952669145469531141e-09
3.706551206504588025e-01 1.951749308961650965e-09
3.749471046662278817e-01 1.950992702698209116e-09
3.792887875145917742e-01 1.942352862171916078e-09
3.836807446809096245e-01 1.949137282162207970e-09
3.881235583143459178e-01 1.948803696682029745e-09
3.926178173050358100e-01 1.952088239506897831e-09
3.971641173621405785e-01 1.946695724184169743e-09
4.017630610928087931e-01 1.945866887197505078e-09
4.064152580820497018e-01 1.946772932560080478e-09
4.111213249735355402e-01 1.942215866396167576e-09
4.158818855513353729e-01 1.944042153154038127e-09
4.206975708225977328e-01 1.944366675161953022e-09
4.255690191011883283e-01 1.933077362565012152e-09
4.304968760923003068e-01 1.942507160448862849e-09
4.354817949780401820e-01 1.943544381925826766e-09
4.405244365040072441e-01 1.941141052115332130e-09
4.456254690668728924e-01 1.940610676776767609e-09
4.507855688029784313e-01 1.938992037782804541e-09
4.560054196779547708e-01 1.948256222745272831e-09
4.612857135773818507e-01 1.937998678544008722e-09
4.666271503984956714e-01 1.932269131598042260e-09
4.720304381429616947e-01 1.936742354442073211e-09
4.774962930107178871e-01 1.936037491170720356e-09
4.830254394949065055e-01 1.936420244420373012e-09
4.886186104779055572e-01 1.934137632026596732e-09
4.942765473284695399e-01 1.933418563678056862e-09
5.000000000000000000e-01 1.933326714674151977e-09
5.235642740254496941e-01 1.924094852607064858e-09
5.482390980715925455e-01 1.927413970685923569e-09
5.740768107484413019e-01 1.924844011848405823e-09
6.011322173087064735e-01 1.922831544930681669e-09
6.294627058970835298e-01 1.920166965845168505e-09
6.591283692782035075e-01 1.916473153835776161e-09
6.901921323014423848e-01 1.913176689910177847e-09
7.227198853729638328e-01 1.911247712869037414e-09
7.567806242181041032e-01 1.907215698706063940e-09
7.924465962305566880e-01 1.904504481468214868e-09
8.297934537187803272e-01 1.901982180825324702e-09
8.689004143746876796e-01 1.898988917678447323e-09
9.098504293049917147e-01 1.895841498421858508e-09
9.527303589816236151e-01 1.893822347048399447e-09
9.976311574844397567e-01 1.889908430711685909e-09
1.044648065427019601e+00 1.888399663993281355e-09
1.093880811974776268e+00 1.883037667857271656e-09
1.145433826383886355e+00 1.880601889366220255e-09
1.199416459509745181e+00 1.879837236961429468e-09
1.255943215754790065e+00 1.880184580185446187e-09
1.315133995947690870e+00 1.868973260752753439e-09
1.377114351669083137e+00 1.871792420305080166e-09
1.442015751563303194e+00 1.867234465229473457e-09
1.509975860201008047e+00 1.864190360138500953e-09
1.581138830084189539e+00 1.862594681802279978e-09
1.655655607412955588e+00 1.860272893624016071e-09
1.733684252262658321e+00 1.857240032384865950e-09
1.815390273850506775e+00 1.855761965914803623e-09
1.900946981602805730e+00 1.852735498103285161e-09
1.990535852767486125e+00 1.850654285897244439e-09
2.084346917351676876e+00 1.846822124852257574e-09
2.182579161200830065e+00 1.844596846296791030e-09
2.285440948074374923e+00 1.840976970481654792e-09
2.393150461613192004e+00 1.838749321316060851e-09
2.505936168136361886e+00 1.834621571221178921e-09
2.624037301248862697e+00 1.830637033837953849e-09
2.747704369288122450e+00 1.829165572077927450e-09
2.877199686685784741e+00 1.826294612823386808e-09
3.012797930371788890e+00 1.823964364907853819e-09
3.154786722400966248e+00 1.821689484654182281e-09
3.303467240037980091e+00 1.818855043250040701e-09
3.459154854594682416e+00 1.817810726388216251e-09
3.622179800374950354e+00 1.813108272795999825e-09
3.792887875145919185e+00 1.810477863808579131e-09
3.971641173621408782e+00 1.809009002960119003e-09
4.158818855513356283e+00 1.804753253026011969e-09
4.354817949780404263e+00 1.804487983806714893e-09
4.560054196779547375e+00 1.798665287056549612e-09
4.774962930107178316e+00 1.797966040252985214e-09
5.000000000000000000e+00 1.794165920823895507e-09
6.294627058970836408e+00 1.777323838091149384e-09
7.924465962305568212e+00 1.766250473816389043e-09
9.976311574844396901e+00 1.752368010659313866e-09
1.255943215754790110e+01 1.747768905652990475e-09
1.581138830084189273e+01 1.720072486899075829e-09
1.990535852767486347e+01 1.712032426245226195e-09
2.505936168136361886e+01 1.699393408300288135e-09
3.154786722400966070e+01 1.686964263159854846e-09
3.971641173621406296e+01 1.671490500381002842e-09
4.999999999999999289e+01 1.666203360451443095e-09
