3.792887875145917913e-05 9.959421217883371377e-14
3.881235583143463039e-05 2.472162115014213096e-13
3.971641173621410364e-05 7.223747942914971689e-13
4.064152580820496591e-05 1.517796556336158339e-12
4.158818855513353842e-05 2.635210971011361939e-12
4.255690191011877717e-05 4.079824884908497133e-12
4.354817949780398050e-05 5.865850046425965144e-12
4.456254690668730068e-05 8.002453334371518512e-12
4.560054196779547508e-05 1.051199446403383042e-11
4.666271503984951611e-05 1.342355622703425932e-11
4.774962930107183736e-05 1.675673955336548014e-11
4.886186104779055486e-05 2.054903763925563602e-11
4.999999999999998884e-05 2.482289502121502946e-11
5.057897271299490442e-05 2.715614172207354286e-11
5.116464961403767886e-05 2.962670837872763385e-11
5.175710833396714899e-05 3.223895800676434321e-11
5.235642740254491318e-05 3.500328454737640248e-11
5.296268625886447866e-05 3.791517751674856703e-11
5.357596526188034854e-05 4.099019448606888062e-11
5.419634570106019302e-05 4.424444017888075878e-11
5.482390980715924394e-05 4.764720524691936511e-11
5.545874076312003680e-05 5.123893193681654521e-11
5.610092271509813691e-05 5.501181551655860205e-11
5.675054078361570665e-05 5.897459068725486073e-11
5.740768107484407919e-05 6.315702385853026535e-11
5.807243069201718186e-05 6.753763173051950708e-11
5.874487774697651393e-05 7.210337898188928833e-11
5.942511137185093809e-05 7.693889569626518946e-11
6.011322173087065555e-05 8.198305265433487922e-11
6.080930003231838695e-05 8.727290714101763839e-11
6.151343854061905325e-05 9.282929333326366605e-11
6.222573058856921034e-05 9.861868573070485876e-11
6.294627058970830402e-05 1.046821779419654196e-10
6.367515405083314138e-05 1.110360027700242330e-10
6.441247758465673719e-05 1.176935585531826521e-10
6.515833892261499124e-05 1.246116137312757322e-10
6.591283692782035650e-05 1.318385078367694499e-10
6.667607160816619769e-05 1.394279857764624956e-10
6.744814412958265366e-05 1.472979995244413356e-10
6.822915682944618535e-05 1.555792230655852295e-10
6.901921323014417829e-05 1.641487616779327753e-10
6.981841805279679497e-05 1.731117502259521643e-10
7.062687723113775782e-05 1.824884493610011463e-10
7.144469792555517389e-05 1.921943561649408916e-10
7.227198853729638578e-05 2.023569932026825684e-10
7.310885872283590017e-05 2.128333065488816268e-10
7.395541940841035122e-05 2.237937563323849583e-10
7.481178280472162371e-05 2.352397834732470802e-10
7.567806242181035860e-05 2.470651129610012478e-10
7.655437308410144011e-05 2.593334634719124461e-10
7.744083094562412067e-05 2.721619810586979706e-10
7.833755350540748852e-05 2.854455703732342796e-10
7.924465962305569597e-05 2.992366655692566238e-10
8.016226953450208102e-05 3.135648717192707414e-10
8.109050486794647857e-05 3.283829777200336983e-10
8.202948865997692718e-05 3.437864771451831850e-10
8.297934537187796715e-05 3.596746521758123092e-10
8.394020090612792852e-05 3.761698431889263958e-10
8.491218262308728262e-05 3.931837296898561782e-10
8.589541935787945305e-05 4.109235445220118597e-10
8.689004143746881595e-05 4.293240712217561634e-10
8.789618069793464267e-05 4.481258473524125141e-10
8.891397050194613488e-05 4.676170791354740481e-10
8.994354575643936521e-05 4.878073120240898705e-10
9.098504293049910498e-05 5.086320760890317389e-10
9.203860007344770748e-05 5.300724483504265645e-10
9.310435683314326931e-05 5.521806613440084290e-10
9.418245447449009216e-05 5.750660232715083321e-10
9.527303589816239347e-05 5.985018656148245166e-10
9.637624565954680924e-05 6.227071700664792866e-10
9.749222998790225210e-05 6.476886993726513994e-10
9.862113680574265443e-05 6.731371466806035442e-10
9.976311574844391077e-05 6.995707495900849873e-10
1.009183181840780691e-04 7.264984628952417339e-10
1.020868972334764650e-04 7.543633412452039434e-10
1.032690077905264197e-04 7.826121523336489877e-10
1.044648065427019099e-04 8.117728256721851129e-10
1.056744519918323676e-04 8.415124748326653797e-10
1.068981044751116051e-04 8.721510588646515949e-10
1.081359261863509824e-04 9.032846731435040075e-10
1.093880811974775783e-04 9.351239333078269285e-10
1.106547354802819166e-04 9.678042332531226077e-10
1.119360569284169978e-04 1.000925453250128464e-09
1.132322153796529580e-04 1.034818985311929682e-09
1.145433826383886026e-04 1.069191678604806811e-09
1.158697324984239615e-04 1.104493783568843108e-09
1.172114407659961296e-04 1.139890238554422795e-09
1.185686852830827555e-04 1.176176533881796297e-09
1.199416459509744813e-04 1.212929402487313370e-09
1.213305047541207081e-04 1.250099767149461022e-09
1.227354457842515364e-04 1.287543139627720965e-09
1.241566552647784948e-04 1.325712971517572602e-09
1.255943215754789502e-04 1.364292143235347880e-09
1.270486352774653110e-04 1.402677945087706380e-09
1.285197891384432108e-04 1.441594994205591459e-09
1.300079781582635788e-04 1.481165400121183972e-09
1.315133995947690435e-04 1.520286008911714388e-09
1.330362529899403897e-04 1.559656132724874692e-09
1.345767401963458333e-04 1.599160261237960580e-09
1.361350654038956344e-04 1.638579652513296302e-09
1.377114351669082826e-04 1.677779144149813206e-09
1.393060584314884456e-04 1.716882498709484859e-09
1.409191465632227234e-04 1.755484206145220223e-09
1.425509133751954596e-04 1.793914840765107650e-09
1.442015751563302474e-04 1.832142891362339062e-09
1.458713507000582675e-04 1.869092894580999909e-09
1.475604613333193142e-04 1.905722292973138147e-09
1.492691309458979746e-04 1.941974247213112893e-09
1.509975860201007907e-04 1.977161604792391976e-09
1.527460556607755941e-04 2.011110344063162828e-09
1.545147716256795760e-04 2.043903652236896419e-09
1.563039683561977700e-04 2.075919563614521307e-09
1.581138830084189426e-04 2.106015514658988288e-09
1.599447554845698401e-04 2.135577049439839981e-09
1.617968284648140247e-04 2.163334148972098525e-09
1.636703474394191505e-04 2.189578199645172652e-09
1.655655607412955237e-04 2.212659078866477312e-09
1.674827195789137550e-04 2.235573818631446243e-09
1.694220780696013395e-04 2.255286224644622127e-09
1.713838932732251867e-04 2.273435623011939858e-09
1.733684252262657904e-04 2.289065434824036628e-09
1.753759369762839622e-04 2.302426226543341919e-09
1.774066946167876340e-04 2.313900593454744214e-09
1.794609673225026902e-04 2.321700842752606831e-09
1.815390273850506729e-04 2.327988257288555766e-09
1.836411502490422785e-04 2.330896237646283712e-09
1.857676145485864024e-04 2.330846110404928393e-09
1.879187021442221307e-04 2.328554917502197637e-09
1.900946981602805912e-04 2.323773328718169363e-09
1.922958910226767171e-04 2.315165796517011982e-09
1.945225724971402217e-04 2.303863231547621900e-09
1.967750377278885477e-04 2.289379212551120346e-09
1.990535852767486220e-04 2.272231770119789345e-09
2.013585171627295032e-04 2.252043905785682962e-09
2.036901389020563029e-04 2.229713880542193381e-09
2.060487595486651369e-04 2.203180354619232081e-09
2.084346917351676985e-04 2.173607954010675023e-09
2.108482517142910915e-04 2.143277438841116484e-09
2.132897594007962310e-04 2.109065719073054372e-09
2.157595384138824535e-04 2.072272939929256812e-09
2.182579161200830003e-04 2.033987062688402398e-09
2.207852236766562250e-04 1.993454338843497977e-09
2.233417960754814700e-04 1.951226347991254094e-09
2.259279721874612654e-04 1.906828045659382474e-09
2.285440948074375211e-04 1.861807136852170676e-09
2.311905106996301417e-04 1.815742527547553907e-09
2.338675706435990129e-04 1.768783055152889476e-09
2.365756294807401473e-04 1.721416343501579267e-09
2.393150461613192416e-04 1.674100051968090415e-09
2.420861837920496669e-04 1.627086962043454284e-09
2.448894096842230486e-04 1.580866851353726743e-09
2.477250954023952571e-04 1.536095334852239385e-09
2.505936168136362096e-04 1.491895707340104482e-09
2.534953541373521587e-04 1.450321587227105363e-09
2.564306919956823639e-04 1.411253979857101456e-09
2.594000194644803916e-04 1.374803594217076070e-09
2.624037301248860888e-04 1.341314740952217249e-09
2.654422221154941939e-04 1.312120416413252037e-09
2.685158981851263043e-04 1.285946583519760994e-09
2.716251657462165044e-04 1.264903420572435019e-09
2.747704369288123854e-04 1.248206198562737913e-09
2.779521286352018127e-04 1.236430974401047142e-09
2.811706625951744943e-04 1.229735866884547619e-09
2.844264654219205712e-04 1.228553985439648078e-09
2.877199686685782661e-04 1.233019217049199002e-09
2.910516088854357393e-04 1.243116811941096975e-09
2.944218276777944170e-04 1.258846375169403418e-09
2.978310717645051204e-04 1.280391419028349066e-09
3.012797930371790027e-04 1.307294546612233353e-09
3.047684486200846234e-04 1.339757835151746393e-09
3.082975009307410263e-04 1.377411455893830144e-09
3.118674177412094771e-04 1.419664262362424510e-09
3.154786722400964379e-04 1.466453525486523776e-09
3.191317430952743915e-04 1.516933350299325526e-09
3.228271145173277267e-04 1.571143435550977679e-09
3.265652763237360972e-04 1.627521946318076179e-09
3.303467240037981823e-04 1.686077182698063687e-09
3.341719587843073962e-04 1.745891855714261720e-09
3.380414876959908759e-04 1.805622337438822070e-09
3.419558236407145655e-04 1.865023088749118608e-09
3.459154854594681137e-04 1.923307449946832618e-09
3.499209980011365223e-04 1.978986982817615598e-09
3.539728921920690086e-04 2.031308735643380604e-09
3.580717051064509905e-04 2.079937643385646099e-09
3.622179800374949153e-04 2.122552385190389320e-09
3.664122665694521551e-04 2.159758144340583923e-09
3.706551206504588155e-04 2.190813127865405723e-09
3.749471046662278739e-04 2.214748715374352779e-09
3.792887875145916558e-04 2.230625534715822765e-09
3.836807446809091808e-04 2.238770736207697116e-09
3.881235583143458566e-04 2.238112441153261363e-09
3.926178173050358226e-04 2.229714809915062892e-09
3.971641173621406028e-04 2.213184362073955608e-09
4.017630610928087857e-04 2.188608960374536497e-09
4.064152580820496862e-04 2.157478576129583616e-09
4.111213249735355181e-04 2.118649727808883918e-09
4.158818855513353842e-04 2.074931577900256192e-09
4.206975708225972935e-04 2.026744759484585084e-09
4.255690191011882867e-04 1.974980725592110318e-09
4.304968760923003155e-04 1.921672515036831228e-09
4.354817949780401981e-04 1.867442993491580441e-09
4.405244365040073364e-04 1.814794666887738545e-09
4.456254690668728577e-04 1.764343121258906411e-09
4.507855688029784470e-04 1.718426733849949973e-09
4.560054196779547643e-04 1.678735736873991596e-09
4.612857135773813463e-04 1.645993643329414685e-09
4.666271503984951476e-04 1.621883410981754281e-09
4.720304381429617636e-04 1.606738414860566969e-09
4.774962930107178993e-04 1.602130128450093993e-09
4.830254394949064960e-04 1.608209698219832958e-09
4.886186104779055486e-04 1.624682081538611959e-09
4.942765473284694211e-04 1.651647126779878534e-09
4.999999999999999020e-04 1.688538975054189353e-09
5.057897271299491120e-04 1.733888721378584153e-09
5.116464961403766531e-04 1.786420050278185529e-09
5.175710833396719507e-04 1.844538225442106918e-09
5.235642740254497010e-04 1.906317826322614049e-09
5.296268625886442309e-04 1.969163763443331258e-09
5.357596526188034176e-04 2.030922853381111023e-09
5.419634570106019031e-04 2.088768013121863220e-09
5.482390980715924666e-04 2.140776778252218911e-09
5.545874076312004358e-04 2.184542918158324311e-09
5.610092271509814097e-04 2.217944339234753081e-09
5.675054078361570394e-04 2.239226295001186661e-09
5.740768107484413340e-04 2.248300205704394092e-09
5.807243069201711546e-04 2.244265763708508227e-09
5.874487774697650716e-04 2.226947363013421736e-09
5.942511137185093944e-04 2.197869612809605495e-09
6.011322173087063929e-04 2.158046288970215790e-09
6.080930003231838424e-04 2.109494192276111298e-09
6.151343854061905054e-04 2.055292289517007905e-09
6.222573058856920762e-04 1.997863935374132363e-09
6.294627058970837449e-04 1.941443312540617762e-09
6.367515405083307633e-04 1.888735881308258604e-09
6.441247758465674803e-04 1.844364483649513552e-09
6.515833892261498582e-04 1.809321654532878022e-09
6.591283692782036463e-04 1.787720017122740325e-09
6.667607160816619227e-04 1.780957455669374151e-09
6.744814412958264824e-04 1.789400635155221972e-09
6.822915682944617451e-04 1.812755937526122779e-09
6.901921323014425418e-04 1.850892638285126149e-09
6.981841805279688984e-04 1.900356535838640593e-09
7.062687723113776324e-04 1.958893050410072912e-09
7.144469792555517389e-04 2.021897641419680211e-09
7.227198853729638849e-04 2.084951659418857512e-09
7.310885872283591101e-04 2.143943396567003372e-09
7.395541940841035122e-04 2.193704061230021578e-09
7.481178280472161558e-04 2.230852001381799652e-09
7.567806242181032879e-04 2.252023529624974563e-09
7.655437308410150245e-04 2.255296827299836395e-09
7.744083094562403393e-04 2.240981741465425466e-09
7.833755350540749394e-04 2.209166823742284239e-09
7.924465962305569326e-04 2.165190699432649496e-09
8.016226953450207018e-04 2.110522471024461440e-09
8.109050486794647586e-04 2.051734180763374708e-09
8.202948865997692447e-04 1.994151295276254196e-09
8.297934537187795631e-04 1.944148843418959522e-09
8.394020090612802068e-04 1.907087613475167507e-09
8.491218262308720130e-04 1.886888594744975597e-09
8.589541935787945847e-04 1.886922737619362760e-09
8.689004143746880239e-04 1.906640198263825655e-09
8.789618069793463453e-04 1.945197397873009137e-09
8.891397050194612675e-04 1.998243385073765901e-09
8.994354575643935708e-04 2.060225345556793751e-09
9.098504293049909956e-04 2.123823065582621478e-09
9.203860007344780506e-04 2.181933347246735912e-09
9.310435683314336689e-04 2.227317081558332108e-09
9.418245447449009487e-04 2.254040449248667241e-09
9.527303589816240974e-04 2.259139135441059000e-09
9.637624565954683092e-04 2.241142525875372936e-09
9.749222998790226836e-04 2.203663521535457924e-09
9.862113680574266256e-04 2.150807520585200976e-09
9.976311574844392432e-04 2.091290507436203033e-09
1.009183181840779715e-03 2.033428199138170366e-09
1.020868972334764650e-03 1.986225322978178919e-09
1.032690077905264224e-03 1.957519829538047696e-09
1.044648065427020156e-03 1.952204529411498276e-09
1.056744519918323541e-03 1.971865485864999913e-09
1.068981044751116105e-03 2.014077156043260021e-09
1.081359261863509879e-03 2.071243918763993707e-09
1.093880811974775810e-03 2.135368627819656685e-09
1.106547354802818028e-03 2.194713498208179185e-09
1.119360569284169734e-03 2.239066252672015732e-09
1.132322153796529608e-03 2.259420439132526113e-09
1.145433826383887056e-03 2.254183300712638000e-09
1.158697324984239588e-03 2.221903666186365636e-09
1.172114407659961052e-03 2.170588622759675221e-09
1.185686852830827474e-03 2.110287096505261241e-09
1.199416459509744732e-03 2.054045706488969926e-09
1.213305047541206891e-03 2.012377603125444552e-09
1.227354457842515364e-03 1.996551641449952449e-09
1.241566552647784677e-03 2.010880810834583132e-09
1.255943215754791020e-03 2.051662728860333183e-09
1.270486352774652947e-03 2.111511260421944117e-09
1.285197891384432054e-03 2.172260845631554097e-09
1.300079781582635843e-03 2.226193324918444094e-09
1.315133995947690435e-03 2.253279575583253081e-09
1.330362529899403734e-03 2.254285616638290436e-09
1.345767401963456761e-03 2.225299695369457061e-09
1.361350654038956344e-03 2.172484168240450036e-09
1.377114351669082772e-03 2.107276926904475039e-09
1.393060584314885757e-03 2.060930451983109658e-09
1.409191465632227613e-03 2.033259368915282859e-09
1.425509133751954758e-03 2.039250879365250297e-09
1.442015751563302745e-03 2.078592108593862902e-09
1.458713507000582730e-03 2.136384565708625351e-09
1.475604613333191895e-03 2.198859406384445296e-09
1.492691309458979909e-03 2.240523543515681886e-09
1.509975860201007635e-03 2.264250649878367344e-09
1.527460556607757513e-03 2.237609215980090334e-09
1.545147716256795815e-03 2.188101946720361348e-09
1.563039683561977646e-03 2.124819857252869810e-09
1.581138830084189480e-03 2.076676834552025008e-09
1.599447554845698618e-03 2.052044746237294508e-09
1.617968284648140355e-03 2.070273203071873254e-09
1.636703474394191234e-03 2.121832921256024629e-09
1.655655607412955237e-03 2.183264098770218827e-09
1.674827195789139285e-03 2.236234289801842394e-09
1.694220780696013449e-03 2.260944717502347772e-09
1.713838932732251975e-03 2.238413695982155740e-09
1.733684252262658121e-03 2.185378785617857203e-09
1.753759369762839405e-03 2.124561024661260304e-09
1.774066946167876177e-03 2.081322912747725190e-09
1.794609673225024517e-03 2.078329285996046451e-09
1.815390273850506567e-03 2.114132873767241261e-09
1.836411502490422785e-03 2.174963687432184674e-09
1.857676145485863536e-03 2.230712818995485298e-09
1.879187021442221524e-03 2.256700414938329302e-09
1.900946981602806129e-03 2.233846275882261893e-09
1.922958910226767442e-03 2.178977763112718081e-09
1.945225724971402217e-03 2.119665835987265019e-09
1.967750377278885965e-03 2.090579175495598003e-09
1.990535852767486274e-03 2.103463072443683766e-09
2.013585171627295303e-03 2.155129750969236996e-09
2.036901389020564709e-03 2.217954603916893756e-09
2.060487595486651478e-03 2.251386493691573376e-09
2.084346917351677202e-03 2.238199839959656846e-09
2.108482517142910590e-03 2.184707204420108604e-09
2.132897594007962527e-03 2.126833607207599489e-09
2.157595384138824915e-03 2.099941174683919451e-09
2.182579161200830058e-03 2.124412173321323779e-09
2.207852236766562250e-03 2.182405006887057569e-09
2.233417960754816977e-03 2.234493466408934496e-09
2.259279721874612491e-03 2.248865580696470016e-09
2.285440948074375211e-03 2.208789391021408568e-09
2.311905106996301092e-03 2.147748785467106842e-09
2.338675706435990129e-03 2.111295547933356414e-09
2.365756294807400822e-03 2.127243812767051500e-09
2.393150461613189652e-03 2.184333188869462052e-09
2.420861837920496723e-03 2.238894836399225679e-09
2.448894096842230052e-03 2.242883185276668790e-09
2.477250954023952571e-03 2.197086613080381625e-09
2.505936168136361445e-03 2.138113516782204280e-09
2.534953541373521912e-03 2.118614923514607688e-09
2.564306919956823531e-03 2.156956047962475839e-09
2.594000194644804132e-03 2.216726360046376681e-09
2.624037301248860997e-03 2.246562422850556798e-09
2.654422221154941613e-03 2.214997749697975688e-09
2.685158981851263043e-03 2.149966234404449863e-09
2.716251657462167429e-03 2.123290246242750539e-09
2.747704369288124070e-03 2.154943166472767309e-09
2.779521286352018561e-03 2.215420516776929649e-09
2.811706625951745052e-03 2.242757095772170829e-09
2.844264654219206146e-03 2.206869051797159025e-09
2.877199686685782878e-03 2.146821285896887198e-09
2.910516088854357610e-03 2.130075363047283497e-09
2.944218276777944496e-03 2.176565569003624118e-09
2.978310717645054565e-03 2.232794892205696302e-09
3.012797930371789810e-03 2.230576055705177540e-09
3.047684486200846234e-03 2.177698474551940216e-09
3.082975009307410696e-03 2.133750445335774754e-09
3.118674177412094663e-03 2.157727476170242785e-09
3.154786722400964270e-03 2.210774699408278475e-09
3.191317430952740879e-03 2.233368607903539610e-09
3.228271145173277484e-03 2.183003563910616852e-09
3.265652763237360864e-03 2.136263757110139088e-09
3.303467240037981714e-03 2.161154438250688838e-09
3.341719587843073637e-03 2.220456489332246746e-09
3.380414876959909193e-03 2.230688370550513363e-09
3.419558236407145655e-03 2.174714113984057659e-09
3.459154854594680920e-03 2.140801779861630012e-09
3.499209980011365115e-03 2.177314208874348778e-09
3.539728921920689761e-03 2.229643428312707001e-09
3.580717051064510013e-03 2.211583034317872439e-09
3.622179800374952623e-03 2.154914987567399600e-09
3.664122665694522201e-03 2.152284846769233358e-09
3.706551206504587938e-03 2.209231294584452491e-09
3.749471046662278956e-03 2.227783548458516491e-09
3.792887875145917534e-03 2.175303236798715577e-09
3.836807446809092567e-03 2.146116911003235786e-09
3.881235583143459542e-03 2.193197386898402325e-09
3.926178173050358551e-03 2.224909566699614569e-09
3.971641173621410364e-03 2.184964674989748039e-09
4.017630610928087966e-03 2.145580625948619144e-09
4.064152580820497296e-03 2.188820864869744616e-09
4.111213249735355506e-03 2.227207501158491505e-09
4.158818855513353625e-03 2.183589938085847448e-09
4.206975708225972610e-03 2.148311666714451628e-09
4.255690191011878530e-03 2.196251081258307554e-09
4.304968760923003589e-03 2.221664189274313425e-09
4.354817949780402306e-03 2.170492131888545357e-09
4.405244365040072822e-03 2.156429039076365611e-09
4.456254690668728577e-03 2.211270300437002463e-09
4.507855688029784036e-03 2.207873274775216519e-09
4.560054196779547535e-03 2.154928867275323573e-09
4.612857135773812921e-03 2.183361063142145607e-09
4.666271503984951476e-03 2.223053585919002454e-09
4.720304381429616877e-03 2.177110109452266657e-09
4.774962930107178559e-03 2.156882468781062660e-09
4.830254394949069947e-03 2.212007228951023274e-09
4.886186104779055052e-03 2.199843068832747603e-09
4.942765473284694427e-03 2.153103712605177342e-09
4.999999999999999237e-03 2.194628404738381929e-09
5.057897271299490252e-03 2.210016786271632442e-09
5.116464961403772820e-03 2.157119519801499425e-09
5.175710833396719723e-03 2.182673402285919950e-09
5.235642740254497010e-03 2.214140735471623265e-09
5.296268625886441442e-03 2.160884095939217914e-09
5.357596526188034176e-03 2.173274116458931649e-09
5.419634570106018380e-03 2.212820151677533720e-09
5.482390980715924449e-03 2.163245106803732633e-09
5.545874076312003707e-03 2.180905061031167887e-09
5.610092271509814314e-03 2.208485907199642768e-09
5.675054078361577332e-03 2.157227044076906527e-09
5.740768107484413990e-03 2.188940413986773625e-09
5.807243069201712196e-03 2.200034861825636043e-09
5.874487774697644861e-03 2.153758466042529125e-09
5.942511137185094161e-03 2.201654072057165382e-09
6.011322173087065013e-03 2.183355216850485832e-09
6.080930003231838424e-03 2.161802679128872591e-09
6.151343854061904620e-03 2.209046755016491972e-09
6.222573058856927485e-03 2.161535074925249802e-09
6.294627058970836582e-03 2.184492958437883603e-09
6.367515405083306983e-03 2.194011404925481686e-09
6.441247758465666780e-03 2.158224916627626844e-09
6.515833892261499449e-03 2.200419763759708665e-09
6.591283692782035596e-03 2.161864473432608956e-09
6.667607160816619444e-03 2.182843799275096396e-09
6.744814412958265691e-03 2.187574350381394230e-09
6.822915682944625040e-03 2.160028339106204137e-09
6.901921323014425201e-03 2.201002908882469156e-09
6.981841805279687466e-03 2.153996598678904837e-09
7.062687723113769168e-03 2.195841939812300411e-09
7.144469792555517389e-03 2.164003003583977653e-09
7.227198853729638849e-03 2.181906652772334425e-09
7.310885872283590450e-03 2.177799765016825840e-09
7.395541940841035555e-03 2.168873663362439503e-09
7.481178280472170448e-03 2.184753304640847347e-09
7.567806242181043287e-03 2.160946182829389907e-09
7.655437308410150896e-03 2.194548984585282622e-09
7.744083094562405345e-03 2.156469009058491068e-09
7.833755350540741805e-03 2.182981161232387486e-09
7.924465962305568892e-03 2.156548809359793883e-09
8.016226953450207235e-03 2.198322175574769535e-09
8.109050486794647586e-03 2.154409437798719150e-09
8.202948865997691796e-03 2.193206286796408829e-09
8.297934537187804521e-03 2.152164928234786213e-09
8.394020090612802285e-03 2.188041546075988663e-09
8.491218262308719913e-03 2.161301017690106376e-09
8.589541935787937607e-03 2.186546614294606822e-09
8.689004143746880890e-03 2.160156430387965629e-09
8.789618069793463453e-03 2.178527381719114821e-09
8.891397050194612892e-03 2.165663009978019860e-09
8.994354575643934840e-03 2.155516293005474143e-09
9.098504293049919714e-03 2.178987039409012319e-09
9.203860007344778771e-03 2.162102160441515422e-09
9.310435683314336255e-03 2.183215995540001578e-09
9.418245447448998428e-03 2.152660424972720431e-09
9.527303589816240106e-03 2.168583185844214322e-09
9.637624565954681574e-03 2.177193540928848613e-09
9.749222998790225969e-03 2.162567183996697829e-09
9.862113680574265823e-03 2.178235448617106129e-09
9.976311574844402841e-03 2.151338744991501371e-09
1.009183181840780756e-02 2.167229505903287369e-09
1.020868972334764563e-02 2.172139597306797310e-09
1.032690077905264528e-02 2.140940910529745874e-09
1.044648065427019115e-02 2.173280780620167007e-09
1.056744519918323584e-02 2.162557045860367920e-09
1.068981044751115932e-02 2.152205828626496981e-09
1.081359261863509835e-02 2.170889541119157331e-09
1.093880811974775463e-02 2.163699160441184912e-09
1.106547354802819329e-02 2.144837726291110140e-09
1.119360569284169951e-02 2.168136295380432005e-09
1.132322153796529694e-02 2.168407865666004328e-09
1.145433826383886189e-02 2.144695234076318241e-09
1.158697324984239718e-02 2.156072089025797530e-09
1.172114407659961138e-02 2.175591314910541757e-09
1.185686852830827517e-02 2.157152047643607666e-09
1.199416459509744862e-02 2.147754063439627550e-09
1.213305047541208236e-02 2.162400090468429575e-09
1.227354457842515061e-02 2.169069221616239031e-09
1.241566552647784850e-02 2.153357205497640495e-09
1.255943215754789545e-02 2.140131099434641563e-09
1.270486352774653077e-02 2.146032791157327939e-09
1.285197891384432141e-02 2.164053842984872484e-09
1.300079781582635929e-02 2.162835303073505474e-09
1.315133995947690565e-02 2.152167127205775059e-09
1.330362529899405469e-02 2.139614495909919026e-09
1.345767401963458149e-02 2.147107445739003298e-09
1.361350654038956040e-02 2.154829518265901071e-09
1.377114351669082859e-02 2.159865000370806008e-09
1.393060584314884456e-02 2.160293061030213516e-09
1.409191465632227309e-02 2.150004344181238886e-09
1.425509133751954628e-02 2.142120271814188862e-09
1.442015751563302701e-02 2.142804334119654897e-09
1.458713507000582686e-02 2.139245309568436325e-09
1.475604613333193239e-02 2.143442296288013459e-09
1.492691309458979952e-02 2.145906697935831443e-09
1.509975860201007679e-02 2.152239921292885013e-09
1.527460556607755995e-02 2.152945957272892112e-09
1.545147716256795901e-02 2.153507049405509669e-09
1.563039683561977602e-02 2.153724382109604990e-09
1.581138830084189567e-02 2.154054628246857454e-09
1.599447554845698227e-02 2.155036855047364140e-09
1.617968284648142047e-02 2.150442737757668533e-09
1.636703474394191060e-02 2.150317186581784240e-09
1.655655607412955324e-02 2.152588848090510583e-09
1.674827195789137593e-02 2.150742945246901984e-09
1.694220780696013146e-02 2.149208478679160186e-09
1.713838932732252018e-02 2.143687839079123359e-09
1.733684252262658251e-02 2.138769764690248711e-09
1.753759369762839665e-02 2.134103057301970402e-09
1.774066946167878259e-02 2.128760630819013561e-09
1.794609673225026208e-02 2.129305039306422490e-09
1.815390273850506567e-02 2.131479738822327085e-09
1.836411502490422828e-02 2.137218110270575582e-09
1.857676145485861671e-02 2.145666038647810990e-09
1.879187021442221134e-02 2.143604335197583977e-09
1.900946981602805869e-02 2.135423093011061472e-09
1.922958910226767182e-02 2.124956339570277917e-09
1.945225724971401740e-02 2.125599920974981489e-09
1.967750377278887700e-02 2.136846199358084422e-09
1.990535852767486361e-02 2.141377384210580323e-09
2.013585171627295042e-02 2.129691323011928393e-09
2.036901389020562628e-02 2.124105322272747654e-09
2.060487595486651738e-02 2.134798475658514391e-09
2.084346917351677028e-02 2.134721673264196188e-09
2.108482517142911197e-02 2.123198775701372533e-09
2.132897594007962527e-02 2.126784372510779155e-09
2.157595384138826650e-02 2.135179924407730864e-09
2.182579161200829537e-02 2.120654672447637806e-09
2.207852236766562337e-02 2.127866864271429664e-09
2.233417960754814982e-02 2.128435248921295558e-09
2.259279721874613012e-02 2.119181268200505995e-09
2.285440948074375644e-02 2.131623491724319367e-09
2.311905106996301265e-02 2.120332937729498535e-09
2.338675706435990390e-02 2.125913581578605933e-09
2.365756294807403598e-02 2.120788352185768898e-09
2.393150461613191907e-02 2.124603889096306053e-09
2.420861837920496029e-02 2.121820883487231140e-09
2.448894096842230139e-02 2.122337980482494483e-09
2.477250954023949361e-02 2.118398430545760824e-09
2.505936168136362052e-02 2.122778132662784687e-09
2.534953541373521912e-02 2.114593098037674874e-09
2.564306919956823791e-02 2.124730537053427861e-09
2.594000194644804219e-02 2.113241356237927457e-09
2.624037301248863599e-02 2.118979142794962176e-09
2.654422221154942307e-02 2.118365208006943841e-09
2.685158981851263130e-02 2.110439671109015918e-09
2.716251657462165001e-02 2.118335263584115201e-09
2.747704369288123810e-02 2.118198753914944924e-09
2.779521286352018214e-02 2.108715800446104748e-09
2.811706625951744878e-02 2.111857755801858766e-09
2.844264654219206059e-02 2.118071767181157621e-09
2.877199686685785740e-02 2.115336452409542344e-09
2.910516088854357350e-02 2.107298899331774977e-09
2.944218276777944496e-02 2.105733366570586362e-09
2.978310717645051356e-02 2.107878590844075455e-09
3.012797930371790070e-02 2.112577920282008202e-09
3.047684486200846407e-02 2.113474049137455960e-09
3.082975009307410696e-02 2.111957302390771775e-09
3.118674177412095877e-02 2.110428568270911444e-09
3.154786722400967913e-02 2.107046430582280244e-09
3.191317430952744089e-02 2.105853737580196685e-09
3.228271145173277484e-02 2.105083404902065645e-09
3.265652763237360950e-02 2.104790827077205596e-09
3.303467240037977898e-02 2.105144732284136228e-09
3.341719587843073463e-02 2.101894210684056038e-09
3.380414876959908499e-02 2.107106539288596620e-09
3.419558236407146262e-02 2.105755507766845230e-09
3.459154854594680834e-02 2.103319695190132548e-09
3.499209980011368931e-02 2.098655819173797798e-09
3.539728921920690108e-02 2.096002570213506351e-09
3.580717051064509493e-02 2.098308636788109076e-09
3.622179800374948633e-02 2.103178754997234845e-09
3.664122665694521247e-02 2.098987369420255657e-09
3.706551206504588025e-02 2.092618314428496570e-09
3.749471046662278262e-02 2.098531571652378012e-09
3.792887875145917187e-02 2.098293787110961621e-09
3.836807446809096384e-02 2.091105581380129745e-09
3.881235583143458762e-02 2.098204096673698014e-09
3.926178173050358378e-02 2.091590170179649923e-09
3.971641173621406201e-02 2.093758358143508248e-09
4.017630610928087792e-02 2.093048070421489684e-09
4.064152580820496602e-02 2.091575539629932126e-09
4.111213249735354985e-02 2.089911086633651567e-09
4.158818855513353452e-02 2.093419463255451262e-09
4.206975708225977467e-02 2.087088228036712718e-09
4.255690191011882867e-02 2.092122689181854886e-09
4.304968760923003068e-02 2.089379318085706311e-09
4.354817949780401959e-02 2.084322342095491038e-09
4.405244365040068139e-02 2.089539043799981777e-09
4.456254690668729618e-02 2.090267335551536610e-09
4.507855688029784730e-02 2.084444613378034759e-09
4.560054196779547708e-02 2.082929101106746241e-09
4.612857135773814482e-02 2.083603954536812834e-09
4.666271503984956853e-02 2.084898067764919099e-09
4.720304381429617224e-02 2.085927632898668798e-09
4.774962930107178732e-02 2.085916764058338555e-09
4.830254394949064223e-02 2.084812949135210866e-09
4.886186104779054878e-02 2.084185789432492142e-09
4.942765473284694427e-02 2.082981294472972064e-09
4.999999999999998890e-02 2.081486226346363059e-09
5.057897271299490599e-02 2.078387710715537110e-09
5.116464961403772299e-02 2.076713360383265072e-09
5.175710833396719723e-02 2.075881823333425281e-09
5.235642740254497357e-02 2.073801002865044196e-09
5.296268625886442483e-02 2.078711379550386905e-09
5.357596526188034003e-02 2.072410493591302022e-09
5.419634570106017513e-02 2.074972767963715895e-09
5.482390980715924622e-02 2.075966119805801879e-09
5.545874076312003881e-02 2.071496856112805543e-09
5.610092271509820039e-02 2.075275654113516817e-09
5.675054078361575771e-02 2.069440308277221194e-09
5.740768107484413296e-02 2.074175389993031733e-09
5.807243069201711849e-02 2.069097886165766118e-09
5.874487774697650239e-02 2.070034082926576705e-09
5.942511137185094161e-02 2.072046716332257552e-09
6.011322173087065707e-02 2.066987666976936387e-09
6.080930003231838771e-02 2.066766971353918302e-09
6.151343854061905314e-02 2.068799415519041473e-09
6.222573058856926964e-02 2.068986439686858960e-09
6.294627058970836408e-02 2.068353987805268137e-09
6.367515405083307156e-02 2.066400983639650159e-09
6.441247758465666606e-02 2.065253006011544410e-09
6.515833892261499449e-02 2.064734768879150535e-09
6.591283692782035075e-02 2.065817718853755542e-09
6.667607160816618750e-02 2.064431206285328208e-09
6.744814412958265171e-02 2.063075887716110867e-09
6.822915682944626081e-02 2.059379934092800619e-09
6.901921323014426068e-02 2.058151093273636827e-09
6.981841805279687119e-02 2.061248070042612598e-09
7.062687723113769689e-02 2.058628526231584974e-09
7.144469792555516174e-02 2.057398946452717446e-09
7.227198853729638328e-02 2.059071531381533480e-09
7.310885872283590103e-02 2.055300679707707309e-09
7.395541940841034168e-02 2.056783014022526765e-09
7.481178280472169928e-02 2.056183053535645769e-09
7.567806242181042420e-02 2.052956433401800464e-09
7.655437308410149855e-02 2.054898056151780479e-09
7.744083094562402569e-02 2.055048448088702594e-09
7.833755350540749784e-02 2.052891222002051693e-09
7.924465962305571320e-02 2.051198464803141970e-09
8.016226953450207582e-02 2.049952928569325744e-09
8.109050486794647239e-02 2.049338024508814847e-09
8.202948865997691796e-02 2.048789949235013753e-09
8.297934537187805215e-02 2.049647949491667753e-09
8.394020090612801244e-02 2.050533297660929443e-09
8.491218262308719567e-02 2.048319908564224589e-09
8.589541935787936566e-02 2.045599077937582808e-09
8.689004143746879849e-02 2.048107270738126256e-09
8.789618069793463107e-02 2.045440144611379428e-09
8.891397050194613239e-02 2.045242590474388929e-09
8.994354575643936922e-02 2.042807848779576109e-09
9.098504293049919367e-02 2.045246332136699063e-09
9.203860007344781546e-02 2.041365295048632205e-09
9.310435683314335908e-02 2.041558841095672616e-09
9.418245447449000163e-02 2.042573368698027878e-09
9.527303589816239759e-02 2.042202862228569907e-09
9.637624565954681921e-02 2.041408229158643641e-09
9.749222998790225969e-02 2.041072887948054533e-09
9.862113680574265129e-02 2.040470258921424730e-09
9.976311574844401453e-02 2.038582845226872029e-09
1.009183181840780652e-01 2.035928354203890186e-09
1.020868972334764563e-01 2.036434690556043395e-09
1.032690077905264459e-01 2.037080963530886099e-09
1.044648065427020295e-01 2.033649182288996494e-09
1.056744519918323688e-01 2.036457238055138244e-09
1.068981044751115966e-01 2.032820243617827283e-09
1.081359261863509835e-01 2.032572456030419323e-09
1.093880811974775741e-01 2.034090459278065232e-09
1.106547354802819155e-01 2.032286298447297079e-09
1.119360569284169882e-01 2.031040137291394863e-09
1.132322153796529729e-01 2.030244352037107985e-09
1.145433826383886050e-01 2.029426604058621070e-09
1.158697324984239579e-01 2.030269713292797994e-09
1.172114407659961138e-01 2.028552970393576036e-09
1.185686852830827448e-01 2.025767199656161763e-09
1.199416459509744931e-01 2.028090785961443044e-09
1.213305047541208409e-01 2.024501841592575089e-09
1.227354457842515373e-01 2.024840938368147455e-09
1.241566552647785093e-01 2.023565741177666881e-09
1.255943215754789510e-01 2.023338619884991516e-09
1.270486352774652938e-01 2.023896158832769022e-09
1.285197891384432245e-01 2.023710296762525849e-09
1.300079781582635929e-01 2.022642301567678349e-09
1.315133995947690426e-01 2.020970640757928078e-09
1.330362529899405399e-01 2.018972811847324693e-09
1.345767401963458010e-01 2.019442677783325689e-09
1.361350654038956109e-01 2.019833365268820920e-09
1.377114351669082859e-01 2.017660982871602228e-09
1.393060584314886052e-01 2.017846319871012931e-09
1.409191465632227414e-01 2.017031892512100738e-09
1.425509133751954594e-01 2.015550483559717794e-09
1.442015751563302528e-01 2.014544348237021373e-09
1.458713507000582721e-01 2.013470367402840926e-09
1.475604613333193205e-01 2.013114088447879654e-09
1.492691309458979987e-01 2.013967337317276220e-09
1.509975860201007714e-01 2.012995812428119748e-09
1.527460556607755926e-01 2.010430661443004686e-09
1.545147716256795867e-01 2.011830829527601542e-09
1.563039683561977811e-01 2.010004985839802214e-09
1.581138830084189428e-01 2.008855054705703225e-09
1.599447554845698227e-01 2.008026927431698824e-09
1.617968284648141630e-01 2.007139037724463795e-09
1.636703474394191060e-01 2.007066706703718143e-09
1.655655607412955255e-01 2.005951651360654406e-09
1.674827195789137801e-01 2.006669366332652098e-09
1.694220780696013284e-01 2.004250351517403369e-09
1.713838932732252018e-01 2.005484155077029940e-09
1.733684252262658043e-01 2.003401640132239498e-09
1.753759369762838971e-01 2.003144413644051308e-09
1.774066946167878189e-01 2.002046884012783315e-09
1.794609673225026347e-01 2.000990231887046020e-09
1.815390273850506775e-01 1.999872195454483219e-09
1.836411502490422898e-01 2.002600535991754086e-09
1.857676145485863961e-01 1.998433280462628288e-09
1.879187021442221273e-01 1.999312318712383145e-09
1.900946981602806007e-01 1.997919942054052214e-09
1.922958910226767459e-01 1.996084801334793517e-09
1.945225724971401948e-01 1.996133101627991088e-09
1.967750377278887908e-01 1.995709160371228638e-09
1.990535852767486291e-01 1.996434970943831188e-09
2.013585171627295112e-01 1.994099541414608703e-09
2.036901389020562836e-01 1.994465349522997828e-09
2.060487595486651669e-01 1.993006898185687450e-09
2.084346917351677098e-01 1.991616652594545837e-09
2.108482517142910850e-01 1.991775150591748908e-09
2.132897594007962250e-01 1.990778293409870983e-09
2.157595384138826788e-01 1.991278226073290033e-09
2.182579161200829954e-01 1.988874001273807284e-09
2.207852236766562337e-01 1.989320521940410778e-09
2.233417960754814358e-01 1.988299859737472360e-09
2.259279721874613012e-01 1.987746566865394218e-09
2.285440948074375644e-01 1.987265365668302207e-09
2.311905106996301196e-01 1.987040334776313135e-09
2.338675706435990320e-01 1.984089002804382585e-09
2.365756294807403459e-01 1.984874540487997634e-09
2.393150461613192115e-01 1.983296782036025765e-09
2.420861837920496862e-01 1.983260044245649878e-09
2.448894096842230417e-01 1.982330977135195131e-09
2.477250954023952345e-01 1.981852815763550947e-09
2.505936168136362330e-01 1.980839722695407679e-09
2.534953541373521912e-01 1.980447729250249429e-09
2.564306919956823583e-01 1.979844531138472434e-09
2.594000194644804358e-01 1.978406836659441830e-09
2.624037301248863807e-01 1.978394065033595571e-09
2.654422221154941752e-01 1.977283524642745560e-09
2.685158981851262783e-01 1.977288562409188866e-09
2.716251657462164792e-01 1.975774261110773329e-09
2.747704369288123671e-01 1.975588855946735680e-09
2.779521286352018006e-01 1.975151782362403239e-09
2.811706625951744809e-01 1.973892651391966002e-09
2.844264654219206268e-01 1.973901811696871666e-09
2.877199686685785740e-01 1.971908710550615576e-09
2.910516088854357419e-01 1.971527462732035259e-09
2.944218276777944010e-01 1.970768971914909027e-09
2.978310717645051287e-01 1.970790385655478528e-09
3.012797930371790001e-01 1.969332526064398063e-09
3.047684486200846199e-01 1.968173436770703286e-09
3.082975009307410419e-01 1.968225387920083171e-09
3.118674177412095738e-01 1.967106885893454657e-09
3.154786722400967358e-01 1.966751580824493582e-09
3.191317430952744227e-01 1.966325648886060303e-09
3.228271145173277623e-01 1.965294789297286474e-09
3.265652763237361089e-01 1.964480262546880569e-09
3.303467240037981645e-01 1.964046449433725554e-09
3.341719587843073325e-01 1.963372715997142872e-09
3.380414876959909054e-01 1.962153030381824447e-09
3.419558236407145846e-01 1.961636942258640937e-09
3.459154854594680417e-01 1.962195656175514937e-09
3.499209980011369070e-01 1.960973278840652019e-09
3.539728921920690108e-01 1.959950960927922707e-09
3.580717051064509771e-01 1.958734748880385586e-09
3.622179800374949465e-01 1.958524744138458633e-09
3.664122665694521941e-01 1.957170048517861697e-09
3.706551206504588025e-01 1.956980674295231578e-09
3.749471046662278817e-01 1.955451137936859781e-09
3.792887875145917742e-01 1.955472991945709076e-09
3.836807446809096245e-01 1.954369532471520874e-09
3.881235583143459178e-01 1.954515359173015427e-09
3.926178173050358100e-01 1.952221464523926040e-09
3.971641173621405785e-01 1.953266573383561244e-09
4.017630610928087376e-01 1.951162036016258569e-09
4.064152580820497573e-01 1.950752311969664548e-09
4.111213249735355402e-01 1.950699141520794086e-09
4.158818855513354285e-01 1.950003321071424291e-09
4.206975708225977328e-01 1.948563978876451418e-09
4.255690191011883838e-01 1.948872821803844199e-09
4.304968760923003068e-01 1.947238714698530875e-09
4.354817949780401820e-01 1.947180333218804519e-09
4.405244365040071886e-01 1.947637990839433275e-09
4.456254690668728924e-01 1.945720408376078343e-09
4.507855688029784313e-01 1.944641676098128310e-09
4.560054196779547153e-01 1.944527221019376573e-09
4.612857135773818507e-01 1.943017760557273364e-09
4.666271503984956714e-01 1.942714475754537595e-09
4.720304381429616947e-01 1.941336851176694683e-09
4.774962930107179426e-01 1.941023797314973339e-09
4.830254394949065055e-01 1.940672056368542027e-09
4.886186104779055572e-01 1.936811987225254924e-09
4.942765473284694844e-01 1.939173369004397095e-09
5.000000000000000000e-01 1.938458658840789266e-09
5.235642740254496941e-01 1.935027171956693355e-09
5.482390980715925455e-01 1.932555889682490741e-09
5.740768107484413019e-01 1.930336987479032053e-09
6.011322173087064735e-01 1.927797635225831694e-09
6.294627058970835298e-01 1.924015192763567845e-09
6.591283692782035075e-01 1.921586208204243469e-09
6.901921323014423848e-01 1.917012390394610934e-09
7.227198853729638328e-01 1.915467294985770270e-09
7.567806242181041032e-01 1.913922861386176724e-09
7.924465962305566880e-01 1.910719775199085959e-09
8.297934537187803272e-01 1.907193962990867307e-09
8.689004143746876796e-01 1.903175493544251384e-09
9.098504293049917147e-01 1.903006919658926920e-09
9.527303589816236151e-01 1.899754761768059566e-09
9.976311574844398677e-01 1.895878833415729669e-09
1.044648065427019601e+00 1.893555014083901243e-09
1.093880811974776268e+00 1.890202470167942882e-09
1.145433826383886355e+00 1.887818184194873554e-09
1.199416459509745181e+00 1.883674262103164944e-09
1.255943215754790065e+00 1.880696454862799642e-09
1.315133995947690870e+00 1.878839370038875817e-09
1.377114351669083137e+00 1.876189853328801293e-09
1.442015751563302972e+00 1.873447426432493998e-09
1.509975860201008047e+00 1.871119173008812683e-09
1.581138830084189539e+00 1.867935059858611239e-09
1.655655607412955588e+00 1.866377888517294706e-09
1.733684252262658321e+00 1.862225677254341128e-09
1.815390273850506775e+00 1.859022294293975544e-09
1.900946981602805730e+00 1.857084842589888037e-09
1.990535852767486125e+00 1.853497886039958812e-09
2.084346917351676876e+00 1.850146821038801295e-09
2.182579161200830065e+00 1.859646500219347004e-09
2.285440948074374923e+00 1.843540132445638668e-09
2.393150461613192004e+00 1.842386186857424706e-09
2.505936168136361886e+00 1.840182560993045812e-09
2.624037301248862697e+00 1.836784723314235686e-09
2.747704369288122450e+00 1.833811776054878460e-09
2.877199686685784297e+00 1.831275754100153762e-09
3.012797930371788890e+00 1.828621246743545257e-09
3.154786722400966248e+00 1.827877269700389121e-09
3.303467240037980091e+00 1.822400114620927144e-09
3.459154854594681971e+00 1.820398859746313766e-09
3.622179800374950354e+00 1.817483680607994365e-09
3.792887875145919185e+00 1.815614084447182581e-09
3.971641173621408338e+00 1.810696713864845477e-09
4.158818855513356283e+00 1.809669231502702312e-09
4.354817949780404263e+00 1.803754837179536781e-09
4.560054196779547375e+00 1.806053398654918743e-09
4.774962930107178316e+00 1.801070172270509657e-09
5.000000000000000000e+00 1.796557382105770808e-09
6.294627058970835520e+00 1.783735536934114275e-09
7.924465962305568212e+00 1.776292891639149503e-09
9.976311574844395125e+00 1.755977530293703844e-09
1.255943215754790110e+01 1.741257330965435724e-09
1.581138830084189451e+01 1.730614419887232045e-09
1.990535852767486347e+01 1.715735355743938532e-09
2.505936168136361886e+01 1.702750616165975891e-09
3.154786722400966070e+01 1.236567257206110623e-09
3.971641173621405585e+01 1.676630489276983906e-09
4.999999999999999289e+01 1.661228429732343893e-09
