4.774962930107183736e-05 1.405452805737029010e-13
4.886186104779054808e-05 1.240469942573110843e-12
4.999999999999999562e-05 3.974971161852185344e-12
5.057897271299490442e-05 5.994307295183936559e-12
5.116464961403767209e-05 8.472833810319865063e-12
5.175710833396714221e-05 1.142441308035673273e-11
5.235642740254491318e-05 1.486050456261620691e-11
5.296268625886447866e-05 1.880784079300684225e-11
5.357596526188034176e-05 2.326981634760599371e-11
5.419634570106018624e-05 2.826605651607056634e-11
5.482390980715924394e-05 3.381918986248907190e-11
5.545874076312003680e-05 3.993440335126351382e-11
5.610092271509813691e-05 4.662201374929473535e-11
5.675054078361571342e-05 5.391199924483468366e-11
5.740768107484407919e-05 6.180828097293960114e-11
5.807243069201718186e-05 7.031879796531109542e-11
5.874487774697651393e-05 7.945529202149346017e-11
5.942511137185093809e-05 8.922060688408141445e-11
6.011322173087064877e-05 9.965201732278100418e-11
6.080930003231838695e-05 1.107574558440860889e-10
6.151343854061905325e-05 1.224985626789656672e-10
6.222573058856921034e-05 1.349621640740842865e-10
6.294627058970830402e-05 1.481185292848079772e-10
6.367515405083314138e-05 1.618240614726853316e-10
6.441247758465673719e-05 1.762930411079744804e-10
6.515833892261499124e-05 1.914927759290410115e-10
6.591283692782035650e-05 2.072767347104122258e-10
6.667607160816619769e-05 2.238051747175649835e-10
6.744814412958265366e-05 2.409934422307154290e-10
6.822915682944618535e-05 2.588714218503318661e-10
6.901921323014417829e-05 2.773330533201031662e-10
6.981841805279679497e-05 2.965532913347225569e-10
7.062687723113775782e-05 3.164336005937883168e-10
7.144469792555517389e-05 3.367820281510736371e-10
7.227198853729638578e-05 3.577458536963669966e-10
7.310885872283590017e-05 3.792926789261500823e-10
7.395541940841035122e-05 4.015652910741312462e-10
7.481178280472162371e-05 4.239842772482535743e-10
7.567806242181034505e-05 4.472770923779151249e-10
7.655437308410142656e-05 4.708908709312983145e-10
7.744083094562412067e-05 4.948273696730746530e-10
7.833755350540748852e-05 5.192781789785637223e-10
7.924465962305569597e-05 5.440303097187511136e-10
8.016226953450208102e-05 5.690059143386847994e-10
8.109050486794647857e-05 5.943645947506727703e-10
8.202948865997692718e-05 6.198698377960927131e-10
8.297934537187796715e-05 6.456106119122594258e-10
8.394020090612792852e-05 6.713377871842697074e-10
8.491218262308728262e-05 6.968301341562823341e-10
8.589541935787945305e-05 7.223293441153072820e-10
8.689004143746881595e-05 7.477119388488790751e-10
8.789618069793464267e-05 7.734293753344569286e-10
8.891397050194613488e-05 7.980832235357244587e-10
8.994354575643936521e-05 8.231996846409648955e-10
9.098504293049911853e-05 8.471445242094462499e-10
9.203860007344770748e-05 8.706830593436736666e-10
9.310435683314326931e-05 8.941259724364893736e-10
9.418245447449007861e-05 9.167774540823875026e-10
9.527303589816240703e-05 9.383990241437355986e-10
9.637624565954680924e-05 9.593380779966043796e-10
9.749222998790223855e-05 9.793850388853260415e-10
9.862113680574265443e-05 9.979445557191827676e-10
9.976311574844392432e-05 1.015814560238690696e-09
1.009183181840780556e-04 1.032617443875589188e-09
1.020868972334764650e-04 1.047821512470991885e-09
1.032690077905264333e-04 1.061849101234022915e-09
1.044648065427019099e-04 1.074491263130746794e-09
1.056744519918323541e-04 1.085397603221894806e-09
1.068981044751116051e-04 1.094992163148411814e-09
1.081359261863509689e-04 1.102874795300479247e-09
1.093880811974775783e-04 1.109102282290144495e-09
1.106547354802819166e-04 1.113396333751880834e-09
1.119360569284169707e-04 1.115956024130862838e-09
1.132322153796529580e-04 1.116793842488803420e-09
1.145433826383886026e-04 1.115687172416364047e-09
1.158697324984239615e-04 1.113413111913401295e-09
1.172114407659961431e-04 1.108340310670247965e-09
1.185686852830827420e-04 1.102330099751813441e-09
1.199416459509744813e-04 1.094171991674650032e-09
1.213305047541207216e-04 1.084138278879105679e-09
1.227354457842515364e-04 1.072536047420204287e-09
1.241566552647784948e-04 1.059338411094540828e-09
1.255943215754789502e-04 1.044373313756114917e-09
1.270486352774653110e-04 1.028169335210541260e-09
1.285197891384432108e-04 1.010830865946856628e-09
1.300079781582635788e-04 9.922320185187541299e-10
1.315133995947690435e-04 9.725402390839808803e-10
1.330362529899403897e-04 9.522285201586420254e-10
1.345767401963458333e-04 9.308324838500313712e-10
1.361350654038956344e-04 9.095411042409156924e-10
1.377114351669082826e-04 8.874602181641111997e-10
1.393060584314884456e-04 8.657348271367974172e-10
1.409191465632227234e-04 8.442081828831032653e-10
1.425509133751954596e-04 8.231145160270605523e-10
1.442015751563302474e-04 8.028658174929352263e-10
1.458713507000582675e-04 7.835555099800770311e-10
1.475604613333193142e-04 7.657765121115763964e-10
1.492691309458979746e-04 7.494604427736133259e-10
1.509975860201007907e-04 7.349612148911575567e-10
1.527460556607755941e-04 7.228904137298293872e-10
1.545147716256795760e-04 7.128845369971041957e-10
1.563039683561977700e-04 7.059429039865270017e-10
1.581138830084189426e-04 7.018149858061674911e-10
1.599447554845698401e-04 7.009122556134194895e-10
1.617968284648140247e-04 7.035203407876101855e-10
1.636703474394191234e-04 7.094740691823076312e-10
1.655655607412955237e-04 7.191842322570905311e-10
1.674827195789137550e-04 7.326509521103275196e-10
1.694220780696013395e-04 7.502164384809993164e-10
1.713838932732251867e-04 7.716437092681325336e-10
1.733684252262658175e-04 7.970375490850414776e-10
1.753759369762839622e-04 8.261612557902760278e-10
1.774066946167876340e-04 8.590360780751738493e-10
1.794609673225026631e-04 8.954452224453851018e-10
1.815390273850506729e-04 9.353138934580938035e-10
1.836411502490422785e-04 9.781104442441340025e-10
1.857676145485863753e-04 1.023832035668304691e-09
1.879187021442221307e-04 1.071457616148474483e-09
1.900946981602805912e-04 1.120922039202892863e-09
1.922958910226767171e-04 1.171781845367480890e-09
1.945225724971401946e-04 1.223652889790843308e-09
1.967750377278886019e-04 1.275329789544920046e-09
1.990535852767486220e-04 1.326645419270439554e-09
2.013585171627295032e-04 1.376618196474223696e-09
2.036901389020563029e-04 1.424911619848891446e-09
2.060487595486651640e-04 1.470740837355099348e-09
2.084346917351676985e-04 1.513529637855555658e-09
2.108482517142910915e-04 1.552641465692536018e-09
2.132897594007962039e-04 1.586636202136814360e-09
2.157595384138824807e-04 1.616184117438603642e-09
2.182579161200830003e-04 1.639911089841977352e-09
2.207852236766562521e-04 1.657872994797112022e-09
2.233417960754814700e-04 1.669222680625088702e-09
2.259279721874612925e-04 1.674737286017379578e-09
2.285440948074375211e-04 1.672907610597806809e-09
2.311905106996301688e-04 1.664751986124606551e-09
2.338675706435990400e-04 1.650282338366797532e-09
2.365756294807401202e-04 1.629792386439842262e-09
2.393150461613192416e-04 1.603993483932130172e-09
2.420861837920496940e-04 1.573030319446070514e-09
2.448894096842230486e-04 1.537618335585388727e-09
2.477250954023952571e-04 1.499040643003302121e-09
2.505936168136362096e-04 1.457827892404390939e-09
2.534953541373521587e-04 1.415895162560578934e-09
2.564306919956823639e-04 1.373833488271470077e-09
2.594000194644803916e-04 1.333030944031117215e-09
2.624037301248860888e-04 1.294870931717874327e-09
2.654422221154941939e-04 1.260605459176048383e-09
2.685158981851263043e-04 1.231759512498686379e-09
2.716251657462165044e-04 1.208616908692718587e-09
2.747704369288123854e-04 1.193355832522540566e-09
2.779521286352018127e-04 1.185991160432752931e-09
2.811706625951744943e-04 1.187139059418344840e-09
2.844264654219205712e-04 1.197939520875947700e-09
2.877199686685782661e-04 1.217951306719836334e-09
2.910516088854357393e-04 1.247293512841678144e-09
2.944218276777944170e-04 1.284939233660024188e-09
2.978310717645051204e-04 1.330759299069461772e-09
3.012797930371790027e-04 1.383662751955849331e-09
3.047684486200846234e-04 1.441323792200950873e-09
3.082975009307410263e-04 1.503060056391439918e-09
3.118674177412095313e-04 1.566473131874681148e-09
3.154786722400964379e-04 1.629651199331167216e-09
3.191317430952743915e-04 1.690142645275406903e-09
3.228271145173277267e-04 1.746054885854216938e-09
3.265652763237360972e-04 1.795694269309410508e-09
3.303467240037981823e-04 1.836820584366750116e-09
3.341719587843073962e-04 1.867762564664012802e-09
3.380414876959908759e-04 1.887758738737504707e-09
3.419558236407145655e-04 1.895587601697690317e-09
3.459154854594681137e-04 1.891248167516164778e-09
3.499209980011365223e-04 1.874142604473663555e-09
3.539728921920690086e-04 1.846376884460756892e-09
3.580717051064509905e-04 1.808738590928648197e-09
3.622179800374948611e-04 1.762936796006280938e-09
3.664122665694521551e-04 1.712202092402098942e-09
3.706551206504588155e-04 1.658641601249546546e-09
3.749471046662278739e-04 1.606277715946994017e-09
3.792887875145917642e-04 1.557493488133739092e-09
3.836807446809091808e-04 1.515615184934696096e-09
3.881235583143459109e-04 1.484020181807215295e-09
3.926178173050358226e-04 1.464604549420292689e-09
3.971641173621405486e-04 1.458852413798253898e-09
4.017630610928087857e-04 1.468632373378449986e-09
4.064152580820496320e-04 1.493277412546879881e-09
4.111213249735355723e-04 1.532350009174158004e-09
4.158818855513353300e-04 1.583876259579051096e-09
4.206975708225972935e-04 1.644742840485887013e-09
4.255690191011882867e-04 1.711602867988102909e-09
4.304968760923002613e-04 1.780655410558076173e-09
4.354817949780401438e-04 1.847077720987287802e-09
4.405244365040072822e-04 1.906472480663502475e-09
4.456254690668729119e-04 1.954843626800097794e-09
4.507855688029783927e-04 1.988327741738986518e-09
4.560054196779547643e-04 2.004829710814553849e-09
4.612857135773813463e-04 2.003861631640609108e-09
4.666271503984952018e-04 1.984157010101422703e-09
4.720304381429617636e-04 1.948444847020498990e-09
4.774962930107178993e-04 1.899994464466950449e-09
4.830254394949064960e-04 1.843154364194048249e-09
4.886186104779055486e-04 1.783288282188134816e-09
4.942765473284694211e-04 1.726640895546438513e-09
4.999999999999999020e-04 1.678953438009356457e-09
5.057897271299491120e-04 1.645257764823915824e-09
5.116464961403766531e-04 1.629545834587628729e-09
5.175710833396719507e-04 1.635095823088517521e-09
5.235642740254497010e-04 1.661409951814995501e-09
5.296268625886442309e-04 1.706751040526789979e-09
5.357596526188034176e-04 1.767382515035599875e-09
5.419634570106019031e-04 1.836856059090177456e-09
5.482390980715924666e-04 1.908246676139668848e-09
5.545874076312004358e-04 1.974065043810066506e-09
5.610092271509814097e-04 2.027298822718964113e-09
5.675054078361570394e-04 2.061147794891667321e-09
5.740768107484413340e-04 2.072162689808435513e-09
5.807243069201711546e-04 2.058956611974044287e-09
5.874487774697650716e-04 2.023771142207482056e-09
5.942511137185093944e-04 1.971278456077730398e-09
6.011322173087063929e-04 1.909122774586895844e-09
6.080930003231838424e-04 1.846313648935650712e-09
6.151343854061905054e-04 1.792282468554427412e-09
6.222573058856920762e-04 1.756094138977875994e-09
6.294627058970836365e-04 1.743472800621757795e-09
6.367515405083307633e-04 1.757955216211788249e-09
6.441247758465673719e-04 1.798131675604492828e-09
6.515833892261498582e-04 1.858605165966540202e-09
6.591283692782036463e-04 1.930314259403707499e-09
6.667607160816619227e-04 2.002477471057310113e-09
6.744814412958264824e-04 2.063292372488639282e-09
6.822915682944617451e-04 2.102505329891208887e-09
6.901921323014424334e-04 2.113905935514339643e-09
6.981841805279687899e-04 2.095429014664323828e-09
7.062687723113776324e-04 2.051106457912995926e-09
7.144469792555517389e-04 1.989620390377891964e-09
7.227198853729638849e-04 1.923450633687849233e-09
7.310885872283591101e-04 1.866782431945168055e-09
7.395541940841035122e-04 1.831970076554974912e-09
7.481178280472162642e-04 1.827389285004012708e-09
7.567806242181033963e-04 1.855289222787005731e-09
7.655437308410150245e-04 1.910059337195025864e-09
7.744083094562403393e-04 1.982506640464854759e-09
7.833755350540749394e-04 2.055191537580545148e-09
7.924465962305568241e-04 2.112381249412267996e-09
8.016226953450207018e-04 2.141158591091271054e-09
8.109050486794647586e-04 2.135132031924384404e-09
8.202948865997693531e-04 2.100116843206944874e-09
8.297934537187796715e-04 2.032370843351355858e-09
8.394020090612802068e-04 1.965366818975163036e-09
8.491218262308720130e-04 1.898840581595114547e-09
8.589541935787946931e-04 1.884690962782330525e-09
8.689004143746880239e-04 1.898939397182915113e-09
8.789618069793463453e-04 1.946815838454469461e-09
8.891397050194612675e-04 2.017087732889726654e-09
8.994354575643935708e-04 2.090527342483477396e-09
9.098504293049909956e-04 2.129170858174483634e-09
9.203860007344780506e-04 2.163899181643356425e-09
9.310435683314337773e-04 2.142060532790768449e-09
9.418245447449008403e-04 2.085694013311711403e-09
9.527303589816240974e-04 2.023448856580769907e-09
9.637624565954682008e-04 1.958358779713709266e-09
9.749222998790226836e-04 1.932449257691486451e-09
9.862113680574266256e-04 1.949955840384913436e-09
9.976311574844392432e-04 2.005257007814903852e-09
1.009183181840779715e-03 2.078133699519543804e-09
1.020868972334764650e-03 2.148567702416428089e-09
1.032690077905264224e-03 2.183694951991260991e-09
1.044648065427020156e-03 2.165717900846644168e-09
1.056744519918323541e-03 2.117555071903652819e-09
1.068981044751116105e-03 2.041204715857608406e-09
1.081359261863509879e-03 1.985288463959101522e-09
1.093880811974775810e-03 1.967596600322293824e-09
1.106547354802818028e-03 2.000078036145343660e-09
1.119360569284169734e-03 2.068905501388131755e-09
1.132322153796529608e-03 2.143465188375057990e-09
1.145433826383887056e-03 2.183450777450665441e-09
1.158697324984239588e-03 2.179610406701934583e-09
1.172114407659961052e-03 2.126185589591589164e-09
1.185686852830827474e-03 2.052424728029732719e-09
1.199416459509744732e-03 2.007570144587112436e-09
1.213305047541206891e-03 2.000986435128016617e-09
1.227354457842515364e-03 2.051326774838130260e-09
1.241566552647784894e-03 2.127579510708926766e-09
1.255943215754790803e-03 2.183956471954240838e-09
1.270486352774652947e-03 2.191339296020248565e-09
1.285197891384432054e-03 2.151027395385349370e-09
1.300079781582635843e-03 2.075939166242061808e-09
1.315133995947690435e-03 2.026686028256013398e-09
1.330362529899403951e-03 2.027721226036538042e-09
1.345767401963456761e-03 2.084708603772307862e-09
1.361350654038956127e-03 2.158985212122904210e-09
1.377114351669082772e-03 2.201329489889737538e-09
1.393060584314885974e-03 2.178420127863806038e-09
1.409191465632227396e-03 2.119131494703119959e-09
1.425509133751954758e-03 2.058454059827986088e-09
1.442015751563302745e-03 2.044643766385684488e-09
1.458713507000582730e-03 2.089059746057375694e-09
1.475604613333191895e-03 2.166602108339642992e-09
1.492691309458979909e-03 2.207366854342089646e-09
1.509975860201007635e-03 2.188119443176572154e-09
1.527460556607757730e-03 2.119638464550378140e-09
1.545147716256795815e-03 2.061095323482265856e-09
1.563039683561977646e-03 2.068771978381233817e-09
1.581138830084189480e-03 2.124582026002813331e-09
1.599447554845698184e-03 2.191679916239353708e-09
1.617968284648140355e-03 2.206801331606116536e-09
1.636703474394191234e-03 2.151269562080900486e-09
1.655655607412955237e-03 2.084272345865579456e-09
1.674827195789139285e-03 2.079625023502199508e-09
1.694220780696013232e-03 2.137896435194517074e-09
1.713838932732252192e-03 2.198807737857928580e-09
1.733684252262658121e-03 2.208862233861193867e-09
1.753759369762839405e-03 2.150756060581715542e-09
1.774066946167876177e-03 2.086683039592541141e-09
1.794609673225024517e-03 2.093475873326186403e-09
1.815390273850506567e-03 2.164841150012621222e-09
1.836411502490422568e-03 2.214093809419531348e-09
1.857676145485863536e-03 2.196727770126869979e-09
1.879187021442221524e-03 2.131987702523785422e-09
1.900946981602806346e-03 2.094111143498402441e-09
1.922958910226767225e-03 2.140517602111852103e-09
1.945225724971402434e-03 2.212237784095473617e-09
1.967750377278885965e-03 2.212681844421482394e-09
1.990535852767486274e-03 2.142191887413329674e-09
2.013585171627295303e-03 2.102756827598235625e-09
2.036901389020564709e-03 2.143207108049497604e-09
2.060487595486651478e-03 2.205152489458502454e-09
2.084346917351677202e-03 2.203468939639426465e-09
2.108482517142910590e-03 2.139491524293166817e-09
2.132897594007962527e-03 2.108508358370186937e-09
2.157595384138824915e-03 2.164860486902081860e-09
2.182579161200830058e-03 2.217229182406715360e-09
2.207852236766562250e-03 2.190747287590264298e-09
2.233417960754816977e-03 2.125641836403290112e-09
2.259279721874612491e-03 2.133901715627230929e-09
2.285440948074375211e-03 2.203067956595712892e-09
2.311905106996301092e-03 2.212314390398070845e-09
2.338675706435990129e-03 2.148762918744446652e-09
2.365756294807400822e-03 2.124183250107878209e-09
2.393150461613189652e-03 2.181635253512534854e-09
2.420861837920496723e-03 2.223945086319911716e-09
2.448894096842230052e-03 2.162360325281162481e-09
2.477250954023952137e-03 2.124058233224957570e-09
2.505936168136361879e-03 2.182597778023568482e-09
2.534953541373521912e-03 2.214248647566271129e-09
2.564306919956823531e-03 2.167713338130258049e-09
2.594000194644804132e-03 2.131269035675365017e-09
2.624037301248860997e-03 2.181088288411491032e-09
2.654422221154941613e-03 2.223299095211428777e-09
2.685158981851263043e-03 2.150955440925183874e-09
2.716251657462167429e-03 2.131557626397831938e-09
2.747704369288123637e-03 2.209345792073669922e-09
2.779521286352018561e-03 2.205973276858748242e-09
2.811706625951745052e-03 2.139995072297490236e-09
2.844264654219206146e-03 2.171266843183682184e-09
2.877199686685782878e-03 2.227101782202828666e-09
2.910516088854357610e-03 2.170835015625545148e-09
2.944218276777944496e-03 2.145224327219574870e-09
2.978310717645054565e-03 2.223641474751909964e-09
3.012797930371789810e-03 2.203613787317828950e-09
3.047684486200846234e-03 2.142910220778502423e-09
3.082975009307410696e-03 2.191478126967029072e-09
3.118674177412095096e-03 2.216941727587079465e-09
3.154786722400964704e-03 2.156155330680980789e-09
3.191317430952740446e-03 2.176919164026940160e-09
3.228271145173277484e-03 2.215843623063368756e-09
3.265652763237360864e-03 2.160040371899286625e-09
3.303467240037981714e-03 2.176181533161979180e-09
3.341719587843073637e-03 2.220009818514002800e-09
3.380414876959908759e-03 2.161884377568016263e-09
3.419558236407145655e-03 2.172044963539452537e-09
3.459154854594680920e-03 2.218215549001394111e-09
3.499209980011365115e-03 2.157769111000814974e-09
3.539728921920689761e-03 2.186365115468852199e-09
3.580717051064509580e-03 2.211524967102961455e-09
3.622179800374952189e-03 2.153494732181182583e-09
3.664122665694521767e-03 2.201547445693067136e-09
3.706551206504587505e-03 2.191286508615313461e-09
3.749471046662278956e-03 2.157335547147488901e-09
3.792887875145917534e-03 2.218193176265489503e-09
3.836807446809092567e-03 2.168987715946577339e-09
3.881235583143459976e-03 2.179421010778755866e-09
3.926178173050358551e-03 2.210606129160323177e-09
3.971641173621410364e-03 2.156512469190444199e-09
4.017630610928087966e-03 2.216159360442643339e-09
4.064152580820497296e-03 2.175649713093893491e-09
4.111213249735355506e-03 2.183181721048152517e-09
4.158818855513353625e-03 2.207710836283795599e-09
4.206975708225972610e-03 2.163671431010824423e-09
4.255690191011878530e-03 2.216397279167807292e-09
4.304968760923003589e-03 2.164880658156456900e-09
4.354817949780402306e-03 2.196497591899163085e-09
4.405244365040072822e-03 2.183204369983094389e-09
4.456254690668728577e-03 2.185270865249137566e-09
4.507855688029784036e-03 2.200642959236197464e-09
4.560054196779547535e-03 2.168780760899827859e-09
4.612857135773812921e-03 2.212556306675642141e-09
4.666271503984951476e-03 2.163196158178869642e-09
4.720304381429616877e-03 2.211234418335174802e-09
4.774962930107178559e-03 2.164573844978920716e-09
4.830254394949069947e-03 2.205918840936888720e-09
4.886186104779055052e-03 2.162644065621703678e-09
4.942765473284694427e-03 2.210909936889799564e-09
4.999999999999999237e-03 2.161495109643894159e-09
5.057897271299490252e-03 2.210167912453813942e-09
5.116464961403772820e-03 2.162131188376630322e-09
5.175710833396719723e-03 2.216854348987456890e-09
5.235642740254497010e-03 2.163852644955957413e-09
5.296268625886442309e-03 2.208533308483523252e-09
5.357596526188034176e-03 2.165238935384168911e-09
5.419634570106018380e-03 2.200537609804728544e-09
5.482390980715924449e-03 2.169959961848649044e-09
5.545874076312003707e-03 2.189958249403905128e-09
5.610092271509814314e-03 2.192780518758233353e-09
5.675054078361577332e-03 2.179059316229708277e-09
5.740768107484413990e-03 2.203032345888454424e-09
5.807243069201712196e-03 2.165853670784777611e-09
5.874487774697644861e-03 2.205912771952458527e-09
5.942511137185094161e-03 2.168791573866576444e-09
6.011322173087065880e-03 2.183487961476613642e-09
6.080930003231838424e-03 2.191476554523738378e-09
6.151343854061904620e-03 2.164117688207464888e-09
6.222573058856926617e-03 2.205571649586708692e-09
6.294627058970836582e-03 2.176312059239510803e-09
6.367515405083307850e-03 2.171005076040212722e-09
6.441247758465666780e-03 2.203680713952438583e-09
6.515833892261499449e-03 2.168371410698021224e-09
6.591283692782034728e-03 2.180266377740952338e-09
6.667607160816618576e-03 2.194249939829234858e-09
6.744814412958265691e-03 2.167732956855055456e-09
6.822915682944625040e-03 2.174001295230032951e-09
6.901921323014424334e-03 2.190591881592400517e-09
6.981841805279686598e-03 2.173166620959672293e-09
7.062687723113769168e-03 2.172446926537122985e-09
7.144469792555517389e-03 2.192389336925399516e-09
7.227198853729639716e-03 2.186094231124445616e-09
7.310885872283590450e-03 2.169182257743500802e-09
7.395541940841033821e-03 2.177301857291006171e-09
7.481178280472171316e-03 2.200714659570564242e-09
7.567806242181043287e-03 2.185680564115074507e-09
7.655437308410151763e-03 2.163802903168701873e-09
7.744083094562405345e-03 2.177095696311983944e-09
7.833755350540741805e-03 2.186013534822187717e-09
7.924465962305568892e-03 2.184692632096654866e-09
8.016226953450207235e-03 2.166437539073010966e-09
8.109050486794647586e-03 2.159792220144336822e-09
8.202948865997691796e-03 2.170889586476724859e-09
8.297934537187804521e-03 2.183373749512796032e-09
8.394020090612802285e-03 2.182848898395739270e-09
8.491218262308719913e-03 2.174956262390134235e-09
8.589541935787937607e-03 2.156363456844846829e-09
8.689004143746880890e-03 2.161641618862933720e-09
8.789618069793463453e-03 2.163756849620295365e-09
8.891397050194612892e-03 2.168374756580936760e-09
8.994354575643934840e-03 2.179685130739500673e-09
9.098504293049919714e-03 2.185456519229765216e-09
9.203860007344778771e-03 2.175957134395854327e-09
9.310435683314336255e-03 2.177832822867880125e-09
9.418245447448998428e-03 2.179105544735079115e-09
9.527303589816240106e-03 2.169702263212486811e-09
9.637624565954681574e-03 2.170846776759981033e-09
9.749222998790225969e-03 2.162191592187905754e-09
9.862113680574265823e-03 2.163578773547516867e-09
9.976311574844402841e-03 2.160287152616651568e-09
1.009183181840780756e-02 2.167005232152218070e-09
1.020868972334764563e-02 2.163437947601457356e-09
1.032690077905264354e-02 2.161828280950217069e-09
1.044648065427019115e-02 2.168862331025252456e-09
1.056744519918323584e-02 2.174059140032517434e-09
1.068981044751115932e-02 2.171175754994574682e-09
1.081359261863509835e-02 2.173892939940412486e-09
1.093880811974775637e-02 2.172412262375377429e-09
1.106547354802819329e-02 2.169645913031491242e-09
1.119360569284169951e-02 2.163482229441127275e-09
1.132322153796529694e-02 2.157956125882402638e-09
1.145433826383886189e-02 2.152966670958904280e-09
1.158697324984239718e-02 2.155394645678707328e-09
1.172114407659961138e-02 2.165046006017438329e-09
1.185686852830827517e-02 2.169354820456437151e-09
1.199416459509744862e-02 2.159671825739780720e-09
1.213305047541208062e-02 2.150492902698627716e-09
1.227354457842515408e-02 2.154033923266417480e-09
1.241566552647785197e-02 2.163631133554946999e-09
1.255943215754789372e-02 2.162311905691163436e-09
1.270486352774653077e-02 2.149262893507677101e-09
1.285197891384432141e-02 2.151360872995521111e-09
1.300079781582635929e-02 2.163413943758591505e-09
1.315133995947690565e-02 2.152502309372479605e-09
1.330362529899405469e-02 2.146315382552351583e-09
1.345767401963458149e-02 2.162637073412723730e-09
1.361350654038956040e-02 2.150789177397484074e-09
1.377114351669082686e-02 2.148216293734576193e-09
1.393060584314884456e-02 2.161165453623188902e-09
1.409191465632227483e-02 2.144438007763893110e-09
1.425509133751954628e-02 2.154426892106638329e-09
1.442015751563302701e-02 2.148612586559249852e-09
1.458713507000582860e-02 2.146969241869470377e-09
1.475604613333193239e-02 2.150564846677150505e-09
1.492691309458979952e-02 2.147430923496496441e-09
1.509975860201007852e-02 2.150842636478953690e-09
1.527460556607755995e-02 2.142763387375061602e-09
1.545147716256795901e-02 2.146529338640446759e-09
1.563039683561977602e-02 2.148546680060523240e-09
1.581138830084189567e-02 2.138047240944677259e-09
1.599447554845698227e-02 2.151745305269076695e-09
1.617968284648142047e-02 2.138374442502126908e-09
1.636703474394191060e-02 2.145634620164143309e-09
1.655655607412955324e-02 2.145860395531388346e-09
1.674827195789137593e-02 2.135075515593897906e-09
1.694220780696013146e-02 2.141586598049274847e-09
1.713838932732252018e-02 2.146038572966514733e-09
1.733684252262658251e-02 2.136365925663170632e-09
1.753759369762839665e-02 2.135554751732818476e-09
1.774066946167878259e-02 2.142661036391526117e-09
1.794609673225026208e-02 2.144946717537030838e-09
1.815390273850506567e-02 2.138417626226712376e-09
1.836411502490422828e-02 2.131480219457338409e-09
1.857676145485861671e-02 2.130860987629207189e-09
1.879187021442221134e-02 2.135371629912997828e-09
1.900946981602805869e-02 2.137882566452322996e-09
1.922958910226767182e-02 2.139612735381438727e-09
1.945225724971402087e-02 2.140387601000830172e-09
1.967750377278887700e-02 2.138454720966494504e-09
1.990535852767486361e-02 2.138067493495855548e-09
2.013585171627295042e-02 2.137318635882865209e-09
2.036901389020562628e-02 2.135319897099845209e-09
2.060487595486651738e-02 2.136045366850875570e-09
2.084346917351677028e-02 2.133889102422194609e-09
2.108482517142910850e-02 2.130918005084850144e-09
2.132897594007962527e-02 2.125486347444725292e-09
2.157595384138826650e-02 2.122491028408023512e-09
2.182579161200829884e-02 2.124659771220689032e-09
2.207852236766562337e-02 2.130146094896029815e-09
2.233417960754814982e-02 2.130079533582938123e-09
2.259279721874613012e-02 2.122077475298639703e-09
2.285440948074375644e-02 2.120427537911654836e-09
2.311905106996301265e-02 2.128843048619177893e-09
2.338675706435990390e-02 2.123362117296566064e-09
2.365756294807403598e-02 2.117325394048510714e-09
2.393150461613192254e-02 2.129895557522641554e-09
2.420861837920496376e-02 2.117990847297435819e-09
2.448894096842230139e-02 2.121753917577552077e-09
2.477250954023949708e-02 2.118569494396043981e-09
2.505936168136362052e-02 2.118503123591114380e-09
2.534953541373521912e-02 2.117661567778720274e-09
2.564306919956823791e-02 2.119447050199107799e-09
2.594000194644804219e-02 2.110504661524045721e-09
2.624037301248863599e-02 2.120704871103488208e-09
2.654422221154941960e-02 2.112774364989721702e-09
2.685158981851263477e-02 2.112382788936182783e-09
2.716251657462164307e-02 2.118114765321015838e-09
2.747704369288123810e-02 2.114469575870067351e-09
2.779521286352018214e-02 2.108451593174279900e-09
2.811706625951744878e-02 2.109858135873952772e-09
2.844264654219206406e-02 2.114064420887212294e-09
2.877199686685786087e-02 2.114350265458155577e-09
2.910516088854357350e-02 2.112209233635487093e-09
2.944218276777944496e-02 2.110361003827906961e-09
2.978310717645051356e-02 2.109049851282040019e-09
3.012797930371789723e-02 2.109072066130113213e-09
3.047684486200846754e-02 2.108555462360516676e-09
3.082975009307411043e-02 2.109274301430891168e-09
3.118674177412095183e-02 2.108440890305549604e-09
3.154786722400967913e-02 2.106494788595213919e-09
3.191317430952744089e-02 2.101814917260165846e-09
3.228271145173277484e-02 2.099560449679334621e-09
3.265652763237360950e-02 2.103092221297793429e-09
3.303467240037977898e-02 2.104972961597678646e-09
3.341719587843073463e-02 2.098975316679494735e-09
3.380414876959908499e-02 2.101328331175271476e-09
3.419558236407146262e-02 2.101347589286039531e-09
3.459154854594680834e-02 2.096209193812728201e-09
3.499209980011368931e-02 2.101153514808447274e-09
3.539728921920690108e-02 2.094589586357672647e-09
3.580717051064509493e-02 2.098216935749899520e-09
3.622179800374948633e-02 2.096110821274587763e-09
3.664122665694521247e-02 2.093067014884868588e-09
3.706551206504588025e-02 2.096707662644458998e-09
3.749471046662278262e-02 2.095691198166987819e-09
3.792887875145917187e-02 2.090709007507622970e-09
3.836807446809096384e-02 2.088609017211903854e-09
3.881235583143458762e-02 2.090821181404511638e-09
3.926178173050358378e-02 2.091706077625181748e-09
3.971641173621406201e-02 2.092183447937740268e-09
4.017630610928087792e-02 2.091057895736858534e-09
4.064152580820496602e-02 2.089404851464357567e-09
4.111213249735355679e-02 2.087302589011614477e-09
4.158818855513353452e-02 2.085309759863075009e-09
4.206975708225977467e-02 2.082920678627294403e-09
4.255690191011882867e-02 2.086292487831162178e-09
4.304968760923003068e-02 2.086526093386487338e-09
4.354817949780401959e-02 2.080950461259912206e-09
4.405244365040068139e-02 2.083535602657012764e-09
4.456254690668728924e-02 2.082134744472369268e-09
4.507855688029784730e-02 2.081340206802787365e-09
4.560054196779547708e-02 2.080611415662722332e-09
4.612857135773813788e-02 2.081878757921226577e-09
4.666271503984956853e-02 2.076127347509955085e-09
4.720304381429617224e-02 2.079237366977566018e-09
4.774962930107178732e-02 2.080135611061861990e-09
4.830254394949064223e-02 2.077641417241792708e-09
4.886186104779054185e-02 2.074848843922085485e-09
4.942765473284694427e-02 2.072702643013985447e-09
4.999999999999998196e-02 2.072875865382447852e-09
5.057897271299490599e-02 2.072318189997627788e-09
5.116464961403772299e-02 2.071755145582432833e-09
5.175710833396720417e-02 2.072600688647875300e-09
5.235642740254497357e-02 2.073406429441871253e-09
5.296268625886441789e-02 2.066641800303382929e-09
5.357596526188034003e-02 2.068342212375580038e-09
5.419634570106018207e-02 2.071719525345315036e-09
5.482390980715924622e-02 2.067404361960648524e-09
5.545874076312003881e-02 2.070112124068463785e-09
5.610092271509820039e-02 2.064996541748405970e-09
5.675054078361575771e-02 2.066926316802211736e-09
5.740768107484413296e-02 2.067186414916970948e-09
5.807243069201711849e-02 2.064165626300759472e-09
5.874487774697650933e-02 2.044863375405972541e-09
5.942511137185093467e-02 2.062270206320232925e-09
6.011322173087065707e-02 2.060061849920159481e-09
6.080930003231838077e-02 2.060014033703557434e-09
6.151343854061905314e-02 2.059247779723086745e-09
6.222573058856927658e-02 2.060567826439265913e-09
6.294627058970836408e-02 2.061410830913247509e-09
6.367515405083307156e-02 2.057657801670440611e-09
6.441247758465666606e-02 2.057682364168061818e-09
6.515833892261499449e-02 2.057445519399743632e-09
6.591283692782035075e-02 2.055279954820196439e-09
6.667607160816618750e-02 2.054682691339726092e-09
6.744814412958265171e-02 2.055904304494869287e-09
6.822915682944626081e-02 2.055341317187952508e-09
6.901921323014426068e-02 2.053503306811189014e-09
6.981841805279687119e-02 2.053116376716117001e-09
7.062687723113769689e-02 2.052174970950016902e-09
7.144469792555516174e-02 2.052321218053286943e-09
7.227198853729638328e-02 2.051564059210351248e-09
7.310885872283590103e-02 2.049400919649272876e-09
7.395541940841034168e-02 2.046785358416563444e-09
7.481178280472169928e-02 2.048720388629552611e-09
7.567806242181042420e-02 2.046024995993577870e-09
7.655437308410149855e-02 2.046278640964900633e-09
7.744083094562403957e-02 2.046278304817126794e-09
7.833755350540749784e-02 2.044868018084117829e-09
7.924465962305569933e-02 2.043673113573264565e-09
8.016226953450207582e-02 2.042285676580525691e-09
8.109050486794647239e-02 2.042085642665170911e-09
8.202948865997691796e-02 2.042332966179683416e-09
8.297934537187805215e-02 2.041639301429171827e-09
8.394020090612801244e-02 2.038876736954573119e-09
8.491218262308719567e-02 2.040197851838378495e-09
8.589541935787936566e-02 2.036947044399102555e-09
8.689004143746879849e-02 2.038962548134564766e-09
8.789618069793463107e-02 2.036135424843335871e-09
8.891397050194613239e-02 2.035345329110021167e-09
8.994354575643936922e-02 2.034094456914210551e-09
9.098504293049920755e-02 2.034678909862020228e-09
9.203860007344781546e-02 2.033442045166321486e-09
9.310435683314335908e-02 2.033703355728977598e-09
9.418245447449000163e-02 2.030225766979983751e-09
9.527303589816239759e-02 2.044357256076206680e-09
9.637624565954681921e-02 2.029423061567722112e-09
9.749222998790225969e-02 2.029784753990936206e-09
9.862113680574265129e-02 2.030379377287135762e-09
9.976311574844401453e-02 2.029444000390170763e-09
1.009183181840780652e-01 2.028482047720587853e-09
1.020868972334764563e-01 2.026599281224683196e-09
1.032690077905264459e-01 2.023998353779667322e-09
1.044648065427020434e-01 2.024298507449966687e-09
1.056744519918323827e-01 2.011390229808382795e-09
1.068981044751115966e-01 2.024421626997834353e-09
1.081359261863509835e-01 2.024326981605990150e-09
1.093880811974775880e-01 2.021125751049293826e-09
1.106547354802819155e-01 2.020371738652200616e-09
1.119360569284170021e-01 2.020742000062055927e-09
1.132322153796529590e-01 2.020855024887428220e-09
1.145433826383886050e-01 2.018975367522938011e-09
1.158697324984239579e-01 2.019553513930319980e-09
1.172114407659961138e-01 2.016577238884581053e-09
1.185686852830827448e-01 2.017475209033683379e-09
1.199416459509744654e-01 2.015400454833924828e-09
1.213305047541208270e-01 2.014009578145219475e-09
1.227354457842515234e-01 2.013418560992353751e-09
1.241566552647785093e-01 2.014130296265781266e-09
1.255943215754789510e-01 2.012774221639798348e-09
1.270486352774652938e-01 2.013072616519263734e-09
1.285197891384432245e-01 2.010666501808288129e-09
1.300079781582635929e-01 2.010496771044680227e-09
1.315133995947690426e-01 2.008769466020867308e-09
1.330362529899405399e-01 2.009213681816936737e-09
1.345767401963458010e-01 2.006438655467205523e-09
1.361350654038956109e-01 2.007375906849608944e-09
1.377114351669082859e-01 2.003638825415694610e-09
1.393060584314886052e-01 2.004750051117141068e-09
1.409191465632227414e-01 2.004336076365835373e-09
1.425509133751954594e-01 2.003666933173047607e-09
1.442015751563302528e-01 2.003106962572024877e-09
1.458713507000582721e-01 2.001643155684246511e-09
1.475604613333193205e-01 2.001081951100679695e-09
1.492691309458979987e-01 2.002174765275161169e-09
1.509975860201007714e-01 1.999861999513792310e-09
1.527460556607755926e-01 1.997472644413801735e-09
1.545147716256795867e-01 1.999543231543650565e-09
1.563039683561977533e-01 1.997077751943905046e-09
1.581138830084189428e-01 1.997485429536449233e-09
1.599447554845698227e-01 1.997037944458344566e-09
1.617968284648141908e-01 1.995912590898520128e-09
1.636703474394191060e-01 1.995938499114648297e-09
1.655655607412955255e-01 1.990332831020123886e-09
1.674827195789137801e-01 1.991488781146299096e-09
1.694220780696013284e-01 1.993330993766330601e-09
1.713838932732252018e-01 1.990845938444471260e-09
1.733684252262658043e-01 1.989775811941877498e-09
1.753759369762839249e-01 1.990266927237204933e-09
1.774066946167878189e-01 1.987774284089557469e-09
1.794609673225026625e-01 1.986803944419093701e-09
1.815390273850506775e-01 1.986280443132872316e-09
1.836411502490422898e-01 1.982906445418987571e-09
1.857676145485863684e-01 1.985568773628845380e-09
1.879187021442221273e-01 1.985276119377506964e-09
1.900946981602806007e-01 1.984959889758656682e-09
1.922958910226767459e-01 1.983560542113585483e-09
1.945225724971401948e-01 1.981896988818149139e-09
1.967750377278887908e-01 1.982853123527543439e-09
1.990535852767486569e-01 1.983831654982690619e-09
2.013585171627294834e-01 1.979883707587933657e-09
2.036901389020562836e-01 1.979611717275150597e-09
2.060487595486651669e-01 1.977543500198816227e-09
2.084346917351677098e-01 1.977229187636569747e-09
2.108482517142910573e-01 1.974858742034264305e-09
2.132897594007961972e-01 1.975190867752557336e-09
2.157595384138826788e-01 1.975323941915837498e-09
2.182579161200829954e-01 1.975161570823437409e-09
2.207852236766562337e-01 1.972760428232584456e-09
2.233417960754814913e-01 1.972776668403213171e-09
2.259279721874612734e-01 1.967791534036149917e-09
2.285440948074375367e-01 1.971858643323943394e-09
2.311905106996301473e-01 1.970525883346703759e-09
2.338675706435990320e-01 1.969939756579867580e-09
2.365756294807403459e-01 1.967303726323230453e-09
2.393150461613192115e-01 1.967534820940518102e-09
2.420861837920496862e-01 1.967418960175807866e-09
2.448894096842230417e-01 1.966310313668133607e-09
2.477250954023952345e-01 1.965235710662241466e-09
2.505936168136362330e-01 1.962519068889641710e-09
2.534953541373521912e-01 1.964618717602797777e-09
2.564306919956823583e-01 1.961804973172752156e-09
2.594000194644804358e-01 1.962615978255327890e-09
2.624037301248863807e-01 1.960437104573947527e-09
2.654422221154941752e-01 1.961615622226042315e-09
2.685158981851262783e-01 1.959179306173299819e-09
2.716251657462164792e-01 1.958106465284753455e-09
2.747704369288123671e-01 1.961870049605413325e-09
2.779521286352018006e-01 1.957214853609513033e-09
2.811706625951744809e-01 1.956837385173039846e-09
2.844264654219206268e-01 1.957037008737763139e-09
2.877199686685785740e-01 1.961415718642973391e-09
2.910516088854357419e-01 1.955446547314779868e-09
2.944218276777944010e-01 1.953415648342983443e-09
2.978310717645051287e-01 1.952735749803642532e-09
3.012797930371790001e-01 1.952013508354158617e-09
3.047684486200846199e-01 1.951451000247854978e-09
3.082975009307410419e-01 1.950740498623887011e-09
3.118674177412095183e-01 1.948777255400903671e-09
3.154786722400967358e-01 1.948102500550307022e-09
3.191317430952744227e-01 1.948170465939987997e-09
3.228271145173277623e-01 1.947189402974831398e-09
3.265652763237361089e-01 1.950801780647193549e-09
3.303467240037981645e-01 1.945702845310890631e-09
3.341719587843073880e-01 1.945444712893182424e-09
3.380414876959909054e-01 1.944334843546436888e-09
3.419558236407145846e-01 1.943308913637330585e-09
3.459154854594680417e-01 1.941408076531191990e-09
3.499209980011368515e-01 1.943110404070058707e-09
3.539728921920690108e-01 1.941496305208428366e-09
3.580717051064509771e-01 1.940739434503756697e-09
3.622179800374948910e-01 1.938478742662480857e-09
3.664122665694521941e-01 1.939144985984548997e-09
3.706551206504588025e-01 1.936574948605854068e-09
3.749471046662278817e-01 1.936990064594904144e-09
3.792887875145917742e-01 1.936556215000801511e-09
3.836807446809096245e-01 1.938312684485017169e-09
3.881235583143459178e-01 1.934338311696228021e-09
3.926178173050358100e-01 1.934206180877198596e-09
3.971641173621405785e-01 1.939550165018132004e-09
4.017630610928087931e-01 1.931521853432768249e-09
4.064152580820497018e-01 1.928606766293643047e-09
4.111213249735355957e-01 1.930338314273306752e-09
4.158818855513353729e-01 1.929933760825003031e-09
4.206975708225977328e-01 1.928616424318181494e-09
4.255690191011883283e-01 1.926831522049826559e-09
4.304968760923003068e-01 1.928034918539903389e-09
4.354817949780401820e-01 1.925190426962604888e-09
4.405244365040072441e-01 1.925460895962102501e-09
4.456254690668728924e-01 1.925119280030511554e-09
4.507855688029783758e-01 1.925293197177257185e-09
4.560054196779547708e-01 1.925810074157617063e-09
4.612857135773818507e-01 1.922910430787238112e-09
4.666271503984956714e-01 1.921741477913122163e-09
4.720304381429616392e-01 1.921332429932660768e-09
4.774962930107178871e-01 1.921015535546223872e-09
4.830254394949065055e-01 1.919078868705049254e-09
4.886186104779056127e-01 1.917353656747854191e-09
4.942765473284695399e-01 1.916196425592622133e-09
5.000000000000000000e-01 1.917975457206743491e-09
5.235642740254496941e-01 1.915021509177586611e-09
5.482390980715925455e-01 1.911459063213717329e-09
5.740768107484413019e-01 1.903765940156900075e-09
6.011322173087064735e-01 1.903305418497664216e-09
6.294627058970835298e-01 1.902731178767726282e-09
6.591283692782035075e-01 1.898374334694395545e-09
6.901921323014423848e-01 1.896481922260206010e-09
7.227198853729638328e-01 1.891920766649761494e-09
7.567806242181041032e-01 1.887652866154310728e-09
7.924465962305565769e-01 1.885813764714221760e-09
8.297934537187804382e-01 1.883296018501059760e-09
8.689004143746877906e-01 1.879544974906784850e-09
9.098504293049917147e-01 1.875780155939606738e-09
9.527303589816235041e-01 1.873197711089391943e-09
9.976311574844398677e-01 1.870987392546686988e-09
1.044648065427019601e+00 1.868472910214263144e-09
1.093880811974776268e+00 1.863797178408265411e-09
1.145433826383886355e+00 1.853579826119819608e-09
1.199416459509745181e+00 1.854172749934471027e-09
1.255943215754790065e+00 1.853910608722765605e-09
1.315133995947690870e+00 1.851597755554721302e-09
1.377114351669083137e+00 1.847718227521824663e-09
1.442015751563303194e+00 1.844324318168231186e-09
1.509975860201008047e+00 1.842010994291415909e-09
1.581138830084189539e+00 1.838668552760214409e-09
1.655655607412955588e+00 1.838795730947982795e-09
1.733684252262658543e+00 1.830744752398307918e-09
1.815390273850506775e+00 1.830004545380490022e-09
1.900946981602805730e+00 1.827478374916375638e-09
1.990535852767486125e+00 1.832252829356683179e-09
2.084346917351676876e+00 1.824103558338480639e-09
2.182579161200830065e+00 1.818231732499808767e-09
2.285440948074374923e+00 1.812243321933307252e-09
2.393150461613192004e+00 1.811356526996250241e-09
2.505936168136361886e+00 1.804668716159714971e-09
2.624037301248862697e+00 1.802646010237463892e-09
2.747704369288122450e+00 1.801751507870321783e-09
2.877199686685784741e+00 1.802023968858459375e-09
3.012797930371788890e+00 1.796824208486067928e-09
3.154786722400966248e+00 1.792171630071011644e-09
3.303467240037980535e+00 1.785123618050391679e-09
3.459154854594682416e+00 1.839977524342958162e-09
3.622179800374950354e+00 1.782848201193451582e-09
3.792887875145919629e+00 1.780117500942416674e-09
3.971641173621408338e+00 1.777871668880936071e-09
4.158818855513356283e+00 1.773536407584964923e-09
4.354817949780404263e+00 1.779630852115331038e-09
4.560054196779547375e+00 1.767023527052696099e-09
4.774962930107178316e+00 1.764243646486886416e-09
5.000000000000000000e+00 1.734352859576171922e-09
6.294627058970836408e+00 1.747311725863836262e-09
7.924465962305568212e+00 1.727365199096202944e-09
9.976311574844396901e+00 1.717900603280384915e-09
1.255943215754790110e+01 1.701192132875060578e-09
1.581138830084189628e+01 1.692183821976890423e-09
1.990535852767486347e+01 1.671136403143299326e-09
2.505936168136362241e+01 1.655847492753707432e-09
3.154786722400966781e+01 1.642725764325023130e-09
3.971641173621406296e+01 1.598666552105108648e-09
4.999999999999998579e+01 1.613360001310978597e-09
