3.012797930371790298e-05 9.327787361608203296e-14
3.082975009307410534e-05 1.603324743871107128e-13
3.154786722400964650e-05 1.149820957954686147e-12
3.228271145173280656e-05 3.087755593593936951e-12
3.303467240037981687e-05 5.986741497510208623e-12
3.380414876959908759e-05 9.836923035488850684e-12
3.459154854594680595e-05 1.462315979054733089e-11
3.539728921920685885e-05 2.028760340383539220e-11
3.622179800374952406e-05 2.676070670315534577e-11
3.706551206504588155e-05 3.398022844294798439e-11
3.792887875145917236e-05 4.180369846543590876e-11
3.881235583143463039e-05 5.011388597276298084e-11
3.971641173621410364e-05 5.876033974787301155e-11
4.064152580820496591e-05 6.757294846916004256e-11
4.158818855513353842e-05 7.636705954336672970e-11
4.255690191011878395e-05 8.494617293661826364e-11
4.354817949780398050e-05 9.313055540673559917e-11
4.456254690668729390e-05 1.007150911728792412e-10
4.560054196779547508e-05 1.075646410344350492e-10
4.666271503984952289e-05 1.134791059846563615e-10
4.774962930107183736e-05 1.183107497377931386e-10
4.886186104779054808e-05 1.220662150185146455e-10
4.999999999999998884e-05 1.247089076840977769e-10
5.057897271299490442e-05 1.255805260089753499e-10
5.116464961403767209e-05 1.261914581267285232e-10
5.175710833396714221e-05 1.265621512334086889e-10
5.235642740254491318e-05 1.267513043394362834e-10
5.296268625886447866e-05 1.266839996299756206e-10
5.357596526188034176e-05 1.264552052831600665e-10
5.419634570106018624e-05 1.261348440613726264e-10
5.482390980715924394e-05 1.257168770388448992e-10
5.545874076312003680e-05 1.252444525529362054e-10
5.610092271509813691e-05 1.248029116174696784e-10
5.675054078361570665e-05 1.243923621741594687e-10
5.740768107484407919e-05 1.241709118220773592e-10
5.807243069201718186e-05 1.240882184414460013e-10
5.874487774697651393e-05 1.242457454457747182e-10
5.942511137185093809e-05 1.247790049230262640e-10
6.011322173087065555e-05 1.257350772856167463e-10
6.080930003231838695e-05 1.271204532650676162e-10
6.151343854061905325e-05 1.291038581626753196e-10
6.222573058856921034e-05 1.316974900609997946e-10
6.294627058970830402e-05 1.349243876647494210e-10
6.367515405083314138e-05 1.389362200185200079e-10
6.441247758465673719e-05 1.437281735074302790e-10
6.515833892261499124e-05 1.493716501906338595e-10
6.591283692782035650e-05 1.558702230358540466e-10
6.667607160816619769e-05 1.633348722556215707e-10
6.744814412958265366e-05 1.717361940970524096e-10
6.822915682944618535e-05 1.810489277449911637e-10
6.901921323014417829e-05 1.914122001255446830e-10
6.981841805279679497e-05 2.025931798488455858e-10
7.062687723113775782e-05 2.147067872748089813e-10
7.144469792555517389e-05 2.276516193785628726e-10
7.227198853729638578e-05 2.413783295909678239e-10
7.310885872283590017e-05 2.557298641086383127e-10
7.395541940841035122e-05 2.706828906550663414e-10
7.481178280472162371e-05 2.860505654160956232e-10
7.567806242181034505e-05 3.018422358236363432e-10
7.655437308410142656e-05 3.176606847152586027e-10
7.744083094562412067e-05 3.335256305767518453e-10
7.833755350540748852e-05 3.492377126789959086e-10
7.924465962305569597e-05 3.645555746126621484e-10
8.016226953450208102e-05 3.793349324975324921e-10
8.109050486794647857e-05 3.932750625408341725e-10
8.202948865997692718e-05 4.063104605921990710e-10
8.297934537187796715e-05 4.184290533693275735e-10
8.394020090612792852e-05 4.290448971310679849e-10
8.491218262308728262e-05 4.382779982067430460e-10
8.589541935787945305e-05 4.460030909537189525e-10
8.689004143746881595e-05 4.520748286149996261e-10
8.789618069793464267e-05 4.565141954274161460e-10
8.891397050194613488e-05 4.593395074053931986e-10
8.994354575643936521e-05 4.601998591464640378e-10
9.098504293049911853e-05 4.596107727420893019e-10
9.203860007344770748e-05 4.575695138857438364e-10
9.310435683314326931e-05 4.539960840084107957e-10
9.418245447449009216e-05 4.493663383438045555e-10
9.527303589816239347e-05 4.437833023078509275e-10
9.637624565954680924e-05 4.377826973765575971e-10
9.749222998790225210e-05 4.316768582802961845e-10
9.862113680574265443e-05 4.255829200853668206e-10
9.976311574844392432e-05 4.202973642148580854e-10
1.009183181840780691e-04 4.158917710240493127e-10
1.020868972334764650e-04 4.131157369903896916e-10
1.032690077905264333e-04 4.122202764953980846e-10
1.044648065427019099e-04 4.137441277108412479e-10
1.056744519918323676e-04 4.179875142302253238e-10
1.068981044751116051e-04 4.253367246643877948e-10
1.081359261863509824e-04 4.360927822956050959e-10
1.093880811974775783e-04 4.503663455608324568e-10
1.106547354802819166e-04 4.681423617366490140e-10
1.119360569284169843e-04 4.896340046865567074e-10
1.132322153796529580e-04 5.145222471073741009e-10
1.145433826383886026e-04 5.426553527914381597e-10
1.158697324984239615e-04 5.734515911158721988e-10
1.172114407659961296e-04 6.064642144562761426e-10
1.185686852830827555e-04 6.410049552071286174e-10
1.199416459509744677e-04 6.763533162180708372e-10
1.213305047541207216e-04 7.118766507193382778e-10
1.227354457842515364e-04 7.463209695609632839e-10
1.241566552647784948e-04 7.789588121719575402e-10
1.255943215754789502e-04 8.088666563418012165e-10
1.270486352774653110e-04 8.348339992196298837e-10
1.285197891384432108e-04 8.565369800874575066e-10
1.300079781582635788e-04 8.730943812451185816e-10
1.315133995947690435e-04 8.840675704532648449e-10
1.330362529899403897e-04 8.892702027882674736e-10
1.345767401963458333e-04 8.885932433109156040e-10
1.361350654038956344e-04 8.824527156660160351e-10
1.377114351669082826e-04 8.709520159057120619e-10
1.393060584314884456e-04 8.554478657917761241e-10
1.409191465632227234e-04 8.367328517358078510e-10
1.425509133751954596e-04 8.159719509473501312e-10
1.442015751563302474e-04 7.950974984961911304e-10
1.458713507000582675e-04 7.754399475902755825e-10
1.475604613333193142e-04 7.586917098143334802e-10
1.492691309458979746e-04 7.466501368962378142e-10
1.509975860201007907e-04 7.405400068277720204e-10
1.527460556607755941e-04 7.418030367250663887e-10
1.545147716256795760e-04 7.515262820816439164e-10
1.563039683561977700e-04 7.702292817206188416e-10
1.581138830084189426e-04 7.974592451676210187e-10
1.599447554845698401e-04 8.332894122198131880e-10
1.617968284648140247e-04 8.764714316005916260e-10
1.636703474394191234e-04 9.251079796183285469e-10
1.655655607412955237e-04 9.779457471253982810e-10
1.674827195789137550e-04 1.031720617363665891e-09
1.694220780696013395e-04 1.084046326219996341e-09
1.713838932732251867e-04 1.131992632248833047e-09
1.733684252262658175e-04 1.173571983260772074e-09
1.753759369762839622e-04 1.205471525267734630e-09
1.774066946167876340e-04 1.226493655635921584e-09
1.794609673225026631e-04 1.235796155187023000e-09
1.815390273850506729e-04 1.232358046304869713e-09
1.836411502490422785e-04 1.217499630406004222e-09
1.857676145485863753e-04 1.192446781130322951e-09
1.879187021442221307e-04 1.160295050770682821e-09
1.900946981602805912e-04 1.123725096369996769e-09
1.922958910226767171e-04 1.087813384850131493e-09
1.945225724971401946e-04 1.055673581455965428e-09
1.967750377278885748e-04 1.031604429890722535e-09
1.990535852767486220e-04 1.019114057177284935e-09
2.013585171627295032e-04 1.021012241372763740e-09
2.036901389020562758e-04 1.038775509836137031e-09
2.060487595486651640e-04 1.072265233303527249e-09
2.084346917351676985e-04 1.120190767103032708e-09
2.108482517142910915e-04 1.179293815304412913e-09
2.132897594007962310e-04 1.245169633213988927e-09
2.157595384138824807e-04 1.312361709628937295e-09
2.182579161200830003e-04 1.374798765696887907e-09
2.207852236766562250e-04 1.427209805636621501e-09
2.233417960754814700e-04 1.464757956793537367e-09
2.259279721874612654e-04 1.482903040155886131e-09
2.285440948074375482e-04 1.481727126361030907e-09
2.311905106996301417e-04 1.461138804686081787e-09
2.338675706435990400e-04 1.424758984273572754e-09
2.365756294807401202e-04 1.378146422068011108e-09
2.393150461613192416e-04 1.328126506295667056e-09
2.420861837920496940e-04 1.282923178265515633e-09
2.448894096842230486e-04 1.250020386128969135e-09
2.477250954023952571e-04 1.236120749952786908e-09
2.505936168136362096e-04 1.245302145904558988e-09
2.534953541373521587e-04 1.278214065168874596e-09
2.564306919956823639e-04 1.332429811123067978e-09
2.594000194644803916e-04 1.402295177156782167e-09
2.624037301248860888e-04 1.478615547283063690e-09
2.654422221154941939e-04 1.552329094253429747e-09
2.685158981851263043e-04 1.612381620138209833e-09
2.716251657462165044e-04 1.650501903608377750e-09
2.747704369288123854e-04 1.661481329218191759e-09
2.779521286352018127e-04 1.644670320323539131e-09
2.811706625951744943e-04 1.603847003471136958e-09
2.844264654219205712e-04 1.547750707271033567e-09
2.877199686685782661e-04 1.487871950318444015e-09
2.910516088854357393e-04 1.437462732602603111e-09
2.944218276777944170e-04 1.408323612241738978e-09
2.978310717645051204e-04 1.408239202561520320e-09
3.012797930371790027e-04 1.441414349669200992e-09
3.047684486200846234e-04 1.502254475190332437e-09
3.082975009307410263e-04 1.581213700068028267e-09
3.118674177412095313e-04 1.664271909606895557e-09
3.154786722400964379e-04 1.734929840618595684e-09
3.191317430952743915e-04 1.779385133211748565e-09
3.228271145173277267e-04 1.788587978872169862e-09
3.265652763237360972e-04 1.762006714245409393e-09
3.303467240037981823e-04 1.707383240525116701e-09
3.341719587843073962e-04 1.639820835090785271e-09
3.380414876959908759e-04 1.578342763583366102e-09
3.419558236407145655e-04 1.540721351990739026e-09
3.459154854594681137e-04 1.540280932621085125e-09
3.499209980011365223e-04 1.580076526918925551e-09
3.539728921920690086e-04 1.652571635876291934e-09
3.580717051064509905e-04 1.740523654213639872e-09
3.622179800374948611e-04 1.820957373209770096e-09
3.664122665694521551e-04 1.872712970475108591e-09
3.706551206504588155e-04 1.882102979777827955e-09
3.749471046662278739e-04 1.846240123701452650e-09
3.792887875145917100e-04 1.782600514641095375e-09
3.836807446809091808e-04 1.709417596618443818e-09
3.881235583143459109e-04 1.654992006830148301e-09
3.926178173050358226e-04 1.639152679240421981e-09
3.971641173621406028e-04 1.673400309845052700e-09
4.017630610928087857e-04 1.746880751915533889e-09
4.064152580820496862e-04 1.838120676599929913e-09
4.111213249735355181e-04 1.916509309873090290e-09
4.158818855513353300e-04 1.951252830095589251e-09
4.206975708225972935e-04 1.938562145057173809e-09
4.255690191011882867e-04 1.886793573626302974e-09
4.304968760923003155e-04 1.810281623699092615e-09
4.354817949780401981e-04 1.737168033792578050e-09
4.405244365040072822e-04 1.721777795403989866e-09
4.456254690668728577e-04 1.761415749111469049e-09
4.507855688029784470e-04 1.844012987448208615e-09
4.560054196779547643e-04 1.915103129501717379e-09
4.612857135773813463e-04 2.000208566352382585e-09
4.666271503984952018e-04 1.981670478797761957e-09
4.720304381429617636e-04 1.960258830452362299e-09
4.774962930107178993e-04 1.869190958431344582e-09
4.830254394949064960e-04 1.793811339015926392e-09
4.886186104779055486e-04 1.800075700734275746e-09
4.942765473284694211e-04 1.838072513064042069e-09
4.999999999999999020e-04 1.928482350177952056e-09
5.057897271299491120e-04 2.016426857368642835e-09
5.116464961403766531e-04 2.050059299017443472e-09
5.175710833396719507e-04 2.023291297972967388e-09
5.235642740254497010e-04 1.942510505320013660e-09
5.296268625886442309e-04 1.871843461746945201e-09
5.357596526188034176e-04 1.847595326503901898e-09
5.419634570106019031e-04 1.887659390231144502e-09
5.482390980715924666e-04 1.964806241114585097e-09
5.545874076312004358e-04 2.065051058904233620e-09
5.610092271509814097e-04 2.083993041380486950e-09
5.675054078361570394e-04 2.035795980071896286e-09
5.740768107484413340e-04 1.943315149657103414e-09
5.807243069201711546e-04 1.889696778814050813e-09
5.874487774697650716e-04 1.906187280243124814e-09
5.942511137185093944e-04 1.967454593174199969e-09
6.011322173087063929e-04 2.088581211840278393e-09
6.080930003231838424e-04 2.055838504325260983e-09
6.151343854061905054e-04 2.079773341012309150e-09
6.222573058856920762e-04 1.987980687257837506e-09
6.294627058970836365e-04 1.924841340745880253e-09
6.367515405083307633e-04 1.949676109169706369e-09
6.441247758465673719e-04 2.073333950984276617e-09
6.515833892261498582e-04 2.101558028495071477e-09
6.591283692782036463e-04 2.114407800881636045e-09
6.667607160816619227e-04 2.033533352003039712e-09
6.744814412958264824e-04 1.969784782305725828e-09
6.822915682944617451e-04 1.977715973930498512e-09
6.901921323014424334e-04 2.054185537159785516e-09
6.981841805279687899e-04 2.143861819579546079e-09
7.062687723113776324e-04 2.144443481414234708e-09
7.144469792555517389e-04 2.066677299840214048e-09
7.227198853729638849e-04 1.962283704636589192e-09
7.310885872283591101e-04 2.006990852127035570e-09
7.395541940841035122e-04 2.110286222670083879e-09
7.481178280472162642e-04 2.158859471881562556e-09
7.567806242181033963e-04 2.138221460704448904e-09
7.655437308410150245e-04 2.040819358791137607e-09
7.744083094562404478e-04 2.001827528558483784e-09
7.833755350540749394e-04 2.071672919919951997e-09
7.924465962305569326e-04 2.169261995742813058e-09
8.016226953450207018e-04 2.165418696499781261e-09
8.109050486794647586e-04 2.084764469887519984e-09
8.202948865997692447e-04 2.046310338453223957e-09
8.297934537187796715e-04 2.088352010259351511e-09
8.394020090612802068e-04 2.181247544936653488e-09
8.491218262308720130e-04 2.187480763583547473e-09
8.589541935787945847e-04 2.094845834529390702e-09
8.689004143746880239e-04 2.057501777279521301e-09
8.789618069793463453e-04 2.149796930487648545e-09
8.891397050194612675e-04 2.195953807632030749e-09
8.994354575643935708e-04 2.184848193070309518e-09
9.098504293049911040e-04 2.071737632839345131e-09
9.203860007344780506e-04 2.073390096236166130e-09
9.310435683314336689e-04 2.169947635806702359e-09
9.418245447449009487e-04 2.213889592715596032e-09
9.527303589816240974e-04 2.137228442090802138e-09
9.637624565954682008e-04 2.066769046552532887e-09
9.749222998790227921e-04 2.152926154854650990e-09
9.862113680574266256e-04 2.225034837645020694e-09
9.976311574844392432e-04 2.167895332190376754e-09
1.009183181840779715e-03 2.073554444012208613e-09
1.020868972334764650e-03 2.157862229736649721e-09
1.032690077905264224e-03 2.219749194727683192e-09
1.044648065427020156e-03 2.166670661680284619e-09
1.056744519918323541e-03 2.108192722492301446e-09
1.068981044751116105e-03 2.180117117003970130e-09
1.081359261863509879e-03 2.232029118580986138e-09
1.093880811974775810e-03 2.160835101492875557e-09
1.106547354802818028e-03 2.111449146080770200e-09
1.119360569284169734e-03 2.198302698151442183e-09
1.132322153796529608e-03 2.215829617024597992e-09
1.145433826383887056e-03 2.124917284556053346e-09
1.158697324984239588e-03 2.156807449290645614e-09
1.172114407659961052e-03 2.228507914522027856e-09
1.185686852830827474e-03 2.193172256108140781e-09
1.199416459509744732e-03 2.064879566452053148e-09
1.213305047541206891e-03 2.180644678494781706e-09
1.227354457842515364e-03 2.229687757247359157e-09
1.241566552647784894e-03 2.155742521786235217e-09
1.255943215754790803e-03 2.164185826782831124e-09
1.270486352774652947e-03 2.245171915199556457e-09
1.285197891384432054e-03 2.184619362637505804e-09
1.300079781582635843e-03 2.125795671679332759e-09
1.315133995947690435e-03 2.244729787037622681e-09
1.330362529899403951e-03 2.203555511454120077e-09
1.345767401963456761e-03 2.167933353361682908e-09
1.361350654038956127e-03 2.238561337414323511e-09
1.377114351669082772e-03 2.200139109634089397e-09
1.393060584314885974e-03 2.156469588146655239e-09
1.409191465632227396e-03 2.225737924072778064e-09
1.425509133751954758e-03 2.202571863508493380e-09
1.442015751563302745e-03 2.172751331581680482e-09
1.458713507000582730e-03 2.255511755490533263e-09
1.475604613333191895e-03 2.185709574230047219e-09
1.492691309458979909e-03 2.179653123679196233e-09
1.509975860201007635e-03 2.259326877115807786e-09
1.527460556607757513e-03 2.167322862519106425e-09
1.545147716256795815e-03 2.233211814217603260e-09
1.563039683561977646e-03 2.239034270254742747e-09
1.581138830084189480e-03 2.177837368453806358e-09
1.599447554845698401e-03 2.249242067466609136e-09
1.617968284648140355e-03 2.203404918436725482e-09
1.636703474394191234e-03 2.211876400730697963e-09
1.655655607412955237e-03 2.249158691055958786e-09
1.674827195789139285e-03 2.174934140622370994e-09
1.694220780696013449e-03 2.247221301942167988e-09
1.713838932732251975e-03 2.194922121599691658e-09
1.733684252262658121e-03 2.217689198132203196e-09
1.753759369762839405e-03 2.238331047870571565e-09
1.774066946167876177e-03 2.195978668812778035e-09
1.794609673225024517e-03 2.263036520667766242e-09
1.815390273850506567e-03 2.181443417459806302e-09
1.836411502490422785e-03 2.249222397812463540e-09
1.857676145485863536e-03 2.203273472661947378e-09
1.879187021442221524e-03 2.239917626116704087e-09
1.900946981602806129e-03 2.222448676363524836e-09
1.922958910226767659e-03 2.223528047799735420e-09
1.945225724971402217e-03 2.227673387682632448e-09
1.967750377278885965e-03 2.219095633384292111e-09
1.990535852767486274e-03 2.247527198304028209e-09
2.013585171627295303e-03 2.211770799919686502e-09
2.036901389020564709e-03 2.251479105514598374e-09
2.060487595486651478e-03 2.213547211496078821e-09
2.084346917351677202e-03 2.254440382916934929e-09
2.108482517142910590e-03 2.213328826142304874e-09
2.132897594007962527e-03 2.244455385638914242e-09
2.157595384138824915e-03 2.226662798912489007e-09
2.182579161200830058e-03 2.240464379847045625e-09
2.207852236766562250e-03 2.242770699957332283e-09
2.233417960754816977e-03 2.229678853195758264e-09
2.259279721874612491e-03 2.259061014919954483e-09
2.285440948074375211e-03 2.210263985007794569e-09
2.311905106996301092e-03 2.264550487487210911e-09
2.338675706435990129e-03 2.200301908665097965e-09
2.365756294807400822e-03 2.258399238369345258e-09
2.393150461613189652e-03 2.221431637263819416e-09
2.420861837920496723e-03 2.240606333111677863e-09
2.448894096842230052e-03 2.251093024911653038e-09
2.477250954023952137e-03 2.213420432111922433e-09
2.505936168136361879e-03 2.271265411097223423e-09
2.534953541373521912e-03 2.211200172214580573e-09
2.564306919956823531e-03 2.231445819934941597e-09
2.594000194644804132e-03 2.261163591769435845e-09
2.624037301248860997e-03 2.212679619251415005e-09
2.654422221154941613e-03 2.251477841542485935e-09
2.685158981851263043e-03 2.249517765396152278e-09
2.716251657462167429e-03 2.209743766889632880e-09
2.747704369288123637e-03 2.257757476711232673e-09
2.779521286352018561e-03 2.252380324886768209e-09
2.811706625951745052e-03 2.212097210760100423e-09
2.844264654219206146e-03 2.245282078440624014e-09
2.877199686685782878e-03 2.256226597189305549e-09
2.910516088854357610e-03 2.220278452505217433e-09
2.944218276777944496e-03 2.233464423364965874e-09
2.978310717645054565e-03 2.261139078257821090e-09
3.012797930371789810e-03 2.236262829610225756e-09
3.047684486200846234e-03 2.211903671039720736e-09
3.082975009307410696e-03 2.237992062255742332e-09
3.118674177412095096e-03 2.254341689664195457e-09
3.154786722400964270e-03 2.237113030417451995e-09
3.191317430952740879e-03 2.216673832358793052e-09
3.228271145173277484e-03 2.227331523969489367e-09
3.265652763237360864e-03 2.255521430641777223e-09
3.303467240037981714e-03 2.248908857652022324e-09
3.341719587843073637e-03 2.227621137703214244e-09
3.380414876959908759e-03 2.213742027369394420e-09
3.419558236407145655e-03 2.225535132473236291e-09
3.459154854594680920e-03 2.243689581159114465e-09
3.499209980011365115e-03 2.246980486891387781e-09
3.539728921920689761e-03 2.250318533779231062e-09
3.580717051064509580e-03 2.234226790504780370e-09
3.622179800374952623e-03 2.219344021264064769e-09
3.664122665694521767e-03 2.214652665522098805e-09
3.706551206504587938e-03 2.221848924493485675e-09
3.749471046662278956e-03 2.224686194068365299e-09
3.792887875145917534e-03 2.240361024754117897e-09
3.836807446809092567e-03 2.249931383586505261e-09
3.881235583143459542e-03 2.244052289437420389e-09
3.926178173050358551e-03 2.251437929208745821e-09
3.971641173621410364e-03 2.248318195722703432e-09
4.017630610928087966e-03 2.248961757483492865e-09
4.064152580820497296e-03 2.245946628512607007e-09
4.111213249735355506e-03 2.246317949052443848e-09
4.158818855513353625e-03 2.246998642876479569e-09
4.206975708225972610e-03 2.245793636008622388e-09
4.255690191011878530e-03 2.244864186785392808e-09
4.304968760923003589e-03 2.253489143791003629e-09
4.354817949780402306e-03 2.244807280254982257e-09
4.405244365040072822e-03 2.244441228732520304e-09
4.456254690668728577e-03 2.233785149119049857e-09
4.507855688029784036e-03 2.228697834238856048e-09
4.560054196779547535e-03 2.224247661752806022e-09
4.612857135773812921e-03 2.209026898741477801e-09
4.666271503984951476e-03 2.215703203367939376e-09
4.720304381429616877e-03 2.229838343331360598e-09
4.774962930107178559e-03 2.240773929459508441e-09
4.830254394949069947e-03 2.241105668706914740e-09
4.886186104779055052e-03 2.226339528404779874e-09
4.942765473284694427e-03 2.214609857570045140e-09
4.999999999999999237e-03 2.225897338367182772e-09
5.057897271299490252e-03 2.232856319438564628e-09
5.116464961403772820e-03 2.233559135259743668e-09
5.175710833396719723e-03 2.216191442453434426e-09
5.235642740254497010e-03 2.217248510408988029e-09
5.296268625886442309e-03 2.235019579817982000e-09
5.357596526188034176e-03 2.225143044141906665e-09
5.419634570106018380e-03 2.208067359453522748e-09
5.482390980715924449e-03 2.229353886169217932e-09
5.545874076312003707e-03 2.225689601949653816e-09
5.610092271509814314e-03 2.208714822849862082e-09
5.675054078361577332e-03 2.225227492062879222e-09
5.740768107484413990e-03 2.217020808765200448e-09
5.807243069201712196e-03 2.215717493758968916e-09
5.874487774697644861e-03 2.226227361751406365e-09
5.942511137185094161e-03 2.207321492621644317e-09
6.011322173087065013e-03 2.228167943279240590e-09
6.080930003231838424e-03 2.205100165432939691e-09
6.151343854061904620e-03 2.225746182844892124e-09
6.222573058856926617e-03 2.203822734825233930e-09
6.294627058970836582e-03 2.224455303745351949e-09
6.367515405083306983e-03 2.204311338846987551e-09
6.441247758465666780e-03 2.225894789005600784e-09
6.515833892261499449e-03 2.204982705890030958e-09
6.591283692782035596e-03 2.212639804814180268e-09
6.667607160816618576e-03 2.217544032211240450e-09
6.744814412958264824e-03 2.204285423891487646e-09
6.822915682944625040e-03 2.218487198433969458e-09
6.901921323014425201e-03 2.214214345778988416e-09
6.981841805279687466e-03 2.200886833571832038e-09
7.062687723113769168e-03 2.211950561235527432e-09
7.144469792555517389e-03 2.214154765671796678e-09
7.227198853729638849e-03 2.204354102008866648e-09
7.310885872283590450e-03 2.200768987688479646e-09
7.395541940841034688e-03 2.208074879750321768e-09
7.481178280472170448e-03 2.214591430782792717e-09
7.567806242181043287e-03 2.210938959046956968e-09
7.655437308410150896e-03 2.202574103869788553e-09
7.744083094562404478e-03 2.196424990703125698e-09
7.833755350540741805e-03 2.196423175801358029e-09
7.924465962305568892e-03 2.194265257323705199e-09
8.016226953450207235e-03 2.200623583942055375e-09
8.109050486794647586e-03 2.196463949286399661e-09
8.202948865997691796e-03 2.201506359311407397e-09
8.297934537187804521e-03 2.201117284373189982e-09
8.394020090612802285e-03 2.196796178929586975e-09
8.491218262308719913e-03 2.194480483162208625e-09
8.589541935787937607e-03 2.191690277840606458e-09
8.689004143746880890e-03 2.190780656024208292e-09
8.789618069793463453e-03 2.192545204130221948e-09
8.891397050194612892e-03 2.196106164785864814e-09
8.994354575643934840e-03 2.203587432872028747e-09
9.098504293049919714e-03 2.199238262883887503e-09
9.203860007344778771e-03 2.190279430193135251e-09
9.310435683314336255e-03 2.190120904946198188e-09
9.418245447448998428e-03 2.200106679562595848e-09
9.527303589816240106e-03 2.195920823828730716e-09
9.637624565954681574e-03 2.185051458528786393e-09
9.749222998790225969e-03 2.196455533397033725e-09
9.862113680574265823e-03 2.187967247476950028e-09
9.976311574844402841e-03 2.187286434559653444e-09
1.009183181840780756e-02 2.195590472515304134e-09
1.020868972334764563e-02 2.184219747382844438e-09
1.032690077905264354e-02 2.193842777848274431e-09
1.044648065427019115e-02 2.182371029611147378e-09
1.056744519918323584e-02 2.189906802625770448e-09
1.068981044751115932e-02 2.185056866913836920e-09
1.081359261863509835e-02 2.184982198552947519e-09
1.093880811974775637e-02 2.190768155126153755e-09
1.106547354802819329e-02 2.181218697290247759e-09
1.119360569284169951e-02 2.178866710536300865e-09
1.132322153796529694e-02 2.187552720236567118e-09
1.145433826383886189e-02 2.187059594259391334e-09
1.158697324984239718e-02 2.178717971699114957e-09
1.172114407659961138e-02 2.174810943416401834e-09
1.185686852830827517e-02 2.175509596895850424e-09
1.199416459509744862e-02 2.178549138871215258e-09
1.213305047541208236e-02 2.179360837158759323e-09
1.227354457842515234e-02 2.181004866897575358e-09
1.241566552647785024e-02 2.179512708015648645e-09
1.255943215754789545e-02 2.177754852581859973e-09
1.270486352774653077e-02 2.174249840138091314e-09
1.285197891384432141e-02 2.170966765706818764e-09
1.300079781582635929e-02 2.168427867681213755e-09
1.315133995947690565e-02 2.170531736366711571e-09
1.330362529899405295e-02 2.177406379603460197e-09
1.345767401963458149e-02 2.176208302518966953e-09
1.361350654038956040e-02 2.167214699603254249e-09
1.377114351669082859e-02 2.168854202949829158e-09
1.393060584314884456e-02 2.171868693339819916e-09
1.409191465632227309e-02 2.163296075426335252e-09
1.425509133751954628e-02 2.171358838725473121e-09
1.442015751563302701e-02 2.163373107523153803e-09
1.458713507000582686e-02 2.170557521193957577e-09
1.475604613333193239e-02 2.161147974607366214e-09
1.492691309458979952e-02 2.166835903982546126e-09
1.509975860201007852e-02 2.165803437749244994e-09
1.527460556607755995e-02 2.159146542709888176e-09
1.545147716256795901e-02 2.163712305303014040e-09
1.563039683561977602e-02 2.166371408445182631e-09
1.581138830084189567e-02 2.163948159025564933e-09
1.599447554845698227e-02 2.159170703290265896e-09
1.617968284648142047e-02 2.155493087419789454e-09
1.636703474394191060e-02 2.154233836737927701e-09
1.655655607412955324e-02 2.153716349556866067e-09
1.674827195789137593e-02 2.153180443089134637e-09
1.694220780696013146e-02 2.154782354216938020e-09
1.713838932732252018e-02 2.157880282615216296e-09
1.733684252262658251e-02 2.158419526323744507e-09
1.753759369762839665e-02 2.155653703344986499e-09
1.774066946167878259e-02 2.149230068483714795e-09
1.794609673225026208e-02 2.154184058623368792e-09
1.815390273850506567e-02 2.151730496771589060e-09
1.836411502490422828e-02 2.148377776217491257e-09
1.857676145485861671e-02 2.151413118325395142e-09
1.879187021442221134e-02 2.148436130219016337e-09
1.900946981602805869e-02 2.147479944008996448e-09
1.922958910226767182e-02 2.150537124877542335e-09
1.945225724971402087e-02 2.144297341246272775e-09
1.967750377278887700e-02 2.143159006609537428e-09
1.990535852767486361e-02 2.145489090393830286e-09
2.013585171627295042e-02 2.147166561787422863e-09
2.036901389020562628e-02 2.146400183805057626e-09
2.060487595486651738e-02 2.145829618606962693e-09
2.084346917351677028e-02 2.144767753755993415e-09
2.108482517142910850e-02 2.143503358298868295e-09
2.132897594007962527e-02 2.140029581355673639e-09
2.157595384138826650e-02 2.137075207930423669e-09
2.182579161200829884e-02 2.137378500443797550e-09
2.207852236766562337e-02 2.140093432364246776e-09
2.233417960754814982e-02 2.133455380560383317e-09
2.259279721874613012e-02 2.137888354764515080e-09
2.285440948074375644e-02 2.132360777129457482e-09
2.311905106996301265e-02 2.136893209599690575e-09
2.338675706435990390e-02 2.132602318598113584e-09
2.365756294807403598e-02 2.130734868440290699e-09
2.393150461613192254e-02 2.132879140513216431e-09
2.420861837920496376e-02 2.133483160454554744e-09
2.448894096842230139e-02 2.131785586880405508e-09
2.477250954023949708e-02 2.140193061649921967e-09
2.505936168136362052e-02 2.130022148889480161e-09
2.534953541373521912e-02 2.129783512302361058e-09
2.564306919956823791e-02 2.125004340696267184e-09
2.594000194644804219e-02 2.123632448536200500e-09
2.624037301248863946e-02 2.127099928651017856e-09
2.654422221154941960e-02 2.124025334683810373e-09
2.685158981851263130e-02 2.123634256269446446e-09
2.716251657462164654e-02 2.121399443524702743e-09
2.747704369288123810e-02 2.124208087254711644e-09
2.779521286352018214e-02 2.119838178494912358e-09
2.811706625951744878e-02 2.117668722881498836e-09
2.844264654219206059e-02 2.117462814048984736e-09
2.877199686685785740e-02 2.117531926212717109e-09
2.910516088854357350e-02 2.117428741865500699e-09
2.944218276777944496e-02 2.114360467361423250e-09
2.978310717645051356e-02 2.114934948467536020e-09
3.012797930371790070e-02 2.116945436348566457e-09
3.047684486200846407e-02 2.111810582503550703e-09
3.082975009307411043e-02 2.111407778593231600e-09
3.118674177412095183e-02 2.115620065198289214e-09
3.154786722400967913e-02 2.113427923587007152e-09
3.191317430952744089e-02 2.109370389964298064e-09
3.228271145173277484e-02 2.108641203744294088e-09
3.265652763237360950e-02 2.108378809742475913e-09
3.303467240037977898e-02 2.108442191700637685e-09
3.341719587843073463e-02 2.107266064893898835e-09
3.380414876959908499e-02 2.104525013154434108e-09
3.419558236407146262e-02 2.106337423970665538e-09
3.459154854594680834e-02 2.107040699483748319e-09
3.499209980011368931e-02 2.102340138167079229e-09
3.539728921920690108e-02 2.105020858926401395e-09
3.580717051064509493e-02 2.098199979137523969e-09
3.622179800374948633e-02 2.099666242736040341e-09
3.664122665694521247e-02 2.099329495786140824e-09
3.706551206504588025e-02 2.097784036761496057e-09
3.749471046662278262e-02 2.099427446883933365e-09
3.792887875145917187e-02 2.096195123244091143e-09
3.836807446809096384e-02 2.097949485209680628e-09
3.881235583143458762e-02 2.097735185042854771e-09
3.926178173050358378e-02 2.094860198034510507e-09
3.971641173621406201e-02 2.095242868364315334e-09
4.017630610928087792e-02 2.095250585661493645e-09
4.064152580820496602e-02 2.092376105003983376e-09
4.111213249735355679e-02 2.090870390944388919e-09
4.158818855513353452e-02 2.091845902922986939e-09
4.206975708225977467e-02 2.090852967501360202e-09
4.255690191011882867e-02 2.091375927889296605e-09
4.304968760923003068e-02 2.087610939673240125e-09
4.354817949780401959e-02 2.089035002534438501e-09
4.405244365040068139e-02 2.086985798187788676e-09
4.456254690668728924e-02 2.084392091107348009e-09
4.507855688029784730e-02 2.080793712420308543e-09
4.560054196779547708e-02 2.083335678200946845e-09
4.612857135773813788e-02 2.081906015338236666e-09
4.666271503984956853e-02 2.084254611356015971e-09
4.720304381429617224e-02 2.082367951176510860e-09
4.774962930107178732e-02 2.082345456341836745e-09
4.830254394949064223e-02 2.077953057556750244e-09
4.886186104779054878e-02 2.078991152383424184e-09
4.942765473284694427e-02 2.079302544624330249e-09
4.999999999999998890e-02 2.078381154440626854e-09
5.057897271299490599e-02 2.075364235113287867e-09
5.116464961403772299e-02 2.076245334028880182e-09
5.175710833396719723e-02 2.074144851558260550e-09
5.235642740254497357e-02 2.075642070211911677e-09
5.296268625886442483e-02 2.080705470100024983e-09
5.357596526188034003e-02 2.070432914884194417e-09
5.419634570106018207e-02 2.071113799930593206e-09
5.482390980715924622e-02 2.071690548731699763e-09
5.545874076312003881e-02 2.068404475758188985e-09
5.610092271509820039e-02 2.070101782839348102e-09
5.675054078361576465e-02 2.068042606044973285e-09
5.740768107484413296e-02 2.066476919604768567e-09
5.807243069201711849e-02 2.066681502075564699e-09
5.874487774697650933e-02 2.065263085319951343e-09
5.942511137185093467e-02 2.065359842783755274e-09
6.011322173087065013e-02 2.062637700861575934e-09
6.080930003231838771e-02 2.061984728970592883e-09
6.151343854061906008e-02 2.060146066731779035e-09
6.222573058856927658e-02 2.060053235175668525e-09
6.294627058970836408e-02 2.059403102766849974e-09
6.367515405083307156e-02 2.061782011942024396e-09
6.441247758465666606e-02 2.057185715024987105e-09
6.515833892261499449e-02 2.058170077323277123e-09
6.591283692782035075e-02 2.057330159725009035e-09
6.667607160816618750e-02 2.055551437742044466e-09
6.744814412958265171e-02 2.053723265132534376e-09
6.822915682944626081e-02 2.055821307509370636e-09
6.901921323014426068e-02 2.051931138733045586e-09
6.981841805279687119e-02 2.051160293261604203e-09
7.062687723113769689e-02 2.050114176986588964e-09
7.144469792555516174e-02 2.049937940709117517e-09
7.227198853729638328e-02 2.050922696924586549e-09
7.310885872283590103e-02 2.050081932927389016e-09
7.395541940841034168e-02 2.048095393763541432e-09
7.481178280472169928e-02 2.047474486612474232e-09
7.567806242181042420e-02 2.046527709920042962e-09
7.655437308410149855e-02 2.044429358692557687e-09
7.744083094562403957e-02 2.044436062841110890e-09
7.833755350540749784e-02 2.040379431652976198e-09
7.924465962305569933e-02 2.041565726017619401e-09
8.016226953450207582e-02 2.033354557780934420e-09
8.109050486794647239e-02 2.043910647442867945e-09
8.202948865997691796e-02 2.037031256467317338e-09
8.297934537187805215e-02 2.039506911994895156e-09
8.394020090612801244e-02 2.035752995759337667e-09
8.491218262308719567e-02 2.038007470276012155e-09
8.589541935787936566e-02 2.034788758655015097e-09
8.689004143746879849e-02 2.035496182858092438e-09
8.789618069793463107e-02 2.035264487948824731e-09
8.891397050194613239e-02 2.034705554762769199e-09
8.994354575643936922e-02 2.034023426517645877e-09
9.098504293049920755e-02 2.032138828392447617e-09
9.203860007344781546e-02 2.030093428627743495e-09
9.310435683314335908e-02 2.031170768528369636e-09
9.418245447449000163e-02 2.028903478836739303e-09
9.527303589816239759e-02 2.027524788648706255e-09
9.637624565954681921e-02 2.027001262264596309e-09
9.749222998790225969e-02 2.026716699036974814e-09
9.862113680574265129e-02 2.025613919897659236e-09
9.976311574844401453e-02 2.024757603789457081e-09
1.009183181840780652e-01 2.025724597753993839e-09
1.020868972334764563e-01 2.021868192052161243e-09
1.032690077905264459e-01 2.016772210352130763e-09
1.044648065427020295e-01 2.030479287474203735e-09
1.056744519918323688e-01 2.020931360838102115e-09
1.068981044751115966e-01 2.020294126180507018e-09
1.081359261863509835e-01 2.018826146510776152e-09
1.093880811974775741e-01 2.016995911777231608e-09
1.106547354802819155e-01 2.016777074268305019e-09
1.119360569284169882e-01 2.018240851511498979e-09
1.132322153796529590e-01 2.014367489861275741e-09
1.145433826383886050e-01 2.038004728318254932e-09
1.158697324984239718e-01 2.013458035668438685e-09
1.172114407659961138e-01 2.011981180409010412e-09
1.185686852830827448e-01 2.013822125963034518e-09
1.199416459509744792e-01 2.008534306945379431e-09
1.213305047541208270e-01 2.009362106542792703e-09
1.227354457842515373e-01 2.008607146418891189e-09
1.241566552647785093e-01 2.008851589710739485e-09
1.255943215754789510e-01 2.006643785120203630e-09
1.270486352774652938e-01 2.007170959084671241e-09
1.285197891384432245e-01 2.001871048382719792e-09
1.300079781582635929e-01 2.000708755753577820e-09
1.315133995947690426e-01 2.003247150884647337e-09
1.330362529899405399e-01 2.002369579642311153e-09
1.345767401963458010e-01 2.002388071529364344e-09
1.361350654038956109e-01 2.001836067372344829e-09
1.377114351669082859e-01 2.000397373611938644e-09
1.393060584314886052e-01 1.997660397714486763e-09
1.409191465632227414e-01 1.999405711963329668e-09
1.425509133751954594e-01 1.998361563939395177e-09
1.442015751563302528e-01 1.996313585638602718e-09
1.458713507000582721e-01 1.995985031997405266e-09
1.475604613333193205e-01 1.995393755008809009e-09
1.492691309458979987e-01 1.996570712951867554e-09
1.509975860201007714e-01 1.992571545004209556e-09
1.527460556607755926e-01 1.991668330714161906e-09
1.545147716256795867e-01 1.994349143548020569e-09
1.563039683561977533e-01 1.989884119654780626e-09
1.581138830084189428e-01 1.987873155571357404e-09
1.599447554845698227e-01 1.989500548490545490e-09
1.617968284648141908e-01 1.986871329702459531e-09
1.636703474394191060e-01 1.987228929781945639e-09
1.655655607412955255e-01 1.986734047482177475e-09
1.674827195789137801e-01 1.985492264707095753e-09
1.694220780696013284e-01 1.990893119507618445e-09
1.713838932732252018e-01 1.984558648978932392e-09
1.733684252262658043e-01 1.983716775850390532e-09
1.753759369762839249e-01 1.981981141737421663e-09
1.774066946167878189e-01 1.981934433728523731e-09
1.794609673225026625e-01 1.984340062993317711e-09
1.815390273850506775e-01 1.979409993190610209e-09
1.836411502490422898e-01 1.976736195598832076e-09
1.857676145485863684e-01 1.976638883211986040e-09
1.879187021442221273e-01 1.977617979179371628e-09
1.900946981602806007e-01 1.974561142970407198e-09
1.922958910226767459e-01 1.974761478766262070e-09
1.945225724971401948e-01 1.974021416844889426e-09
1.967750377278887908e-01 1.973035985020715337e-09
1.990535852767486291e-01 1.991609560838191644e-09
2.013585171627295112e-01 1.970418287401401288e-09
2.036901389020562836e-01 1.970110682453719683e-09
2.060487595486651669e-01 1.968942841045506520e-09
2.084346917351677098e-01 1.968496728579096118e-09
2.108482517142910850e-01 1.967479633996291228e-09
2.132897594007962250e-01 1.966825617964966793e-09
2.157595384138826788e-01 1.958504486012969754e-09
2.182579161200829954e-01 1.969850432125589299e-09
2.207852236766562337e-01 1.964898291483010493e-09
2.233417960754814635e-01 1.963943370818196668e-09
2.259279721874612734e-01 1.963197008753845502e-09
2.285440948074375644e-01 1.962182393726718359e-09
2.311905106996301196e-01 1.960090281428107896e-09
2.338675706435990320e-01 1.958413482530041355e-09
2.365756294807403459e-01 1.959096508635534510e-09
2.393150461613192115e-01 1.965442590693492040e-09
2.420861837920496862e-01 1.959015645678917236e-09
2.448894096842230417e-01 1.963726058031903257e-09
2.477250954023952068e-01 1.957272548140554428e-09
2.505936168136362330e-01 1.954470594073641711e-09
2.534953541373521912e-01 1.953452871609612693e-09
2.564306919956823583e-01 1.952990612417385216e-09
2.594000194644804358e-01 1.947177190397663755e-09
2.624037301248863807e-01 1.950625048742791750e-09
2.654422221154941752e-01 1.950319795091923299e-09
2.685158981851262783e-01 1.949033507327479904e-09
2.716251657462164792e-01 1.947690792072655217e-09
2.747704369288123671e-01 1.947327925070651456e-09
2.779521286352018006e-01 1.946549710839029370e-09
2.811706625951744809e-01 1.945594336749995790e-09
2.844264654219206268e-01 1.946036567006367866e-09
2.877199686685785740e-01 1.943380178208446258e-09
2.910516088854357419e-01 1.943896857363253798e-09
2.944218276777944010e-01 1.943986534195729805e-09
2.978310717645051287e-01 1.941227535994564958e-09
3.012797930371790001e-01 1.941078617097683106e-09
3.047684486200846199e-01 1.939466911384377963e-09
3.082975009307410419e-01 1.936490227795336803e-09
3.118674177412095183e-01 1.941009364733581322e-09
3.154786722400967358e-01 1.936690789858917587e-09
3.191317430952744227e-01 1.936227006168682376e-09
3.228271145173277623e-01 1.934529397400003989e-09
3.265652763237361089e-01 1.934104135437373905e-09
3.303467240037981645e-01 1.931123419785107349e-09
3.341719587843073880e-01 1.933334187301462873e-09
3.380414876959909054e-01 1.931560013276500602e-09
3.419558236407145846e-01 1.932031644318965848e-09
3.459154854594680417e-01 1.927118606069760167e-09
3.499209980011368515e-01 1.935449277990959102e-09
3.539728921920690108e-01 1.934196259378416873e-09
3.580717051064509771e-01 1.918495757256131144e-09
3.622179800374948910e-01 1.927882476452171533e-09
3.664122665694521941e-01 1.914029719815410356e-09
3.706551206504588025e-01 1.925444955367988014e-09
3.749471046662278817e-01 1.922082998554679899e-09
3.792887875145917742e-01 1.923218891716198064e-09
3.836807446809096245e-01 1.918944988661938674e-09
3.881235583143459178e-01 1.921703355877769579e-09
3.926178173050358100e-01 1.924095529501398425e-09
3.971641173621405785e-01 1.943967972393214368e-09
4.017630610928087931e-01 1.919399286044975437e-09
4.064152580820497018e-01 1.915048518157423694e-09
4.111213249735355402e-01 1.919783054506838459e-09
4.158818855513353729e-01 1.910841827265032020e-09
4.206975708225977328e-01 1.915857578363856201e-09
4.255690191011883283e-01 1.915972011783341442e-09
4.304968760923003068e-01 1.922608156820231197e-09
4.354817949780401820e-01 1.947114436586868578e-09
4.405244365040072441e-01 1.965828510618819818e-09
4.456254690668728924e-01 1.905301538729655577e-09
4.507855688029784313e-01 1.908700217715573217e-09
4.560054196779547708e-01 1.908400808450582183e-09
4.612857135773818507e-01 1.909829048199597058e-09
4.666271503984956714e-01 1.907449314410927890e-09
4.720304381429616947e-01 1.908984996934608960e-09
4.774962930107178871e-01 1.905509063942590043e-09
4.830254394949065055e-01 1.904673158417532572e-09
4.886186104779055572e-01 1.903887409910925025e-09
4.942765473284694844e-01 1.903040713234592318e-09
5.000000000000000000e-01 1.904049606175645804e-09
5.235642740254496941e-01 1.898604589420751901e-09
5.482390980715925455e-01 1.892687721895912629e-09
5.740768107484413019e-01 1.890729411634170783e-09
6.011322173087064735e-01 1.907619228289865458e-09
6.294627058970835298e-01 1.885061584635954536e-09
6.591283692782035075e-01 1.904256561206240861e-09
6.901921323014423848e-01 1.876448971628111714e-09
7.227198853729638328e-01 1.873518177079265497e-09
7.567806242181041032e-01 1.871224942746959032e-09
7.924465962305566880e-01 1.867188316534571908e-09
8.297934537187803272e-01 1.865106492927739874e-09
8.689004143746876796e-01 1.859987269465239670e-09
9.098504293049917147e-01 1.856309018618512787e-09
9.527303589816236151e-01 1.854665537069248168e-09
9.976311574844398677e-01 1.843536535843565403e-09
1.044648065427019601e+00 1.842051746075981322e-09
1.093880811974776268e+00 1.844716347213728847e-09
1.145433826383886355e+00 1.840440558061584868e-09
1.199416459509745181e+00 1.837685516061404524e-09
1.255943215754790065e+00 1.834764883132954847e-09
1.315133995947690870e+00 1.829740189387911317e-09
1.377114351669083137e+00 1.828262719333786843e-09
1.442015751563303194e+00 1.822977217219817081e-09
1.509975860201008047e+00 1.818793862900978773e-09
1.581138830084189539e+00 1.813281464995001947e-09
1.655655607412955588e+00 1.815645625186462105e-09
1.733684252262658321e+00 1.811089734650207815e-09
1.815390273850506775e+00 1.805865726243757839e-09
1.900946981602805730e+00 1.802409911320884391e-09
1.990535852767486125e+00 1.799101974191878384e-09
2.084346917351676876e+00 1.796435221634154297e-09
2.182579161200830065e+00 1.790880227329062871e-09
2.285440948074374923e+00 1.787131877277972263e-09
2.393150461613192004e+00 1.783168105746469179e-09
2.505936168136361886e+00 1.784012376519037431e-09
2.624037301248862697e+00 1.775948615793436800e-09
2.747704369288122450e+00 1.776558928591323519e-09
2.877199686685784741e+00 1.769488345674173320e-09
3.012797930371788890e+00 1.767770202270156916e-09
3.154786722400966248e+00 1.766411052457371028e-09
3.303467240037980091e+00 1.761118776966826258e-09
3.459154854594682416e+00 1.758040372809524177e-09
3.622179800374950354e+00 1.755244562901692178e-09
3.792887875145919185e+00 1.755141262563672424e-09
3.971641173621408338e+00 1.747583349671129026e-09
4.158818855513356283e+00 1.740604369516394019e-09
4.354817949780404263e+00 1.742284130833984275e-09
4.560054196779547375e+00 1.738422278619377968e-09
4.774962930107178316e+00 1.734402745953606539e-09
5.000000000000000000e+00 1.731679405652037212e-09
6.294627058970836408e+00 1.714081333045235925e-09
7.924465962305567324e+00 1.702257189926083106e-09
9.976311574844396901e+00 1.675947097848201816e-09
1.255943215754790110e+01 1.666366419192990271e-09
1.581138830084189451e+01 1.649070148067258398e-09
1.990535852767486347e+01 1.633510525481826957e-09
2.505936168136361886e+01 1.619359395460122704e-09
3.154786722400966070e+01 1.594132258680374875e-09
3.971641173621406296e+01 1.581698827716995558e-09
4.999999999999999289e+01 1.566907538297069543e-09
