3.622179800374952406e-05 1.511915903804350140e-13
3.706551206504588155e-05 7.142990558194161972e-13
3.792887875145917236e-05 2.167357062998433760e-12
3.881235583143463039e-05 4.533151500698065699e-12
3.971641173621410364e-05 7.851215948502038744e-12
4.064152580820495913e-05 1.215852413840686272e-11
4.158818855513353842e-05 1.749712137224967702e-11
4.255690191011878395e-05 2.393281892694481106e-11
4.354817949780398050e-05 3.151871945635194628e-11
4.456254690668729390e-05 4.031784935797441888e-11
4.560054196779547508e-05 5.041649769282541319e-11
4.666271503984952289e-05 6.185900755027168761e-11
4.774962930107183736e-05 7.474339741490341173e-11
4.886186104779054808e-05 8.917458384785356534e-11
4.999999999999998884e-05 1.052029020018258242e-10
5.057897271299490442e-05 1.138897687556543718e-10
5.116464961403767209e-05 1.229542629794741186e-10
5.175710833396714221e-05 1.325226201230671159e-10
5.235642740254491318e-05 1.425141375400215650e-10
5.296268625886447866e-05 1.530117861895093599e-10
5.357596526188034176e-05 1.639975660845325656e-10
5.419634570106018624e-05 1.754232563621236641e-10
5.482390980715924394e-05 1.874293512356602533e-10
5.545874076312004358e-05 1.999217976521526229e-10
5.610092271509813691e-05 2.129490775296186229e-10
5.675054078361570665e-05 2.265145910887798950e-10
5.740768107484407919e-05 2.406580773040584817e-10
5.807243069201718186e-05 2.553665402178576200e-10
5.874487774697651393e-05 2.706733794960650986e-10
5.942511137185093809e-05 2.865241730423911014e-10
6.011322173087064877e-05 3.030117354466899860e-10
6.080930003231838695e-05 3.200808721812367010e-10
6.151343854061905325e-05 3.377654480110585999e-10
6.222573058856921034e-05 3.561063968983714328e-10
6.294627058970830402e-05 3.750468730730579983e-10
6.367515405083314138e-05 3.946431316998970308e-10
6.441247758465673719e-05 4.149193041502915433e-10
6.515833892261499124e-05 4.358246346332243108e-10
6.591283692782035650e-05 4.572874122470897159e-10
6.667607160816619769e-05 4.795353376393201105e-10
6.744814412958265366e-05 5.025398325576374612e-10
6.822915682944618535e-05 5.260961004823677589e-10
6.901921323014417829e-05 5.503481500312968920e-10
6.981841805279679497e-05 5.752164153135286040e-10
7.062687723113775782e-05 6.006129998097603312e-10
7.144469792555517389e-05 6.269958336296780822e-10
7.227198853729638578e-05 6.536768265269452001e-10
7.310885872283590017e-05 6.811801487687507213e-10
7.395541940841035122e-05 7.091737156798240194e-10
7.481178280472162371e-05 7.379620020076399524e-10
7.567806242181034505e-05 7.671561583818025136e-10
7.655437308410142656e-05 7.972084667391458599e-10
7.744083094562412067e-05 8.277601467286290865e-10
7.833755350540748852e-05 8.586811052780809961e-10
7.924465962305569597e-05 8.900466330020057645e-10
8.016226953450208102e-05 9.222088931768250696e-10
8.109050486794647857e-05 9.546935561800940720e-10
8.202948865997692718e-05 9.875535410024653730e-10
8.297934537187796715e-05 1.020591878416188790e-09
8.394020090612792852e-05 1.054361881731579121e-09
8.491218262308726907e-05 1.088203497349133779e-09
8.589541935787946660e-05 1.122435567719717221e-09
8.689004143746880239e-05 1.156643716583609732e-09
8.789618069793464267e-05 1.191622842945778864e-09
8.891397050194613488e-05 1.225607009908956974e-09
8.994354575643936521e-05 1.260421588142002342e-09
9.098504293049911853e-05 1.294957536407763716e-09
9.203860007344770748e-05 1.329335155571065962e-09
9.310435683314326931e-05 1.363886489956000826e-09
9.418245447449009216e-05 1.397800393921678951e-09
9.527303589816239347e-05 1.431178178297387441e-09
9.637624565954679568e-05 1.464821351677931871e-09
9.749222998790225210e-05 1.497569247301846235e-09
9.862113680574266798e-05 1.529619253151667018e-09
9.976311574844391077e-05 1.561031313659164113e-09
1.009183181840780691e-04 1.592049451415379573e-09
1.020868972334764650e-04 1.621993884821931731e-09
1.032690077905264197e-04 1.651117796248027135e-09
1.044648065427019099e-04 1.678451215710980414e-09
1.056744519918323676e-04 1.704775763030971241e-09
1.068981044751115915e-04 1.730363297656821311e-09
1.081359261863509824e-04 1.754817982550196218e-09
1.093880811974775783e-04 1.777184342844136828e-09
1.106547354802819166e-04 1.797793036202527287e-09
1.119360569284169707e-04 1.816542710655540316e-09
1.132322153796529580e-04 1.833790707906795049e-09
1.145433826383885891e-04 1.849848683438735483e-09
1.158697324984239615e-04 1.863238263711908864e-09
1.172114407659961160e-04 1.874618836487456615e-09
1.185686852830827555e-04 1.884164444902368375e-09
1.199416459509744813e-04 1.891389784578822580e-09
1.213305047541207216e-04 1.896240761953787923e-09
1.227354457842515364e-04 1.898231152086323548e-09
1.241566552647784948e-04 1.898320816129248079e-09
1.255943215754789502e-04 1.896287276879163928e-09
1.270486352774653110e-04 1.890680277046563551e-09
1.285197891384432108e-04 1.882514690964341170e-09
1.300079781582635788e-04 1.872972478756345406e-09
1.315133995947690435e-04 1.860109027113009093e-09
1.330362529899403897e-04 1.844937526526483318e-09
1.345767401963458333e-04 1.827307251755282763e-09
1.361350654038956344e-04 1.807164957311386898e-09
1.377114351669082826e-04 1.785152356833994279e-09
1.393060584314884456e-04 1.759923247731923969e-09
1.409191465632227234e-04 1.732965915643374426e-09
1.425509133751954596e-04 1.704096837308051874e-09
1.442015751563302474e-04 1.672752859015092133e-09
1.458713507000582675e-04 1.640507372647843422e-09
1.475604613333193142e-04 1.606310487742207953e-09
1.492691309458979746e-04 1.570883186570064779e-09
1.509975860201007907e-04 1.533950229229659778e-09
1.527460556607755941e-04 1.496477283634040661e-09
1.545147716256795760e-04 1.458491023833285023e-09
1.563039683561977700e-04 1.420045886722825976e-09
1.581138830084189426e-04 1.381923546693661293e-09
1.599447554845698401e-04 1.343932635086274920e-09
1.617968284648140247e-04 1.306547010806091146e-09
1.636703474394191234e-04 1.270116036246853562e-09
1.655655607412955237e-04 1.235310940770829344e-09
1.674827195789137821e-04 1.202191425722595620e-09
1.694220780696013395e-04 1.171262388254512467e-09
1.713838932732251596e-04 1.142457121001052111e-09
1.733684252262658175e-04 1.116848005086539667e-09
1.753759369762839622e-04 1.094224951163423222e-09
1.774066946167876340e-04 1.075084126213053591e-09
1.794609673225026902e-04 1.059997555082604144e-09
1.815390273850506729e-04 1.048816689905301306e-09
1.836411502490422785e-04 1.042169354674128735e-09
1.857676145485863753e-04 1.040192645165126135e-09
1.879187021442221307e-04 1.042919167515755533e-09
1.900946981602805912e-04 1.050620071428655419e-09
1.922958910226767171e-04 1.063516763036769562e-09
1.945225724971401946e-04 1.081272217992314257e-09
1.967750377278886019e-04 1.104212416847082479e-09
1.990535852767485949e-04 1.132175178828657397e-09
2.013585171627295032e-04 1.165154982236490728e-09
2.036901389020562758e-04 1.202723420950614875e-09
2.060487595486651640e-04 1.244344926752325036e-09
2.084346917351676985e-04 1.290161862718714199e-09
2.108482517142910915e-04 1.339666861331940345e-09
2.132897594007962310e-04 1.392118497627386562e-09
2.157595384138824807e-04 1.446846033949774727e-09
2.182579161200830003e-04 1.503770961607655097e-09
2.207852236766562250e-04 1.561603912340859209e-09
2.233417960754814700e-04 1.619984777109974473e-09
2.259279721874612925e-04 1.677950838857707001e-09
2.285440948074375482e-04 1.734545256265072481e-09
2.311905106996301417e-04 1.789488998265512769e-09
2.338675706435990400e-04 1.841161159966818763e-09
2.365756294807401202e-04 1.889459175842101662e-09
2.393150461613192687e-04 1.933348942954792940e-09
2.420861837920496669e-04 1.971881790448187063e-09
2.448894096842230486e-04 2.004359379513129373e-09
2.477250954023952571e-04 2.030493736869498368e-09
2.505936168136362096e-04 2.049899639843232082e-09
2.534953541373521587e-04 2.061210466679499308e-09
2.564306919956823639e-04 2.065562201627968299e-09
2.594000194644803916e-04 2.062387340924636643e-09
2.624037301248860888e-04 2.050621173438426995e-09
2.654422221154941939e-04 2.031515243392159666e-09
2.685158981851263043e-04 2.004976080083415942e-09
2.716251657462165044e-04 1.972536403009878209e-09
2.747704369288123854e-04 1.934081704248807973e-09
2.779521286352018127e-04 1.890426955681846878e-09
2.811706625951744943e-04 1.844141024743350588e-09
2.844264654219205712e-04 1.794374745744558733e-09
2.877199686685783203e-04 1.743668227754188106e-09
2.910516088854357393e-04 1.693687742914449121e-09
2.944218276777944170e-04 1.644556839035846903e-09
2.978310717645051204e-04 1.599241294306384065e-09
3.012797930371790027e-04 1.558910688433639335e-09
3.047684486200846234e-04 1.524061519402787547e-09
3.082975009307410263e-04 1.497256182042177204e-09
3.118674177412095313e-04 1.478694468697539033e-09
3.154786722400964379e-04 1.469542889121923300e-09
3.191317430952743915e-04 1.470139500313926104e-09
3.228271145173277267e-04 1.481490448168968255e-09
3.265652763237360972e-04 1.502840919287310404e-09
3.303467240037981823e-04 1.534186652639165881e-09
3.341719587843073962e-04 1.574767657868595289e-09
3.380414876959908759e-04 1.623513362898772345e-09
3.419558236407145655e-04 1.678944504062109848e-09
3.459154854594680595e-04 1.739526645289944108e-09
3.499209980011365765e-04 1.802808188681769515e-09
3.539728921920689544e-04 1.866702956799504753e-09
3.580717051064509363e-04 1.929264175636161140e-09
3.622179800374948611e-04 1.987346606475280594e-09
3.664122665694521551e-04 2.039215033525894484e-09
3.706551206504588155e-04 2.083303646822691690e-09
3.749471046662278739e-04 2.117230227275952101e-09
3.792887875145917100e-04 2.139146395739259760e-09
3.836807446809091808e-04 2.148461207466848354e-09
3.881235583143459109e-04 2.144945416436917846e-09
3.926178173050358226e-04 2.128262971484369866e-09
3.971641173621406028e-04 2.099430501052159069e-09
4.017630610928087857e-04 2.060542735436826930e-09
4.064152580820496862e-04 2.013367193791053679e-09
4.111213249735355181e-04 1.959128426810083714e-09
4.158818855513353842e-04 1.902742416286166272e-09
4.206975708225972935e-04 1.846571826355321709e-09
4.255690191011882867e-04 1.794611336957337963e-09
4.304968760923003155e-04 1.749772131138721671e-09
4.354817949780401981e-04 1.714853826239517230e-09
4.405244365040072822e-04 1.693175943785197557e-09
4.456254690668728577e-04 1.685659396118575706e-09
4.507855688029784470e-04 1.693705466316569923e-09
4.560054196779547643e-04 1.717341213311531141e-09
4.612857135773812921e-04 1.755384205715287072e-09
4.666271503984952018e-04 1.805840011886936583e-09
4.720304381429617636e-04 1.865412529293467374e-09
4.774962930107178993e-04 1.930811739849240720e-09
4.830254394949064960e-04 1.996634469351998928e-09
4.886186104779055486e-04 2.059209247352133787e-09
4.942765473284694211e-04 2.113630445320320819e-09
4.999999999999999020e-04 2.156288512566255458e-09
5.057897271299491120e-04 2.184048269235407251e-09
5.116464961403766531e-04 2.192499230781752381e-09
5.175710833396719507e-04 2.183324606304109797e-09
5.235642740254497010e-04 2.157716996145757049e-09
5.296268625886442309e-04 2.116085261501386846e-09
5.357596526188034176e-04 2.063551485051260249e-09
5.419634570106019031e-04 2.004350299912361562e-09
5.482390980715924666e-04 1.945184809390493434e-09
5.545874076312004358e-04 1.891463336447714209e-09
5.610092271509814097e-04 1.849119702493458644e-09
5.675054078361570394e-04 1.822564888201808433e-09
5.740768107484413340e-04 1.815765934623062494e-09
5.807243069201711546e-04 1.830008502522080624e-09
5.874487774697650716e-04 1.863589585594446197e-09
5.942511137185093944e-04 1.913958148355875658e-09
6.011322173087063929e-04 1.976387282440185204e-09
6.080930003231838424e-04 2.043471838858246843e-09
6.151343854061905054e-04 2.108091497257506222e-09
6.222573058856921847e-04 2.162726786175333575e-09
6.294627058970835281e-04 2.201009255264702059e-09
6.367515405083307633e-04 2.218011764896203494e-09
6.441247758465672634e-04 2.211715366798574189e-09
6.515833892261498582e-04 2.182418649256335658e-09
6.591283692782036463e-04 2.135207965784899735e-09
6.667607160816619227e-04 2.076500107271297308e-09
6.744814412958265908e-04 2.014959585679516414e-09
6.822915682944617451e-04 1.959748533421843790e-09
6.901921323014424334e-04 1.919556405923914369e-09
6.981841805279687899e-04 1.901319109186571443e-09
7.062687723113776324e-04 1.908569165579707260e-09
7.144469792555517389e-04 1.940881054010986326e-09
7.227198853729638849e-04 1.993668938729917973e-09
7.310885872283591101e-04 2.059223392024639376e-09
7.395541940841035122e-04 2.126358818004816997e-09
7.481178280472162642e-04 2.184050199600379722e-09
7.567806242181033963e-04 2.222214293043049206e-09
7.655437308410150245e-04 2.234324126775646443e-09
7.744083094562404478e-04 2.217845747536021314e-09
7.833755350540749394e-04 2.177439829340153215e-09
7.924465962305569326e-04 2.118243983810924340e-09
8.016226953450207018e-04 2.055323896886433749e-09
8.109050486794647586e-04 2.000783859764083149e-09
8.202948865997692447e-04 1.964212090115950236e-09
8.297934537187796715e-04 1.961559729194745292e-09
8.394020090612802068e-04 1.987288774589823564e-09
8.491218262308720130e-04 2.036259316696848640e-09
8.589541935787945847e-04 2.103992282455915486e-09
8.689004143746881324e-04 2.170277867522627462e-09
8.789618069793463453e-04 2.220501380715322508e-09
8.891397050194612675e-04 2.246514888125550000e-09
8.994354575643935708e-04 2.233888714662326045e-09
9.098504293049911040e-04 2.196375048488357098e-09
9.203860007344780506e-04 2.133051770819203300e-09
9.310435683314336689e-04 2.070513396948962887e-09
9.418245447449009487e-04 2.016049622493249591e-09
9.527303589816240974e-04 2.004711785198879229e-09
9.637624565954682008e-04 2.022677714691783968e-09
9.749222998790226836e-04 2.068392037890726783e-09
9.862113680574266256e-04 2.134144349429594009e-09
9.976311574844392432e-04 2.197766478477944645e-09
1.009183181840779715e-03 2.241712747390838829e-09
1.020868972334764650e-03 2.250007608476607596e-09
1.032690077905264224e-03 2.219379510101207131e-09
1.044648065427020156e-03 2.162970276196590491e-09
1.056744519918323541e-03 2.098041457171076442e-09
1.068981044751116105e-03 2.048614845858488566e-09
1.081359261863509879e-03 2.038496716622266503e-09
1.093880811974775810e-03 2.059840096855883414e-09
1.106547354802818028e-03 2.118792049399043889e-09
1.119360569284169734e-03 2.186766931577770568e-09
1.132322153796529608e-03 2.238951245224293406e-09
1.145433826383886839e-03 2.253819347090351434e-09
1.158697324984239588e-03 2.226671623381139946e-09
1.172114407659961052e-03 2.171444760353357296e-09
1.185686852830827474e-03 2.107596150422857680e-09
1.199416459509744732e-03 2.068478789231823900e-09
1.213305047541206891e-03 2.073880940352556710e-09
1.227354457842515581e-03 2.112763884293086371e-09
1.241566552647784894e-03 2.183086137300142788e-09
1.255943215754790803e-03 2.238467824812110633e-09
1.270486352774652947e-03 2.262244563843308893e-09
1.285197891384432054e-03 2.232223436875552702e-09
1.300079781582636059e-03 2.172157692103084292e-09
1.315133995947690435e-03 2.109863144383888005e-09
1.330362529899403951e-03 2.080912763480244031e-09
1.345767401963456761e-03 2.101495455511062737e-09
1.361350654038956127e-03 2.159733851475632654e-09
1.377114351669082772e-03 2.223957322684392884e-09
1.393060584314885974e-03 2.257052654463908087e-09
1.409191465632227396e-03 2.241465053584916184e-09
1.425509133751954758e-03 2.185772768147396385e-09
1.442015751563302745e-03 2.122837538266157351e-09
1.458713507000582513e-03 2.096447575132304836e-09
1.475604613333191895e-03 2.125544839487774336e-09
1.492691309458979909e-03 2.188925430628372219e-09
1.509975860201007635e-03 2.248800287130003165e-09
1.527460556607757513e-03 2.256695345953273252e-09
1.545147716256795815e-03 2.213458899385201718e-09
1.563039683561977646e-03 2.150213422388633424e-09
1.581138830084189480e-03 2.116220712263779115e-09
1.599447554845698401e-03 2.130132391499466343e-09
1.617968284648140355e-03 2.191950862296214678e-09
1.636703474394191234e-03 2.248864415068768848e-09
1.655655607412955237e-03 2.254917769482012984e-09
1.674827195789139285e-03 2.205250807746954916e-09
1.694220780696013449e-03 2.144545016790190305e-09
1.713838932732251975e-03 2.120695759397849386e-09
1.733684252262658121e-03 2.162684892191403160e-09
1.753759369762839405e-03 2.227892065233003795e-09
1.774066946167875960e-03 2.259333905690259285e-09
1.794609673225024734e-03 2.227796244331905060e-09
1.815390273850506567e-03 2.168084760605703345e-09
1.836411502490422785e-03 2.131123872859899266e-09
1.857676145485863536e-03 2.162426059496051970e-09
1.879187021442221524e-03 2.228184050563465198e-09
1.900946981602806129e-03 2.256247138310313218e-09
1.922958910226767442e-03 2.223684668970291491e-09
1.945225724971402217e-03 2.158956556701849473e-09
1.967750377278885965e-03 2.139051482221405061e-09
1.990535852767486274e-03 2.187500093773918830e-09
2.013585171627295303e-03 2.248899996806715525e-09
2.036901389020564709e-03 2.248875222777988066e-09
2.060487595486651478e-03 2.193443343860104726e-09
2.084346917351677202e-03 2.145710627595764540e-09
2.108482517142910590e-03 2.169568508914826062e-09
2.132897594007962527e-03 2.236001650789720333e-09
2.157595384138824915e-03 2.254951098055520367e-09
2.182579161200830058e-03 2.206552118027342911e-09
2.207852236766562250e-03 2.151877318983579355e-09
2.233417960754816977e-03 2.170519648909862351e-09
2.259279721874612491e-03 2.235394025352228097e-09
2.285440948074375211e-03 2.254196353514139527e-09
2.311905106996301092e-03 2.199461043982716919e-09
2.338675706435990129e-03 2.154329742651491082e-09
2.365756294807400822e-03 2.188298278533493737e-09
2.393150461613190085e-03 2.251534602195218850e-09
2.420861837920496723e-03 2.239363147210666924e-09
2.448894096842230052e-03 2.176884812628851286e-09
2.477250954023952137e-03 2.163454040436041865e-09
2.505936168136362312e-03 2.226575677192874668e-09
2.534953541373521479e-03 2.250727244435173132e-09
2.564306919956823531e-03 2.200542471793255577e-09
2.594000194644804132e-03 2.161731975418971063e-09
2.624037301248860997e-03 2.205454554794863958e-09
2.654422221154941613e-03 2.254203484966678731e-09
2.685158981851263043e-03 2.214686086375244599e-09
2.716251657462167429e-03 2.166523653226343539e-09
2.747704369288123637e-03 2.202336429631271096e-09
2.779521286352018561e-03 2.252031112813510004e-09
2.811706625951744618e-03 2.214714570145406342e-09
2.844264654219205712e-03 2.167532600990035788e-09
2.877199686685782878e-03 2.211634711634985589e-09
2.910516088854357176e-03 2.249820386111384931e-09
2.944218276777944496e-03 2.201602378931310960e-09
2.978310717645054565e-03 2.172630237621363160e-09
3.012797930371790243e-03 2.231511410934963234e-09
3.047684486200846234e-03 2.240275318380191638e-09
3.082975009307410696e-03 2.181438151677809000e-09
3.118674177412095096e-03 2.191513513065535627e-09
3.154786722400963837e-03 2.246920572573806998e-09
3.191317430952740879e-03 2.211000436886738479e-09
3.228271145173277918e-03 2.174976135663664912e-09
3.265652763237360864e-03 2.228962730924083669e-09
3.303467240037981714e-03 2.234275074501322529e-09
3.341719587843073637e-03 2.178092038263417706e-09
3.380414876959908759e-03 2.210187606181119386e-09
3.419558236407145655e-03 2.243211216802625787e-09
3.459154854594680920e-03 2.193065539687022300e-09
3.499209980011365115e-03 2.197461807522484027e-09
3.539728921920689761e-03 2.242569737967801822e-09
3.580717051064509580e-03 2.194111373011573209e-09
3.622179800374952189e-03 2.194098335545818259e-09
3.664122665694521767e-03 2.243465913922937646e-09
3.706551206504587938e-03 2.197556941142930781e-09
3.749471046662278956e-03 2.194345104640518873e-09
3.792887875145917534e-03 2.238723170281793713e-09
3.836807446809092567e-03 2.188788220588190533e-09
3.881235583143459542e-03 2.203382727766061296e-09
3.926178173050358551e-03 2.236800303153301895e-09
3.971641173621410364e-03 2.180878558816604620e-09
4.017630610928087966e-03 2.218572692581239757e-09
4.064152580820497296e-03 2.222623059748134160e-09
4.111213249735355506e-03 2.182103156617284338e-09
4.158818855513353625e-03 2.232563233026117960e-09
4.206975708225972610e-03 2.198575493992411257e-09
4.255690191011878530e-03 2.197705039945116240e-09
4.304968760923003589e-03 2.234983620772071427e-09
4.354817949780402306e-03 2.186114314854651444e-09
4.405244365040072822e-03 2.228073016041590407e-09
4.456254690668728577e-03 2.202869908560114379e-09
4.507855688029784036e-03 2.198280372684538760e-09
4.560054196779547535e-03 2.228249892992923669e-09
4.612857135773812921e-03 2.179617451408608326e-09
4.666271503984951476e-03 2.233724955040241368e-09
4.720304381429616877e-03 2.189079560746543073e-09
4.774962930107179426e-03 2.214168472828105724e-09
4.830254394949069947e-03 2.206978344518059070e-09
4.886186104779055052e-03 2.196268029413713426e-09
4.942765473284694427e-03 2.220599790566585693e-09
4.999999999999998369e-03 2.185043412908044253e-09
5.057897271299490252e-03 2.227366789913672435e-09
5.116464961403772820e-03 2.182716297996237007e-09
5.175710833396719723e-03 2.229311542780991003e-09
5.235642740254497010e-03 2.182523308969498483e-09
5.296268625886442309e-03 2.225708413545344815e-09
5.357596526188034176e-03 2.183392852842835639e-09
5.419634570106018380e-03 2.223558750718858557e-09
5.482390980715924449e-03 2.183932589741294387e-09
5.545874076312003707e-03 2.217302167989026462e-09
5.610092271509814314e-03 2.182815779322809913e-09
5.675054078361577332e-03 2.216383906390419137e-09
5.740768107484413990e-03 2.180790789253211703e-09
5.807243069201712196e-03 2.221855914560251883e-09
5.874487774697644861e-03 2.180222198537866887e-09
5.942511137185094161e-03 2.218270152578778241e-09
6.011322173087065013e-03 2.186394953170537236e-09
6.080930003231838424e-03 2.208489713007260035e-09
6.151343854061904620e-03 2.195788579863614260e-09
6.222573058856926617e-03 2.187756641689307771e-09
6.294627058970836582e-03 2.211790974186593776e-09
6.367515405083306983e-03 2.184541614938340555e-09
6.441247758465667647e-03 2.213702289061120622e-09
6.515833892261499449e-03 2.189384619851284968e-09
6.591283692782035596e-03 2.197531518988831370e-09
6.667607160816618576e-03 2.202297058529511790e-09
6.744814412958264824e-03 2.173778337843995053e-09
6.822915682944625040e-03 2.218793766253125345e-09
6.901921323014425201e-03 2.192118283549800791e-09
6.981841805279687466e-03 2.188357140147204398e-09
7.062687723113769168e-03 2.210626241914802812e-09
7.144469792555517389e-03 2.182794967785317877e-09
7.227198853729638849e-03 2.193580064334737891e-09
7.310885872283590450e-03 2.207398018185384853e-09
7.395541940841034688e-03 2.177501268097735278e-09
7.481178280472170448e-03 2.192562675838781149e-09
7.567806242181043287e-03 2.213538678539305023e-09
7.655437308410150896e-03 2.181506397679425790e-09
7.744083094562405345e-03 2.179929109747009606e-09
7.833755350540741805e-03 2.196251623195045003e-09
7.924465962305568892e-03 2.185357260079928172e-09
8.016226953450207235e-03 2.175460353412321404e-09
8.109050486794647586e-03 2.183761687050646783e-09
8.202948865997691796e-03 2.200112260478530087e-09
8.297934537187804521e-03 2.189140355972514778e-09
8.394020090612802285e-03 2.173337779517865268e-09
8.491218262308719913e-03 2.184981535097914145e-09
8.589541935787937607e-03 2.197908294744616534e-09
8.689004143746880890e-03 2.197822382669731237e-09
8.789618069793463453e-03 2.176938253848899093e-09
8.891397050194612892e-03 2.173479970184916945e-09
8.994354575643934840e-03 2.180736301460307671e-09
9.098504293049919714e-03 2.193661538874133036e-09
9.203860007344778771e-03 2.196001057243554646e-09
9.310435683314336255e-03 2.185956904751632335e-09
9.418245447449000163e-03 2.175755872232028543e-09
9.527303589816240106e-03 2.167929162872192316e-09
9.637624565954681574e-03 2.172010301199707938e-09
9.749222998790225969e-03 2.176283707651159480e-09
9.862113680574265823e-03 2.186616686206582780e-09
9.976311574844402841e-03 2.192053597052134269e-09
1.009183181840780756e-02 2.190393577990288338e-09
1.020868972334764563e-02 2.186807962284168924e-09
1.032690077905264354e-02 2.187580533028326929e-09
1.044648065427019115e-02 2.185847826118427995e-09
1.056744519918323584e-02 2.177981656615784820e-09
1.068981044751115932e-02 2.176868621790244465e-09
1.081359261863509835e-02 2.175234746226154727e-09
1.093880811974775637e-02 2.175198810103644871e-09
1.106547354802819329e-02 2.172872274454026122e-09
1.119360569284170125e-02 2.176169436401486331e-09
1.132322153796529694e-02 2.175641823083907154e-09
1.145433826383886189e-02 2.179065029490068786e-09
1.158697324984239718e-02 2.177728084417963187e-09
1.172114407659961138e-02 2.181347910891356713e-09
1.185686852830827691e-02 2.179615594743999066e-09
1.199416459509744862e-02 2.177427788293573831e-09
1.213305047541208236e-02 2.173423380284988422e-09
1.227354457842515234e-02 2.165452780328187403e-09
1.241566552647785024e-02 2.159615619681130521e-09
1.255943215754789719e-02 2.161381843232645990e-09
1.270486352774653077e-02 2.168022317182477375e-09
1.285197891384432141e-02 2.173970902068828310e-09
1.300079781582635929e-02 2.173925951309817039e-09
1.315133995947690565e-02 2.162265910390386648e-09
1.330362529899405469e-02 2.155637830143270436e-09
1.345767401963458149e-02 2.164467243511185846e-09
1.361350654038956214e-02 2.173381268645000678e-09
1.377114351669082859e-02 2.163487385487433314e-09
1.393060584314884456e-02 2.156167602553375515e-09
1.409191465632227309e-02 2.163018067152039203e-09
1.425509133751954628e-02 2.168897254015921113e-09
1.442015751563302701e-02 2.155250539178563230e-09
1.458713507000582686e-02 2.157610880342200223e-09
1.475604613333193239e-02 2.168479623285701088e-09
1.492691309458979952e-02 2.153056738617485027e-09
1.509975860201007852e-02 2.157473637764823235e-09
1.527460556607755995e-02 2.161806920410414691e-09
1.545147716256795728e-02 2.149614082489214725e-09
1.563039683561977602e-02 2.164580516217266068e-09
1.581138830084189567e-02 2.149470961210623244e-09
1.599447554845698227e-02 2.160209225750327768e-09
1.617968284648142047e-02 2.151108202061011356e-09
1.636703474394191060e-02 2.156385181443518542e-09
1.655655607412955324e-02 2.150175352677491287e-09
1.674827195789137593e-02 2.155115011684677601e-09
1.694220780696013146e-02 2.146123920575579275e-09
1.713838932732252018e-02 2.157979983774711692e-09
1.733684252262658251e-02 2.144563389139219612e-09
1.753759369762839665e-02 2.154799473911257311e-09
1.774066946167878259e-02 2.148787552839382265e-09
1.794609673225026208e-02 2.144635751477309873e-09
1.815390273850506567e-02 2.154224521378939761e-09
1.836411502490422828e-02 2.144709804927773474e-09
1.857676145485861671e-02 2.144306801962506502e-09
1.879187021442221134e-02 2.151293653327215569e-09
1.900946981602805869e-02 2.147542464872858545e-09
1.922958910226767182e-02 2.138670809275814239e-09
1.945225724971402087e-02 2.141902792343494944e-09
1.967750377278887700e-02 2.147484338697287739e-09
1.990535852767486361e-02 2.147869433931678468e-09
2.013585171627295042e-02 2.141068448816616652e-09
2.036901389020562628e-02 2.137411862600703386e-09
2.060487595486651738e-02 2.136468176983721387e-09
2.084346917351677028e-02 2.135217257065382586e-09
2.108482517142910850e-02 2.138441612427024686e-09
2.132897594007962527e-02 2.139800527017827856e-09
2.157595384138826650e-02 2.139474769182397111e-09
2.182579161200829884e-02 2.139789760552952328e-09
2.207852236766562337e-02 2.139237071696466501e-09
2.233417960754814982e-02 2.137508308625041891e-09
2.259279721874613012e-02 2.135703041219266988e-09
2.285440948074375644e-02 2.132101536971577155e-09
2.311905106996301265e-02 2.129981847219221327e-09
2.338675706435990390e-02 2.128488361013948165e-09
2.365756294807403598e-02 2.130520989314203027e-09
2.393150461613192601e-02 2.134617977705154806e-09
2.420861837920496376e-02 2.135144773601302935e-09
2.448894096842230139e-02 2.128659229421371498e-09
2.477250954023950055e-02 2.125149696589152337e-09
2.505936168136362052e-02 2.130260970448180541e-09
2.534953541373522259e-02 2.131428272635749291e-09
2.564306919956823791e-02 2.123462820728716109e-09
2.594000194644804219e-02 2.126327914036935486e-09
2.624037301248864293e-02 2.128047208563196879e-09
2.654422221154941960e-02 2.121990343350768346e-09
2.685158981851263477e-02 2.128605740112718869e-09
2.716251657462164654e-02 2.119210932959530194e-09
2.747704369288123810e-02 2.127064055809362588e-09
2.779521286352018214e-02 2.118379126018824308e-09
2.811706625951744878e-02 2.125178614799329323e-09
2.844264654219206059e-02 2.119055658518538572e-09
2.877199686685785740e-02 2.119433115959664249e-09
2.910516088854357350e-02 2.122292892045325216e-09
2.944218276777944496e-02 2.115888188256965243e-09
2.978310717645051356e-02 2.117103661772609824e-09
3.012797930371790070e-02 2.121115236867546951e-09
3.047684486200846060e-02 2.118412001643859903e-09
3.082975009307410696e-02 2.112981353282201689e-09
3.118674177412095877e-02 2.111354945778342792e-09
3.154786722400967913e-02 2.113008365807593784e-09
3.191317430952744089e-02 2.114373438755407124e-09
3.228271145173277484e-02 2.114878067545084202e-09
3.265652763237360950e-02 2.115132930507503366e-09
3.303467240037977898e-02 2.113449168735356029e-09
3.341719587843073463e-02 2.112503478893073612e-09
3.380414876959908499e-02 2.110310808233631504e-09
3.419558236407146262e-02 2.107174829625558170e-09
3.459154854594680834e-02 2.105258218320547242e-09
3.499209980011368931e-02 2.105880604066315207e-09
3.539728921920690108e-02 2.109793297234366939e-09
3.580717051064509493e-02 2.108383993391686497e-09
3.622179800374948633e-02 2.108948167094843417e-09
3.664122665694521247e-02 2.104889503249725037e-09
3.706551206504588025e-02 2.106430921738635314e-09
3.749471046662278262e-02 2.100490278013558493e-09
3.792887875145917187e-02 2.105248316002004805e-09
3.836807446809096384e-02 2.099126217112029672e-09
3.881235583143458762e-02 2.103544842131118774e-09
3.926178173050358378e-02 2.098296676512653044e-09
3.971641173621406201e-02 2.100915871546377993e-09
4.017630610928087792e-02 2.100101384471025942e-09
4.064152580820496602e-02 2.095350454025773007e-09
4.111213249735355679e-02 2.097453464841235977e-09
4.158818855513353452e-02 2.099267520920839011e-09
4.206975708225977467e-02 2.097622740733452617e-09
4.255690191011883561e-02 2.094400096370419315e-09
4.304968760923002374e-02 2.092726805812203892e-09
4.354817949780401959e-02 2.091162331396332451e-09
4.405244365040068139e-02 2.090766690734027407e-09
4.456254690668728924e-02 2.090930259544542625e-09
4.507855688029784730e-02 2.090794876223013292e-09
4.560054196779547708e-02 2.092490363846394842e-09
4.612857135773813788e-02 2.092110987649741436e-09
4.666271503984956853e-02 2.088171070966744849e-09
4.720304381429617224e-02 2.086635244203132617e-09
4.774962930107178732e-02 2.097234886638649292e-09
4.830254394949063529e-02 2.086338129019577352e-09
4.886186104779054878e-02 2.085842082456262854e-09
4.942765473284694427e-02 2.085749089396659051e-09
4.999999999999998196e-02 2.085856772872665873e-09
5.057897271299490599e-02 2.081014610896287101e-09
5.116464961403772299e-02 2.085322108780579938e-09
5.175710833396719723e-02 2.082107676984807516e-09
5.235642740254497357e-02 2.079805084776198429e-09
5.296268625886442483e-02 2.080350642537138006e-09
5.357596526188034003e-02 2.081247937236790703e-09
5.419634570106018207e-02 2.081025561792488672e-09
5.482390980715923928e-02 2.080255506258542630e-09
5.545874076312003881e-02 2.079430551546747813e-09
5.610092271509820039e-02 2.077909937619507016e-09
5.675054078361575771e-02 2.075981951621473663e-09
5.740768107484413296e-02 2.074030928327678129e-09
5.807243069201711849e-02 2.076342957359583898e-09
5.874487774697650933e-02 2.074214109239830863e-09
5.942511137185093467e-02 2.071672248677305564e-09
6.011322173087065707e-02 2.074315875645621764e-09
6.080930003231838771e-02 2.070505433496524533e-09
6.151343854061905314e-02 2.071915717907428241e-09
6.222573058856927658e-02 2.070957048223995602e-09
6.294627058970836408e-02 2.067761323807260472e-09
6.367515405083307156e-02 2.068727021637694064e-09
6.441247758465666606e-02 2.068852283039240829e-09
6.515833892261499449e-02 2.068628913115738757e-09
6.591283692782035075e-02 2.068148126858023390e-09
6.667607160816618750e-02 2.066564672467246364e-09
6.744814412958265171e-02 2.064372150322500184e-09
6.822915682944626081e-02 2.062649108491892240e-09
6.901921323014426068e-02 2.063340892073432498e-09
6.981841805279687119e-02 2.063800310596087218e-09
7.062687723113769689e-02 2.060071856366511463e-09
7.144469792555516174e-02 2.062504218543255163e-09
7.227198853729638328e-02 2.058440712492716878e-09
7.310885872283590103e-02 2.060207620082160550e-09
7.395541940841034168e-02 2.060779932051295722e-09
7.481178280472169928e-02 2.057920339150501773e-09
7.567806242181042420e-02 2.056176820209861642e-09
7.655437308410148467e-02 2.055078551175448728e-09
7.744083094562403957e-02 2.054582688469785703e-09
7.833755350540749784e-02 2.054776121471662562e-09
7.924465962305569933e-02 2.055809897744779872e-09
8.016226953450207582e-02 2.054141123321365210e-09
8.109050486794647239e-02 2.051184633867044642e-09
8.202948865997691796e-02 2.053550660752196121e-09
8.297934537187805215e-02 2.049526201719480691e-09
8.394020090612802631e-02 2.050577075311915813e-09
8.491218262308719567e-02 2.050098121625976195e-09
8.589541935787936566e-02 2.049056008184281237e-09
8.689004143746879849e-02 2.046860322390866175e-09
8.789618069793464494e-02 2.046270309222319677e-09
8.891397050194613239e-02 2.045997162614663251e-09
8.994354575643936922e-02 2.046033377463822860e-09
9.098504293049920755e-02 2.046314207789582817e-09
9.203860007344781546e-02 2.042757356707209371e-09
9.310435683314335908e-02 2.044571020251075886e-09
9.418245447449000163e-02 2.041357234481096634e-09
9.527303589816239759e-02 2.042781624966301854e-09
9.637624565954681921e-02 2.041695332644535473e-09
9.749222998790225969e-02 2.040004256289110132e-09
9.862113680574265129e-02 2.039439414675735398e-09
9.976311574844401453e-02 2.037842443366292337e-09
1.009183181840780652e-01 2.039007195129375999e-09
1.020868972334764563e-01 2.037401760096130379e-09
1.032690077905264597e-01 2.035482556595598308e-09
1.044648065427020295e-01 2.036590832683088603e-09
1.056744519918323688e-01 2.034592894680364460e-09
1.068981044751115966e-01 2.034580064522648543e-09
1.081359261863509835e-01 2.032787233138864462e-09
1.093880811974775741e-01 2.032936988055605103e-09
1.106547354802819155e-01 2.032089010860241466e-09
1.119360569284169882e-01 2.029840711396276481e-09
1.132322153796529590e-01 2.029760275512573131e-09
1.145433826383886050e-01 2.029685143921818494e-09
1.158697324984239579e-01 2.028261791996851735e-09
1.172114407659961138e-01 2.027635507955615564e-09
1.185686852830827448e-01 2.028236356852403168e-09
1.199416459509744792e-01 2.028100173516524891e-09
1.213305047541208270e-01 2.026455822823072761e-09
1.227354457842515373e-01 2.025745980742882885e-09
1.241566552647785093e-01 2.025804724741427508e-09
1.255943215754789510e-01 2.023543502306864973e-09
1.270486352774652938e-01 2.022293083199241087e-09
1.285197891384432245e-01 2.022592703332037130e-09
1.300079781582635929e-01 2.021903027498008057e-09
1.315133995947690426e-01 2.020265007598238073e-09
1.330362529899405399e-01 2.020638995905698182e-09
1.345767401963458010e-01 2.019463238125215751e-09
1.361350654038956109e-01 2.017341553802969135e-09
1.377114351669082859e-01 2.017967752827184548e-09
1.393060584314886052e-01 2.016294269041261346e-09
1.409191465632227414e-01 2.013414482355769108e-09
1.425509133751954594e-01 2.014251606271412338e-09
1.442015751563302528e-01 2.012815980816189000e-09
1.458713507000582721e-01 2.014172652149504407e-09
1.475604613333193205e-01 2.012560490070601352e-09
1.492691309458979987e-01 2.011698333473901523e-09
1.509975860201007714e-01 2.009737167253516904e-09
1.527460556607755648e-01 2.010141415732027178e-09
1.545147716256796144e-01 2.008499315270194609e-09
1.563039683561977533e-01 2.004706987141067172e-09
1.581138830084189428e-01 2.008768879405148631e-09
1.599447554845698227e-01 2.006331574672547034e-09
1.617968284648141630e-01 2.006592968293251763e-09
1.636703474394191060e-01 2.006625133223127192e-09
1.655655607412954977e-01 2.005381949851420741e-09
1.674827195789137801e-01 2.004829262378068993e-09
1.694220780696013284e-01 2.002683398237447484e-09
1.713838932732252018e-01 2.002168030197398833e-09
1.733684252262658043e-01 2.001877940201089306e-09
1.753759369762839249e-01 2.001833512810943795e-09
1.774066946167878189e-01 2.000249673397153820e-09
1.794609673225026625e-01 1.999728913919350885e-09
1.815390273850506775e-01 1.998532092687969029e-09
1.836411502490422898e-01 1.997347088185617787e-09
1.857676145485863684e-01 1.994252845580653877e-09
1.879187021442221273e-01 1.995790633252402106e-09
1.900946981602806007e-01 1.996350241091689679e-09
1.922958910226767182e-01 1.994391993592305348e-09
1.945225724971401948e-01 1.995179849067700949e-09
1.967750377278887908e-01 1.993159485566914284e-09
1.990535852767486291e-01 1.993575796050409817e-09
2.013585171627295112e-01 1.991620588330374952e-09
2.036901389020562836e-01 1.990277512698451496e-09
2.060487595486651946e-01 1.989390289893814145e-09
2.084346917351677098e-01 1.989196915323924058e-09
2.108482517142911128e-01 1.987881432950878664e-09
2.132897594007962250e-01 1.986765423991212654e-09
2.157595384138826788e-01 1.986086429204683763e-09
2.182579161200829954e-01 1.985771481745519253e-09
2.207852236766562337e-01 1.986622637994722791e-09
2.233417960754814635e-01 1.984299249604300402e-09
2.259279721874612734e-01 1.983953816648447396e-09
2.285440948074375644e-01 1.983979415868819217e-09
2.311905106996301196e-01 1.982498025694088824e-09
2.338675706435990320e-01 1.986849898276615504e-09
2.365756294807403737e-01 1.980941078588132395e-09
2.393150461613192392e-01 1.980543594990905827e-09
2.420861837920496862e-01 1.978004474112775767e-09
2.448894096842230417e-01 1.978364547565292698e-09
2.477250954023952345e-01 1.977384072589870429e-09
2.505936168136362330e-01 1.977330635719881092e-09
2.534953541373521912e-01 1.976909775354952177e-09
2.564306919956823583e-01 1.973058111365422762e-09
2.594000194644804358e-01 1.969821180414085799e-09
2.624037301248863807e-01 1.975543976327747316e-09
2.654422221154941752e-01 1.975166002683109086e-09
2.685158981851262783e-01 1.971572399156240606e-09
2.716251657462164792e-01 1.974088702012044620e-09
2.747704369288123671e-01 1.967654262041901832e-09
2.779521286352018006e-01 1.970131393559405209e-09
2.811706625951744809e-01 1.969057970669277702e-09
2.844264654219206268e-01 1.966191809983344934e-09
2.877199686685785740e-01 1.967465899874666386e-09
2.910516088854357419e-01 1.967197690011448012e-09
2.944218276777944010e-01 1.968808565259504410e-09
2.978310717645051287e-01 1.965733360029023772e-09
3.012797930371790001e-01 1.961561655818998584e-09
3.047684486200846199e-01 1.964069017651379469e-09
3.082975009307410419e-01 1.963204603739183748e-09
3.118674177412095183e-01 1.960670862701280835e-09
3.154786722400967358e-01 1.961339451444160158e-09
3.191317430952744227e-01 1.961467298525276573e-09
3.228271145173277623e-01 1.960100097046293454e-09
3.265652763237361089e-01 1.959655927935975197e-09
3.303467240037981645e-01 1.958742180913957641e-09
3.341719587843073880e-01 1.956383981095302282e-09
3.380414876959909054e-01 1.957330635361125071e-09
3.419558236407145846e-01 1.955694061950450305e-09
3.459154854594680417e-01 1.955229594852320999e-09
3.499209980011368515e-01 1.953526238274872414e-09
3.539728921920690108e-01 1.953669259657995091e-09
3.580717051064509771e-01 1.953339977071501574e-09
3.622179800374948910e-01 1.956506532364501518e-09
3.664122665694521941e-01 1.950992773291395327e-09
3.706551206504588025e-01 1.952565421783832235e-09
3.749471046662278817e-01 1.950216209755355321e-09
3.792887875145917742e-01 1.949162518976631559e-09
3.836807446809096245e-01 1.948701304423171415e-09
3.881235583143459178e-01 1.948257713266595367e-09
3.926178173050358100e-01 1.946289058522769429e-09
3.971641173621405785e-01 1.946408777853175191e-09
4.017630610928087931e-01 1.946712044755776684e-09
4.064152580820497018e-01 1.943262401824337440e-09
4.111213249735355402e-01 1.944100157877090409e-09
4.158818855513353729e-01 1.942785018661660453e-09
4.206975708225976773e-01 1.942309141682378640e-09
4.255690191011883838e-01 1.941236142481664238e-09
4.304968760923003068e-01 1.940911074762472194e-09
4.354817949780401820e-01 1.939226101412464384e-09
4.405244365040072441e-01 1.939032098530456484e-09
4.456254690668729479e-01 1.940995715227942291e-09
4.507855688029783758e-01 1.937676125503194106e-09
4.560054196779548263e-01 1.937919289901218717e-09
4.612857135773817951e-01 1.937188132424863164e-09
4.666271503984956714e-01 1.934859434979022019e-09
4.720304381429616947e-01 1.933921330784449504e-09
4.774962930107178316e-01 1.936514306776928726e-09
4.830254394949065055e-01 1.933366604708355955e-09
4.886186104779055572e-01 1.930492095198424443e-09
4.942765473284694844e-01 1.931089144221303353e-09
5.000000000000000000e-01 1.933054259868747129e-09
5.235642740254496941e-01 1.927552941079155847e-09
5.482390980715925455e-01 1.924683717469951095e-09
5.740768107484413019e-01 1.921300726946987324e-09
6.011322173087065845e-01 1.919334601430376894e-09
6.294627058970835298e-01 1.914120063605742599e-09
6.591283692782035075e-01 1.912344660484059593e-09
6.901921323014423848e-01 1.908670424473155761e-09
7.227198853729638328e-01 1.906007487143522734e-09
7.567806242181041032e-01 1.904616233334530013e-09
7.924465962305566880e-01 1.899851998986210777e-09
8.297934537187803272e-01 1.896181948671423200e-09
8.689004143746876796e-01 1.894009409275060375e-09
9.098504293049917147e-01 1.890922234169277038e-09
9.527303589816236151e-01 1.886522961544515122e-09
9.976311574844398677e-01 1.884433940308909411e-09
1.044648065427019601e+00 1.880469278757220603e-09
1.093880811974776268e+00 1.878312451885870731e-09
1.145433826383886355e+00 1.875396192313277731e-09
1.199416459509745181e+00 1.871957259832961227e-09
1.255943215754790065e+00 1.869687540814618411e-09
1.315133995947690870e+00 1.864556838546082015e-09
1.377114351669082914e+00 1.862689447833609567e-09
1.442015751563303194e+00 1.860604041861641490e-09
1.509975860201008047e+00 1.859173377723204042e-09
1.581138830084189539e+00 1.854401687255972255e-09
1.655655607412955588e+00 1.851374167872196320e-09
1.733684252262658321e+00 1.847739332594665388e-09
1.815390273850506775e+00 1.844485653050610838e-09
1.900946981602805730e+00 1.841997340514147332e-09
1.990535852767486125e+00 1.842134089095845835e-09
2.084346917351676876e+00 1.835742277221997390e-09
2.182579161200830065e+00 1.832801654673455718e-09
2.285440948074374923e+00 1.829902293942648158e-09
2.393150461613192004e+00 1.826602950686221167e-09
2.505936168136361886e+00 1.821882344806574900e-09
2.624037301248862697e+00 1.820346641735977843e-09
2.747704369288122450e+00 1.818599242283633119e-09
2.877199686685784741e+00 1.812424760701560767e-09
3.012797930371788890e+00 1.811476012248755474e-09
3.154786722400966692e+00 1.808568427100674595e-09
3.303467240037980091e+00 1.805108863777240313e-09
3.459154854594682860e+00 1.802673222893312360e-09
3.622179800374950354e+00 1.799388530025349978e-09
3.792887875145919185e+00 1.777215290183346546e-09
3.971641173621408338e+00 1.742478990146138219e-09
4.158818855513356283e+00 1.790718612625344920e-09
4.354817949780404263e+00 1.786387873186745874e-09
4.560054196779547375e+00 1.782369206439824688e-09
4.774962930107178316e+00 1.779435945255634212e-09
5.000000000000000000e+00 1.779448657702102928e-09
6.294627058970836408e+00 1.763677000510348651e-09
7.924465962305568212e+00 1.749371378859715472e-09
9.976311574844396901e+00 1.734616838059607721e-09
1.255943215754790110e+01 1.719859687320158318e-09
1.581138830084189451e+01 1.703196798813906221e-09
1.990535852767486347e+01 1.690596437492431334e-09
2.505936168136361886e+01 1.677057642530973975e-09
3.154786722400966426e+01 1.662146719884246788e-09
3.971641173621406296e+01 1.659098510172776905e-09
4.999999999999999289e+01 1.633901518657362059e-09
