3.706551206504588155e-05 1.147537244360839510e-13
3.792887875145917236e-05 1.281347098293112735e-12
3.881235583143463039e-05 4.039185802327501135e-12
3.971641173621410364e-05 8.517562336363632002e-12
4.064152580820496591e-05 1.482397816725849759e-11
4.158818855513353842e-05 2.308649308536933287e-11
4.255690191011878395e-05 3.336147373762776361e-11
4.354817949780398728e-05 4.574339355435273208e-11
4.456254690668729390e-05 6.020700618477529025e-11
4.560054196779547508e-05 7.686456050119119105e-11
4.666271503984952289e-05 9.561368910688572948e-11
4.774962930107183736e-05 1.164836467335687822e-10
4.886186104779054808e-05 1.393415238658996840e-10
4.999999999999998884e-05 1.639831229699436802e-10
5.057897271299490442e-05 1.769703605533782318e-10
5.116464961403766531e-05 1.903654719406339012e-10
5.175710833396714221e-05 2.041283142109452149e-10
5.235642740254491996e-05 2.181485274700369565e-10
5.296268625886447866e-05 2.326071666743859981e-10
5.357596526188034176e-05 2.472511421294492674e-10
5.419634570106018624e-05 2.621438849349742714e-10
5.482390980715924394e-05 2.770830555685244925e-10
5.545874076312003680e-05 2.921949056352418128e-10
5.610092271509813691e-05 3.073933205052981291e-10
5.675054078361570665e-05 3.226978578461015208e-10
5.740768107484407919e-05 3.378223126524260094e-10
5.807243069201717509e-05 3.530602402692780014e-10
5.874487774697650716e-05 3.679432532795232074e-10
5.942511137185093131e-05 3.827606551448627982e-10
6.011322173087064877e-05 3.972172174503031558e-10
6.080930003231839372e-05 4.116171867796150780e-10
6.151343854061905325e-05 4.251704406592079269e-10
6.222573058856921034e-05 4.385698253584192850e-10
6.294627058970830402e-05 4.513088582706237341e-10
6.367515405083314138e-05 4.634235316467037521e-10
6.441247758465673719e-05 4.749184849752226555e-10
6.515833892261499124e-05 4.860524541191955106e-10
6.591283692782035650e-05 4.958699086257406149e-10
6.667607160816619769e-05 5.049639674861033913e-10
6.744814412958265366e-05 5.133115977578935026e-10
6.822915682944618535e-05 5.207136811623164654e-10
6.901921323014417829e-05 5.269723809041409227e-10
6.981841805279679497e-05 5.325848985477257669e-10
7.062687723113775782e-05 5.370345422132183178e-10
7.144469792555517389e-05 5.402394566504446694e-10
7.227198853729638578e-05 5.424369073471075203e-10
7.310885872283590017e-05 5.435682317003320874e-10
7.395541940841035122e-05 5.436361253369818028e-10
7.481178280472162371e-05 5.427588240609147061e-10
7.567806242181034505e-05 5.405955224398905779e-10
7.655437308410142656e-05 5.375636983662721680e-10
7.744083094562410712e-05 5.335362502025267399e-10
7.833755350540750207e-05 5.286788731824449648e-10
7.924465962305569597e-05 5.230496912423785780e-10
8.016226953450208102e-05 5.165572087553288239e-10
8.109050486794647857e-05 5.093878491199009967e-10
8.202948865997692718e-05 5.018633387133844068e-10
8.297934537187796715e-05 4.938877046986325119e-10
8.394020090612792852e-05 4.855311117295304978e-10
8.491218262308728262e-05 4.770530940558496960e-10
8.589541935787945305e-05 4.687143120568867462e-10
8.689004143746881595e-05 4.606761333296784324e-10
8.789618069793464267e-05 4.528578995708445101e-10
8.891397050194613488e-05 4.456478069329265489e-10
8.994354575643936521e-05 4.393821470848926327e-10
9.098504293049911853e-05 4.339399150472374791e-10
9.203860007344770748e-05 4.297806804495716478e-10
9.310435683314326931e-05 4.270084471185483677e-10
9.418245447449009216e-05 4.256837081400843990e-10
9.527303589816239347e-05 4.261846165495860862e-10
9.637624565954680924e-05 4.286189981285861750e-10
9.749222998790225210e-05 4.330771289182398227e-10
9.862113680574265443e-05 4.401514390389235365e-10
9.976311574844392432e-05 4.494169986074789309e-10
1.009183181840780691e-04 4.612840751935380223e-10
1.020868972334764785e-04 4.756422461030465831e-10
1.032690077905264333e-04 4.929272723469276136e-10
1.044648065427019234e-04 5.128785379503127210e-10
1.056744519918323676e-04 5.356024477517743250e-10
1.068981044751116051e-04 5.612232825050422279e-10
1.081359261863509824e-04 5.892716460601493734e-10
1.093880811974775783e-04 6.197662044792514140e-10
1.106547354802819166e-04 6.528576324530640223e-10
1.119360569284169843e-04 6.879525131580675295e-10
1.132322153796529580e-04 7.249249999114612305e-10
1.145433826383886026e-04 7.637210073939176185e-10
1.158697324984239615e-04 8.036759864562358162e-10
1.172114407659961296e-04 8.444726775455627275e-10
1.185686852830827555e-04 8.857276854416158339e-10
1.199416459509744813e-04 9.270020185034685651e-10
1.213305047541207081e-04 9.680429448394730775e-10
1.227354457842515364e-04 1.007923942893712024e-09
1.241566552647784948e-04 1.046719718355166731e-09
1.255943215754789502e-04 1.083426480997190512e-09
1.270486352774653110e-04 1.117543031732655011e-09
1.285197891384432108e-04 1.148874074406678898e-09
1.300079781582635788e-04 1.176875781460351175e-09
1.315133995947690435e-04 1.200680527657678364e-09
1.330362529899403897e-04 1.220390173855453570e-09
1.345767401963458333e-04 1.235476609452682457e-09
1.361350654038956344e-04 1.245995760552582262e-09
1.377114351669082826e-04 1.250719800696326572e-09
1.393060584314884456e-04 1.251391701367442340e-09
1.409191465632227234e-04 1.246577146628412415e-09
1.425509133751954596e-04 1.236952282020930219e-09
1.442015751563302474e-04 1.222686062859395324e-09
1.458713507000582675e-04 1.204141494304846183e-09
1.475604613333193142e-04 1.182003890776512090e-09
1.492691309458979746e-04 1.156574150256895361e-09
1.509975860201007907e-04 1.128780118653531137e-09
1.527460556607756212e-04 1.099338364205224505e-09
1.545147716256795760e-04 1.069162135403323915e-09
1.563039683561977700e-04 1.039401153262380797e-09
1.581138830084189155e-04 1.011008405063531229e-09
1.599447554845698401e-04 9.849324061818935377e-10
1.617968284648140247e-04 9.623978187989870145e-10
1.636703474394191234e-04 9.443021684311918791e-10
1.655655607412955508e-04 9.314346456263966536e-10
1.674827195789137550e-04 9.252553902741829795e-10
1.694220780696013395e-04 9.253602839548130681e-10
1.713838932732251867e-04 9.332909327079746688e-10
1.733684252262658175e-04 9.490246102250257566e-10
1.753759369762839351e-04 9.725496075779076709e-10
1.774066946167876340e-04 1.003791137169800930e-09
1.794609673225026631e-04 1.042354839350395705e-09
1.815390273850506729e-04 1.087692063458966645e-09
1.836411502490422514e-04 1.138922336605891535e-09
1.857676145485863753e-04 1.194365640735966060e-09
1.879187021442221307e-04 1.253295081755751862e-09
1.900946981602805912e-04 1.313370570472461206e-09
1.922958910226767171e-04 1.373242959408905893e-09
1.945225724971401946e-04 1.431098296975466230e-09
1.967750377278885748e-04 1.485176722794501593e-09
1.990535852767486220e-04 1.533183524300873316e-09
2.013585171627295032e-04 1.573918391385034054e-09
2.036901389020562487e-04 1.605520319268716124e-09
2.060487595486651640e-04 1.627199542873044502e-09
2.084346917351676985e-04 1.637966649996109199e-09
2.108482517142910915e-04 1.637773422085686031e-09
2.132897594007962310e-04 1.626367300799140438e-09
2.157595384138824535e-04 1.604648257571425369e-09
2.182579161200830003e-04 1.573814871810629031e-09
2.207852236766562250e-04 1.534878502166591905e-09
2.233417960754814700e-04 1.490926934014551855e-09
2.259279721874612654e-04 1.443882644814622494e-09
2.285440948074375482e-04 1.396782370624100141e-09
2.311905106996301417e-04 1.352245357802141789e-09
2.338675706435990400e-04 1.313482324751727544e-09
2.365756294807401202e-04 1.283525956167788448e-09
2.393150461613192416e-04 1.263849213369843374e-09
2.420861837920496940e-04 1.257203270802174580e-09
2.448894096842230486e-04 1.264572556819008026e-09
2.477250954023952571e-04 1.286496241910303164e-09
2.505936168136362096e-04 1.322301717161235545e-09
2.534953541373521587e-04 1.370428902546938171e-09
2.564306919956823639e-04 1.429756318742865358e-09
2.594000194644803916e-04 1.496226507000964744e-09
2.624037301248860888e-04 1.566525644230486185e-09
2.654422221154941939e-04 1.636490667396918952e-09
2.685158981851263043e-04 1.701556424263424991e-09
2.716251657462165044e-04 1.757980434019928841e-09
2.747704369288123854e-04 1.802786730474175752e-09
2.779521286352018127e-04 1.831481677530862982e-09
2.811706625951744943e-04 1.842908297254302246e-09
2.844264654219205712e-04 1.836554636312459458e-09
2.877199686685782661e-04 1.812752159401512779e-09
2.910516088854356851e-04 1.774039899293077362e-09
2.944218276777944713e-04 1.723694301744965002e-09
2.978310717645051204e-04 1.666948015217083900e-09
3.012797930371790569e-04 1.608822705221325601e-09
3.047684486200846776e-04 1.555625796129037758e-09
3.082975009307410263e-04 1.512381709025375963e-09
3.118674177412095313e-04 1.484657126792495665e-09
3.154786722400964379e-04 1.476040851847353282e-09
3.191317430952743915e-04 1.488452720106516133e-09
3.228271145173277267e-04 1.521814002973821188e-09
3.265652763237360972e-04 1.574195658488385855e-09
3.303467240037981823e-04 1.640671134010846330e-09
3.341719587843073962e-04 1.715610173902048522e-09
3.380414876959908759e-04 1.791659531163061198e-09
3.419558236407145655e-04 1.860725265463820172e-09
3.459154854594681137e-04 1.915938832268956278e-09
3.499209980011365223e-04 1.951200644439681835e-09
3.539728921920690086e-04 1.963098095467226627e-09
3.580717051064509905e-04 1.949818893517310530e-09
3.622179800374948611e-04 1.913789291605522214e-09
3.664122665694521551e-04 1.860348686796208148e-09
3.706551206504587613e-04 1.796645357783155963e-09
3.749471046662278739e-04 1.732431446368793154e-09
3.792887875145917100e-04 1.676900597232513048e-09
3.836807446809091808e-04 1.639473211906228783e-09
3.881235583143459651e-04 1.626674968438856592e-09
3.926178173050358226e-04 1.641532926342204684e-09
3.971641173621406028e-04 1.683836202480957100e-09
4.017630610928087857e-04 1.747766634994043738e-09
4.064152580820496862e-04 1.825338999525299986e-09
4.111213249735355181e-04 1.904337158240036582e-09
4.158818855513353300e-04 1.973303760622209391e-09
4.206975708225972935e-04 2.020849772653002022e-09
4.255690191011882867e-04 2.040282986488294657e-09
4.304968760923003155e-04 2.027570303221956944e-09
4.354817949780401981e-04 1.986353662741178983e-09
4.405244365040072822e-04 1.924287836497101527e-09
4.456254690668728035e-04 1.854312915394424365e-09
4.507855688029784470e-04 1.791109937230514702e-09
4.560054196779547643e-04 1.747800369172915854e-09
4.612857135773813463e-04 1.735027653775060648e-09
4.666271503984952560e-04 1.757198707103238242e-09
4.720304381429617636e-04 1.811242249363762386e-09
4.774962930107178993e-04 1.886964851053515593e-09
4.830254394949064960e-04 1.968732784178817256e-09
4.886186104779055486e-04 2.039225416986809813e-09
4.942765473284694211e-04 2.083945473377852735e-09
4.999999999999999020e-04 2.091545034816931891e-09
5.057897271299491120e-04 2.067332706495748193e-09
5.116464961403766531e-04 2.002748922889431715e-09
5.175710833396719507e-04 1.929277100379799241e-09
5.235642740254497010e-04 1.862909537404872357e-09
5.296268625886442309e-04 1.822123062822823627e-09
5.357596526188034176e-04 1.818572601379420306e-09
5.419634570106019031e-04 1.857868167122497796e-09
5.482390980715924666e-04 1.928484043374229932e-09
5.545874076312004358e-04 2.014241200539471308e-09
5.610092271509814097e-04 2.088101801184367966e-09
5.675054078361570394e-04 2.125944515825117370e-09
5.740768107484413340e-04 2.123768424959589242e-09
5.807243069201711546e-04 2.084021385481186547e-09
5.874487774697650716e-04 2.009230211627276440e-09
5.942511137185093944e-04 1.930388034301365348e-09
6.011322173087063929e-04 1.874087309869879008e-09
6.080930003231839508e-04 1.880864531375094062e-09
6.151343854061905054e-04 1.928442443418468352e-09
6.222573058856921847e-04 1.996929628083657704e-09
6.294627058970837449e-04 2.081812345295398060e-09
6.367515405083307633e-04 2.137011688640441113e-09
6.441247758465673719e-04 2.163912291968888683e-09
6.515833892261497498e-04 2.120260001346706985e-09
6.591283692782036463e-04 2.049713879634048539e-09
6.667607160816619227e-04 1.983102744919309806e-09
6.744814412958264824e-04 1.934365588200428677e-09
6.822915682944617451e-04 1.936978209098194206e-09
6.901921323014424334e-04 1.986682545001192871e-09
6.981841805279688984e-04 2.083510809690080306e-09
7.062687723113775240e-04 2.147617559582258034e-09
7.144469792555517389e-04 2.198460186516048947e-09
7.227198853729638849e-04 2.155510969694642672e-09
7.310885872283591101e-04 2.082227728208996163e-09
7.395541940841035122e-04 1.983438301060320438e-09
7.481178280472161558e-04 1.945398799005647378e-09
7.567806242181032879e-04 1.986228430451421320e-09
7.655437308410150245e-04 2.030365598464573423e-09
7.744083094562404478e-04 2.147866762223786557e-09
7.833755350540749394e-04 2.191386269472359218e-09
7.924465962305569326e-04 2.185794545463818821e-09
8.016226953450207018e-04 2.124139342149626543e-09
8.109050486794647586e-04 2.033742108885708864e-09
8.202948865997692447e-04 2.000649291127456330e-09
8.297934537187796715e-04 2.010644061152973440e-09
8.394020090612802068e-04 2.075731723570449465e-09
8.491218262308721215e-04 2.177831691080656459e-09
8.589541935787945847e-04 2.199047529580024820e-09
8.689004143746880239e-04 2.189917698259518844e-09
8.789618069793464538e-04 2.078129386094048712e-09
8.891397050194613759e-04 2.033595605785618771e-09
8.994354575643936792e-04 2.032444666989764003e-09
9.098504293049911040e-04 2.088190096305373841e-09
9.203860007344779421e-04 2.174465409422231158e-09
9.310435683314336689e-04 2.226205694120351591e-09
9.418245447449009487e-04 2.185895403551733071e-09
9.527303589816239890e-04 2.089856016403355532e-09
9.637624565954683092e-04 2.046828231874150380e-09
9.749222998790226836e-04 2.069495699787199736e-09
9.862113680574266256e-04 2.149260766855707818e-09
9.976311574844392432e-04 2.215780052560338224e-09
1.009183181840779715e-03 2.215919685916571621e-09
1.020868972334764650e-03 2.144102849978691153e-09
1.032690077905264224e-03 2.070207974515860498e-09
1.044648065427020156e-03 2.076381663831111999e-09
1.056744519918323541e-03 2.136768215899805276e-09
1.068981044751116105e-03 2.214298228747208357e-09
1.081359261863509879e-03 2.211241628677460964e-09
1.093880811974775810e-03 2.144117585727726341e-09
1.106547354802818028e-03 2.083376012198757847e-09
1.119360569284169734e-03 2.101409253219805760e-09
1.132322153796529608e-03 2.164018570750232734e-09
1.145433826383887056e-03 2.236019872215986191e-09
1.158697324984239588e-03 2.205256865427414031e-09
1.172114407659961052e-03 2.123062484407512979e-09
1.185686852830827474e-03 2.104946238506847649e-09
1.199416459509744732e-03 2.158412961310157049e-09
1.213305047541206891e-03 2.235852505464368629e-09
1.227354457842515364e-03 2.236472541924481991e-09
1.241566552647784894e-03 2.150090259235422780e-09
1.255943215754790803e-03 2.089719017342997722e-09
1.270486352774653164e-03 2.169113410313317673e-09
1.285197891384432054e-03 2.244914836124037936e-09
1.300079781582635843e-03 2.241950790369780444e-09
1.315133995947690435e-03 2.151569211741561614e-09
1.330362529899403734e-03 2.118894150278073710e-09
1.345767401963456761e-03 2.179381447281864678e-09
1.361350654038956127e-03 2.241718276396903594e-09
1.377114351669082555e-03 2.211235878763369696e-09
1.393060584314885974e-03 2.133539206063336264e-09
1.409191465632227396e-03 2.144651283680584335e-09
1.425509133751954758e-03 2.230416920166282915e-09
1.442015751563302745e-03 2.243030496886267607e-09
1.458713507000582730e-03 2.173639976261666271e-09
1.475604613333191895e-03 2.127246748019487527e-09
1.492691309458979909e-03 2.212256507231089759e-09
1.509975860201007635e-03 2.253879661584870001e-09
1.527460556607757513e-03 2.185883901807454061e-09
1.545147716256795815e-03 2.140690269450111568e-09
1.563039683561977646e-03 2.207789547655126747e-09
1.581138830084189697e-03 2.234595573720180317e-09
1.599447554845698401e-03 2.183469175146622576e-09
1.617968284648140355e-03 2.148721410648564892e-09
1.636703474394191234e-03 2.218548868399949890e-09
1.655655607412955021e-03 2.249645301287168030e-09
1.674827195789139501e-03 2.180034298595369662e-09
1.694220780696013449e-03 2.165329466150571011e-09
1.713838932732251975e-03 2.227937072012309199e-09
1.733684252262658121e-03 2.248144638411681748e-09
1.753759369762839405e-03 2.173091737849623111e-09
1.774066946167876177e-03 2.193200539931462877e-09
1.794609673225024517e-03 2.249924315702466501e-09
1.815390273850506784e-03 2.200234759331241089e-09
1.836411502490423002e-03 2.167659309421602607e-09
1.857676145485863536e-03 2.231044301952540301e-09
1.879187021442221524e-03 2.235233819232653499e-09
1.900946981602806129e-03 2.174554143886680098e-09
1.922958910226767442e-03 2.214986344050039907e-09
1.945225724971402217e-03 2.260976599557981083e-09
1.967750377278885965e-03 2.174488674840346693e-09
1.990535852767486274e-03 2.201191639795616690e-09
2.013585171627295303e-03 2.256553960995450955e-09
2.036901389020564709e-03 2.196138644614550678e-09
2.060487595486651478e-03 2.190171440347123346e-09
2.084346917351677202e-03 2.256013466737368775e-09
2.108482517142910590e-03 2.189966585189609674e-09
2.132897594007962527e-03 2.202771327349565836e-09
2.157595384138824915e-03 2.263051514729611805e-09
2.182579161200830058e-03 2.200872878200797463e-09
2.207852236766562250e-03 2.212254725648812703e-09
2.233417960754816977e-03 2.256657796394569584e-09
2.259279721874612491e-03 2.179829733581270341e-09
2.285440948074375211e-03 2.231589867620124226e-09
2.311905106996301092e-03 2.249779451652439158e-09
2.338675706435990129e-03 2.186811363467936602e-09
2.365756294807400822e-03 2.251881466114646653e-09
2.393150461613189652e-03 2.219383890936612059e-09
2.420861837920497157e-03 2.209281540998065250e-09
2.448894096842229619e-03 2.252674872943583648e-09
2.477250954023952137e-03 2.192957397434144307e-09
2.505936168136361879e-03 2.244187437533409506e-09
2.534953541373521912e-03 2.221163142431992207e-09
2.564306919956823531e-03 2.209850138778815041e-09
2.594000194644804132e-03 2.262129799754912860e-09
2.624037301248860997e-03 2.196357580990645178e-09
2.654422221154941613e-03 2.257060744463453400e-09
2.685158981851262609e-03 2.207833301063698467e-09
2.716251657462167429e-03 2.233115285259236568e-09
2.747704369288123637e-03 2.232798724834433173e-09
2.779521286352018561e-03 2.212454433643704782e-09
2.811706625951745052e-03 2.252198363465036707e-09
2.844264654219206146e-03 2.190346825177441626e-09
2.877199686685783311e-03 2.255801920230105390e-09
2.910516088854358044e-03 2.196958071872692772e-09
2.944218276777944496e-03 2.252366570668357769e-09
2.978310717645054131e-03 2.202136861176253395e-09
3.012797930371789810e-03 2.250093842542223162e-09
3.047684486200846234e-03 2.203899544308729866e-09
3.082975009307410696e-03 2.245702674854662541e-09
3.118674177412095096e-03 2.208479041816079245e-09
3.154786722400964270e-03 2.247972640869659043e-09
3.191317430952740879e-03 2.214551819561130858e-09
3.228271145173277484e-03 2.242580932066287793e-09
3.265652763237360864e-03 2.208053143876499190e-09
3.303467240037981714e-03 2.246402153099105247e-09
3.341719587843073637e-03 2.199116542937591785e-09
3.380414876959909193e-03 2.255091839092733252e-09
3.419558236407145655e-03 2.202233870922163516e-09
3.459154854594680920e-03 2.246006687923536492e-09
3.499209980011365115e-03 2.212597302392885817e-09
3.539728921920689761e-03 2.236234881621049488e-09
3.580717051064509580e-03 2.227367516307320211e-09
3.622179800374952189e-03 2.213663808215956500e-09
3.664122665694521767e-03 2.247662404756222359e-09
3.706551206504587938e-03 2.199861038905189207e-09
3.749471046662278956e-03 2.243927135282736828e-09
3.792887875145917534e-03 2.222623526435538256e-09
3.836807446809092567e-03 2.212282724608585760e-09
3.881235583143459542e-03 2.244315893683467583e-09
3.926178173050358551e-03 2.204511449515426345e-09
3.971641173621410364e-03 2.234402541197845829e-09
4.017630610928087966e-03 2.232256473283239181e-09
4.064152580820497296e-03 2.196027967995157561e-09
4.111213249735355506e-03 2.242065950795109832e-09
4.158818855513353625e-03 2.237246078342526316e-09
4.206975708225972610e-03 2.203417381417211583e-09
4.255690191011878530e-03 2.237924698464455320e-09
4.304968760923003589e-03 2.235832464652572812e-09
4.354817949780402306e-03 2.207393105820202354e-09
4.405244365040072822e-03 2.225076634241992299e-09
4.456254690668728577e-03 2.237664203946608983e-09
4.507855688029784036e-03 2.206958238934873041e-09
4.560054196779547535e-03 2.208151069211569573e-09
4.612857135773812921e-03 2.237969467450258561e-09
4.666271503984951476e-03 2.223923306680079974e-09
4.720304381429616877e-03 2.205604150367099854e-09
4.774962930107178559e-03 2.207943491397664089e-09
4.830254394949070815e-03 2.236797517448321606e-09
4.886186104779055052e-03 2.234294653972551413e-09
4.942765473284694427e-03 2.210380578192789519e-09
4.999999999999999237e-03 2.204561223279239398e-09
5.057897271299490252e-03 2.212243930241269286e-09
5.116464961403772820e-03 2.233167181190812005e-09
5.175710833396719723e-03 2.228619686383415575e-09
5.235642740254497010e-03 2.211327304530560468e-09
5.296268625886442309e-03 2.203790428249482285e-09
5.357596526188034176e-03 2.203852794934748826e-09
5.419634570106018380e-03 2.211035557240199483e-09
5.482390980715924449e-03 2.214412807841427021e-09
5.545874076312002840e-03 2.225392644515257272e-09
5.610092271509814314e-03 2.230272673519051831e-09
5.675054078361577332e-03 2.223852647143882600e-09
5.740768107484413990e-03 2.212563602337722393e-09
5.807243069201712196e-03 2.209442999264196270e-09
5.874487774697645728e-03 2.197894253394709381e-09
5.942511137185094161e-03 2.203295860756207891e-09
6.011322173087065013e-03 2.197425069497318299e-09
6.080930003231838424e-03 2.197646349383862765e-09
6.151343854061904620e-03 2.193181484919017330e-09
6.222573058856926617e-03 2.195772384405396037e-09
6.294627058970836582e-03 2.200726039806584336e-09
6.367515405083306983e-03 2.200714144817831773e-09
6.441247758465667647e-03 2.196299261982254758e-09
6.515833892261499449e-03 2.197844893505955395e-09
6.591283692782035596e-03 2.198391615291041175e-09
6.667607160816618576e-03 2.197478772931070087e-09
6.744814412958264824e-03 2.201154465286778070e-09
6.822915682944625040e-03 2.210736789861915565e-09
6.901921323014426068e-03 2.216222345447155669e-09
6.981841805279687466e-03 2.218948072328512555e-09
7.062687723113769168e-03 2.219836314579828109e-09
7.144469792555517389e-03 2.199864429871664972e-09
7.227198853729638849e-03 2.192748819142229853e-09
7.310885872283590450e-03 2.194323120043858946e-09
7.395541940841034688e-03 2.204169911330415027e-09
7.481178280472170448e-03 2.214750791032872340e-09
7.567806242181043287e-03 2.211325553881674356e-09
7.655437308410150896e-03 2.195314262478153597e-09
7.744083094562405345e-03 2.189338770196117400e-09
7.833755350540741805e-03 2.207444572687401727e-09
7.924465962305568892e-03 2.208381204919969935e-09
8.016226953450207235e-03 2.192853520857130648e-09
8.109050486794647586e-03 2.192218138125645636e-09
8.202948865997691796e-03 2.212430491476762540e-09
8.297934537187804521e-03 2.198261970128166780e-09
8.394020090612802285e-03 2.189185436340068573e-09
8.491218262308719913e-03 2.208883818184583385e-09
8.589541935787937607e-03 2.194651184127872327e-09
8.689004143746880890e-03 2.192612174349258057e-09
8.789618069793463453e-03 2.205014021365637284e-09
8.891397050194612892e-03 2.184802528480086275e-09
8.994354575643934840e-03 2.204448260919526515e-09
9.098504293049919714e-03 2.189166134541700631e-09
9.203860007344778771e-03 2.199896185854937988e-09
9.310435683314336255e-03 2.190474603301971833e-09
9.418245447448998428e-03 2.198750163749569568e-09
9.527303589816240106e-03 2.187516798870605770e-09
9.637624565954681574e-03 2.198367117929612960e-09
9.749222998790225969e-03 2.183763701764165166e-09
9.862113680574265823e-03 2.197592207976718475e-09
9.976311574844402841e-03 2.181443963266105823e-09
1.009183181840780930e-02 2.193744541690829421e-09
1.020868972334764563e-02 2.190810987110610838e-09
1.032690077905264354e-02 2.180624514006476897e-09
1.044648065427019115e-02 2.194103028711624585e-09
1.056744519918323584e-02 2.184972868801978932e-09
1.068981044751115932e-02 2.178153327156569661e-09
1.081359261863509835e-02 2.187884889109824791e-09
1.093880811974775463e-02 2.191258985004240610e-09
1.106547354802819329e-02 2.180721584007391352e-09
1.119360569284169951e-02 2.175829723020161234e-09
1.132322153796529694e-02 2.180526028513269007e-09
1.145433826383886189e-02 2.187812642697373825e-09
1.158697324984239718e-02 2.187416406466462902e-09
1.172114407659961138e-02 2.182991036282544662e-09
1.185686852830827517e-02 2.177724076494326033e-09
1.199416459509744688e-02 2.174059319460076991e-09
1.213305047541208236e-02 2.171777125360001859e-09
1.227354457842515234e-02 2.170785596724598402e-09
1.241566552647785024e-02 2.170610020521386726e-09
1.255943215754789545e-02 2.169144308658355425e-09
1.270486352774653077e-02 2.169559648327740235e-09
1.285197891384432141e-02 2.169643452056757947e-09
1.300079781582635929e-02 2.169172487668212175e-09
1.315133995947690565e-02 2.170112409860705110e-09
1.330362529899405295e-02 2.173569269955085982e-09
1.345767401963458149e-02 2.177640592520048627e-09
1.361350654038956040e-02 2.177323732136700533e-09
1.377114351669082859e-02 2.171658952988233805e-09
1.393060584314884456e-02 2.164200525315998497e-09
1.409191465632227309e-02 2.168221975040374265e-09
1.425509133751954628e-02 2.175299529629709600e-09
1.442015751563302701e-02 2.161715438018172250e-09
1.458713507000582860e-02 2.161886291010072813e-09
1.475604613333193239e-02 2.173150088090828139e-09
1.492691309458979952e-02 2.164259918603025727e-09
1.509975860201007852e-02 2.162229987227254237e-09
1.527460556607755995e-02 2.168178470028348163e-09
1.545147716256796075e-02 2.158830517875365420e-09
1.563039683561977602e-02 2.168142178787804566e-09
1.581138830084189567e-02 2.157522146341219340e-09
1.599447554845698227e-02 2.165118367513426467e-09
1.617968284648142047e-02 2.158641337263485607e-09
1.636703474394191060e-02 2.159376775353213409e-09
1.655655607412955324e-02 2.163126730169943705e-09
1.674827195789137593e-02 2.153138319526952192e-09
1.694220780696013146e-02 2.156733370608950282e-09
1.713838932732252018e-02 2.162631905046053812e-09
1.733684252262658251e-02 2.155450895042895511e-09
1.753759369762839665e-02 2.150837752918282132e-09
1.774066946167878259e-02 2.151276743630635082e-09
1.794609673225026208e-02 2.151467394963152301e-09
1.815390273850506567e-02 2.157772889766416950e-09
1.836411502490422828e-02 2.156146941888150033e-09
1.857676145485861671e-02 2.156423899092722958e-09
1.879187021442221134e-02 2.155162502230464192e-09
1.900946981602805869e-02 2.154162897367960123e-09
1.922958910226767529e-02 2.153955198783600298e-09
1.945225724971402087e-02 2.152006620853090529e-09
1.967750377278887700e-02 2.147799152609966699e-09
1.990535852767486361e-02 2.144104606447323924e-09
2.013585171627295389e-02 2.143651456916410497e-09
2.036901389020562628e-02 2.148710388799774163e-09
2.060487595486651738e-02 2.147699334976842223e-09
2.084346917351677028e-02 2.140253709809358972e-09
2.108482517142910850e-02 2.144242733640144762e-09
2.132897594007962527e-02 2.144673140789010907e-09
2.157595384138826303e-02 2.138634904718076497e-09
2.182579161200829884e-02 2.144287825714664171e-09
2.207852236766562337e-02 2.136701055091023905e-09
2.233417960754814982e-02 2.142235670009686887e-09
2.259279721874613012e-02 2.137287569487877490e-09
2.285440948074375644e-02 2.135053618005868941e-09
2.311905106996301265e-02 2.140872289814199039e-09
2.338675706435990390e-02 2.135950019770371289e-09
2.365756294807403598e-02 2.135478288783612489e-09
2.393150461613192254e-02 2.133614725838076126e-09
2.420861837920496376e-02 2.136194345551489237e-09
2.448894096842230139e-02 2.136231886822435429e-09
2.477250954023949708e-02 2.135017684365527512e-09
2.505936168136362052e-02 2.134609917708276663e-09
2.534953541373521912e-02 2.134828176699258517e-09
2.564306919956823791e-02 2.132436721325476694e-09
2.594000194644804219e-02 2.130146499049346398e-09
2.624037301248863599e-02 2.126803266157707203e-09
2.654422221154941960e-02 2.125030193943638030e-09
2.685158981851263130e-02 2.128793201461900940e-09
2.716251657462164654e-02 2.127939856253791849e-09
2.747704369288123810e-02 2.122328333128723251e-09
2.779521286352018214e-02 2.127926444672634066e-09
2.811706625951744878e-02 2.121143579701033974e-09
2.844264654219206059e-02 2.125653414312075666e-09
2.877199686685785740e-02 2.119386303110999109e-09
2.910516088854357350e-02 2.122741986915602341e-09
2.944218276777944496e-02 2.121642771986187065e-09
2.978310717645051703e-02 2.116737853309442935e-09
3.012797930371790070e-02 2.117066078288339893e-09
3.047684486200846407e-02 2.118869998550372743e-09
3.082975009307411043e-02 2.119118667036490717e-09
3.118674177412095530e-02 2.118742617008897693e-09
3.154786722400967913e-02 2.117772522091518605e-09
3.191317430952744089e-02 2.116141958949271075e-09
3.228271145173277484e-02 2.113074680873169152e-09
3.265652763237360950e-02 2.110952293544932664e-09
3.303467240037977898e-02 2.112540726361063711e-09
3.341719587843073463e-02 2.113992180422645710e-09
3.380414876959908499e-02 2.108570597651098718e-09
3.419558236407146262e-02 2.110781982416803121e-09
3.459154854594680834e-02 2.108389782673570832e-09
3.499209980011368931e-02 2.109833552455893280e-09
3.539728921920690108e-02 2.105106021751795280e-09
3.580717051064509493e-02 2.107608896875144482e-09
3.622179800374948633e-02 2.105906416674371628e-09
3.664122665694521247e-02 2.109124751934790876e-09
3.706551206504588025e-02 2.098671113545482567e-09
3.749471046662278262e-02 2.101212793175391943e-09
3.792887875145916493e-02 2.101593110781649259e-09
3.836807446809096384e-02 2.101898616009118661e-09
3.881235583143458762e-02 2.101969295963336809e-09
3.926178173050358378e-02 2.097788058609895366e-09
3.971641173621406201e-02 2.097140127095748622e-09
4.017630610928087792e-02 2.099849006264113909e-09
4.064152580820495908e-02 2.096829355428572829e-09
4.111213249735355679e-02 2.096319703654009519e-09
4.158818855513352758e-02 2.094273212202611237e-09
4.206975708225977467e-02 2.095777840992456126e-09
4.255690191011882867e-02 2.096241302028974566e-09
4.304968760923003068e-02 2.092613687783646861e-09
4.354817949780401959e-02 2.091660420530714120e-09
4.405244365040068139e-02 2.091500509371130627e-09
4.456254690668728924e-02 2.092371861971700275e-09
4.507855688029784730e-02 2.091237738387524069e-09
4.560054196779547708e-02 2.090000018287660555e-09
4.612857135773813788e-02 2.086324076530949956e-09
4.666271503984956853e-02 2.088699478440695676e-09
4.720304381429617224e-02 2.085062822057068713e-09
4.774962930107178732e-02 2.087376143357608465e-09
4.830254394949064223e-02 2.083943714190948547e-09
4.886186104779054878e-02 2.082176228419930655e-09
4.942765473284694427e-02 2.083080726775500203e-09
4.999999999999998196e-02 2.087636498625324836e-09
5.057897271299490599e-02 2.080852850567791232e-09
5.116464961403772299e-02 2.079252905638700320e-09
5.175710833396719723e-02 2.079006230293191891e-09
5.235642740254497357e-02 2.080864555884059943e-09
5.296268625886442483e-02 2.076208876230303219e-09
5.357596526188034003e-02 2.078703675304876647e-09
5.419634570106018207e-02 2.075062312119560798e-09
5.482390980715924622e-02 2.075762208445972471e-09
5.545874076312003881e-02 2.076388186509818220e-09
5.610092271509820039e-02 2.075340684300097298e-09
5.675054078361576465e-02 2.074662413869594883e-09
5.740768107484413296e-02 2.073607541419500288e-09
5.807243069201711849e-02 2.071516288603864414e-09
5.874487774697650239e-02 2.069834847164735437e-09
5.942511137185093467e-02 2.070993750086381703e-09
6.011322173087065013e-02 2.068377007501633685e-09
6.080930003231838771e-02 2.067615231612365255e-09
6.151343854061905314e-02 2.068153400240765379e-09
6.222573058856927658e-02 2.066197089931133721e-09
6.294627058970836408e-02 2.065935084320894568e-09
6.367515405083307156e-02 2.065519451931584136e-09
6.441247758465666606e-02 2.061797949062452217e-09
6.515833892261499449e-02 2.062902353442041533e-09
6.591283692782035075e-02 2.063048923944022774e-09
6.667607160816618750e-02 2.058741020407421876e-09
6.744814412958265171e-02 2.059314700050290766e-09
6.822915682944626081e-02 2.060006597855330729e-09
6.901921323014426068e-02 2.058282995913926064e-09
6.981841805279687119e-02 2.056078673130080252e-09
7.062687723113769689e-02 2.056427651316401466e-09
7.144469792555516174e-02 2.057735181057073961e-09
7.227198853729638328e-02 2.054980949107143898e-09
7.310885872283590103e-02 2.055269918528854454e-09
7.395541940841034168e-02 2.053615938359526616e-09
7.481178280472169928e-02 2.053285333075521345e-09
7.567806242181042420e-02 2.052620416313028225e-09
7.655437308410149855e-02 2.053154864566884662e-09
7.744083094562403957e-02 2.049909173668073522e-09
7.833755350540749784e-02 2.049824921663429045e-09
7.924465962305569933e-02 2.047274886885560532e-09
8.016226953450207582e-02 2.048439873522578056e-09
8.109050486794647239e-02 2.048406716018665799e-09
8.202948865997691796e-02 2.047300415498322594e-09
8.297934537187805215e-02 2.045517226447309779e-09
8.394020090612801244e-02 2.043033102087869918e-09
8.491218262308719567e-02 2.043439801724001629e-09
8.589541935787936566e-02 2.042356265335952556e-09
8.689004143746879849e-02 2.041982688661394505e-09
8.789618069793463107e-02 2.039912251061984240e-09
8.891397050194613239e-02 2.038586946555493731e-09
8.994354575643938310e-02 2.039404380852830118e-09
9.098504293049920755e-02 2.037001823467922601e-09
9.203860007344781546e-02 2.037617024709753204e-09
9.310435683314337296e-02 2.035908844275831888e-09
9.418245447449000163e-02 2.035213670287569813e-09
9.527303589816239759e-02 2.036132116852612937e-09
9.637624565954681921e-02 2.035776868569316364e-09
9.749222998790225969e-02 2.032656456145155371e-09
9.862113680574263741e-02 2.031409732103012776e-09
9.976311574844402841e-02 2.027826340523415746e-09
1.009183181840780652e-01 2.031346052320967059e-09
1.020868972334764702e-01 2.028805351467929515e-09
1.032690077905264459e-01 2.028933416725595079e-09
1.044648065427020295e-01 2.027145605071670795e-09
1.056744519918323549e-01 2.027091965196420491e-09
1.068981044751115966e-01 2.025358974291191629e-09
1.081359261863509835e-01 2.023605758614279676e-09
1.093880811974775602e-01 2.023860340370439131e-09
1.106547354802819155e-01 2.023988176903960074e-09
1.119360569284169882e-01 2.022563491979004106e-09
1.132322153796529590e-01 2.018259034397117227e-09
1.145433826383886050e-01 2.020250799434389794e-09
1.158697324984239718e-01 2.025061974984724294e-09
1.172114407659961000e-01 2.019396845497823538e-09
1.185686852830827448e-01 2.024412701449269314e-09
1.199416459509744792e-01 2.017042588580161492e-09
1.213305047541208270e-01 2.016539464986637458e-09
1.227354457842515373e-01 2.016413660138656395e-09
1.241566552647784955e-01 2.015194494532196910e-09
1.255943215754789510e-01 2.014685576303337241e-09
1.270486352774652938e-01 2.014911381820374688e-09
1.285197891384432245e-01 2.012424468956134280e-09
1.300079781582635929e-01 2.012292860719276358e-09
1.315133995947690426e-01 2.011604156430660943e-09
1.330362529899405399e-01 2.007396633498589762e-09
1.345767401963458010e-01 2.008853439145429542e-09
1.361350654038956109e-01 2.008441691913581871e-09
1.377114351669082859e-01 2.008035285391046338e-09
1.393060584314886052e-01 2.008091293200240193e-09
1.409191465632227414e-01 2.005149074274780113e-09
1.425509133751954594e-01 2.003740765069425626e-09
1.442015751563302528e-01 2.003486299267400599e-09
1.458713507000582721e-01 2.002312668166464412e-09
1.475604613333193205e-01 2.008677232612973394e-09
1.492691309458980264e-01 2.001975373516965583e-09
1.509975860201007714e-01 2.000285082358891973e-09
1.527460556607755926e-01 2.000760002207864196e-09
1.545147716256795867e-01 1.998999691537204624e-09
1.563039683561977533e-01 1.997629315077185263e-09
1.581138830084189428e-01 1.998890481422744842e-09
1.599447554845698227e-01 1.996248119556356473e-09
1.617968284648141908e-01 1.995090268890404362e-09
1.636703474394191060e-01 1.993837261267623692e-09
1.655655607412955255e-01 1.993420754413885131e-09
1.674827195789137524e-01 1.993517293216989860e-09
1.694220780696013284e-01 1.992181456974787429e-09
1.713838932732252018e-01 1.990767823737228012e-09
1.733684252262658043e-01 1.990546262703029170e-09
1.753759369762839249e-01 1.990091998524063615e-09
1.774066946167878189e-01 1.988326564614064202e-09
1.794609673225026347e-01 1.987081630604074027e-09
1.815390273850506775e-01 1.986018798984935406e-09
1.836411502490422898e-01 1.985568219980240858e-09
1.857676145485863406e-01 1.985751297139037130e-09
1.879187021442221273e-01 1.984464693698705845e-09
1.900946981602806007e-01 1.984261974472423109e-09
1.922958910226767182e-01 1.963728010601568162e-09
1.945225724971401948e-01 1.982077626650117698e-09
1.967750377278887908e-01 1.981234497002248222e-09
1.990535852767486291e-01 1.977618387674844210e-09
2.013585171627295112e-01 1.978863995770685460e-09
2.036901389020562836e-01 1.978586127990541528e-09
2.060487595486651669e-01 1.975372387418878511e-09
2.084346917351677098e-01 1.976549491098036113e-09
2.108482517142910850e-01 1.974641286756630479e-09
2.132897594007962250e-01 1.973929509772714048e-09
2.157595384138826788e-01 1.972720463357597005e-09
2.182579161200829954e-01 1.972498755648575256e-09
2.207852236766562337e-01 1.972834064455955363e-09
2.233417960754814635e-01 1.971434699541256317e-09
2.259279721874612734e-01 1.971203012256960590e-09
2.285440948074375644e-01 1.968820606901009875e-09
2.311905106996300918e-01 1.970834975861842624e-09
2.338675706435990320e-01 1.967639789384770911e-09
2.365756294807403459e-01 1.965853378881927213e-09
2.393150461613192115e-01 1.959932607545472349e-09
2.420861837920496862e-01 1.965627289339920716e-09
2.448894096842230417e-01 1.964508409612087057e-09
2.477250954023952345e-01 1.958888577396249596e-09
2.505936168136362330e-01 1.988946515506032008e-09
2.534953541373521912e-01 1.961510630447270098e-09
2.564306919956823583e-01 1.986889893609420881e-09
2.594000194644804358e-01 1.959664163363995233e-09
2.624037301248863807e-01 1.957553944773856083e-09
2.654422221154941752e-01 1.959132397912099742e-09
2.685158981851262783e-01 1.957707591505522969e-09
2.716251657462164792e-01 1.958285714930673482e-09
2.747704369288123671e-01 1.953138840676778437e-09
2.779521286352018006e-01 1.955348516941998783e-09
2.811706625951744809e-01 1.955595842023554087e-09
2.844264654219206268e-01 1.952706928081048662e-09
2.877199686685785740e-01 1.953066030386897658e-09
2.910516088854357419e-01 1.952288403881685225e-09
2.944218276777944010e-01 1.954790958928436490e-09
2.978310717645051287e-01 1.949874083263511226e-09
3.012797930371790001e-01 1.949298983318270477e-09
3.047684486200845644e-01 1.948189399083858062e-09
3.082975009307410419e-01 1.946120332329247049e-09
3.118674177412095183e-01 1.946366687706401156e-09
3.154786722400967358e-01 1.945246613729680943e-09
3.191317430952744783e-01 1.946156212786568928e-09
3.228271145173277623e-01 1.943396543062072104e-09
3.265652763237361089e-01 1.942814945521523561e-09
3.303467240037981645e-01 1.943762393157468766e-09
3.341719587843073880e-01 1.941917349482565681e-09
3.380414876959909054e-01 1.943999361900350212e-09
3.419558236407145846e-01 1.937860050994618700e-09
3.459154854594680417e-01 1.937951231284639421e-09
3.499209980011368515e-01 1.952098781616399688e-09
3.539728921920690108e-01 1.937045484139793058e-09
3.580717051064509771e-01 1.941937567391627538e-09
3.622179800374949465e-01 1.935706976425475796e-09
3.664122665694522496e-01 1.932931747609423217e-09
3.706551206504588025e-01 1.934169636182142300e-09
3.749471046662278817e-01 1.933060197537130528e-09
3.792887875145917742e-01 1.932276446736395264e-09
3.836807446809096245e-01 1.930640332700796694e-09
3.881235583143459178e-01 1.929707141067451792e-09
3.926178173050358100e-01 1.929640089188460706e-09
3.971641173621405785e-01 1.928535364238025593e-09
4.017630610928087931e-01 1.927839525201696915e-09
4.064152580820497018e-01 1.924898670277924736e-09
4.111213249735355402e-01 1.925061984080210335e-09
4.158818855513353729e-01 1.925047187171210408e-09
4.206975708225976773e-01 1.924653215563460046e-09
4.255690191011883283e-01 1.923399304751202582e-09
4.304968760923003068e-01 1.928161689588157081e-09
4.354817949780401820e-01 1.921421530470463275e-09
4.405244365040072441e-01 1.920514057802541671e-09
4.456254690668728924e-01 1.920020061278463897e-09
4.507855688029784313e-01 1.918853410831512907e-09
4.560054196779547708e-01 1.919229894109151137e-09
4.612857135773818507e-01 1.917028708723667128e-09
4.666271503984956159e-01 1.915807345833575842e-09
4.720304381429616947e-01 1.915972235939699594e-09
4.774962930107178871e-01 1.914688798792377271e-09
4.830254394949065055e-01 1.913410035303690432e-09
4.886186104779055572e-01 1.911923767938815005e-09
4.942765473284694844e-01 1.909177689031739252e-09
5.000000000000000000e-01 1.913976145927947479e-09
5.235642740254496941e-01 1.907909370844240972e-09
5.482390980715925455e-01 1.902370647577051209e-09
5.740768107484413019e-01 1.900978356018952923e-09
6.011322173087064735e-01 1.898082387006028687e-09
6.294627058970835298e-01 1.889519051628196688e-09
6.591283692782035075e-01 1.890265996154136130e-09
6.901921323014423848e-01 1.887604893578586861e-09
7.227198853729638328e-01 1.885192864985843242e-09
7.567806242181041032e-01 1.880908456899649347e-09
7.924465962305566880e-01 1.875915964138844998e-09
8.297934537187803272e-01 1.875244222334574601e-09
8.689004143746876796e-01 1.869885596700404542e-09
9.098504293049917147e-01 1.863180756002138746e-09
9.527303589816237261e-01 1.863992400807766923e-09
9.976311574844398677e-01 1.861513234303361675e-09
1.044648065427019601e+00 1.857871904749187075e-09
1.093880811974776268e+00 1.869581239266398136e-09
1.145433826383886355e+00 1.850565302313598015e-09
1.199416459509744959e+00 1.847495689864570796e-09
1.255943215754790065e+00 1.844857426504524470e-09
1.315133995947690870e+00 1.838842685489188305e-09
1.377114351669082914e+00 1.835934893557531508e-09
1.442015751563303194e+00 1.833256969628260774e-09
1.509975860201008047e+00 1.832457002549504417e-09
1.581138830084189761e+00 1.825585188970674827e-09
1.655655607412955810e+00 1.822208743758553223e-09
1.733684252262658321e+00 1.817470433660492363e-09
1.815390273850506553e+00 1.816319856810593790e-09
1.900946981602805730e+00 1.818738203304543237e-09
1.990535852767486125e+00 1.809688340971417783e-09
2.084346917351676876e+00 1.809470649397311613e-09
2.182579161200830065e+00 1.803711361080638294e-09
2.285440948074374923e+00 1.800239986640795685e-09
2.393150461613192004e+00 1.796794851379919088e-09
2.505936168136361886e+00 1.794245675368256827e-09
2.624037301248862697e+00 1.788114853065919542e-09
2.747704369288122450e+00 1.786835158626917770e-09
2.877199686685784741e+00 1.783861938313666009e-09
3.012797930371788446e+00 1.764761022240188535e-09
3.154786722400965804e+00 1.777043314247856125e-09
3.303467240037980091e+00 1.772630853474070448e-09
3.459154854594682416e+00 1.758758262411093282e-09
3.622179800374950354e+00 1.760581851702279286e-09
3.792887875145919185e+00 1.765333719309153818e-09
3.971641173621408338e+00 1.760330494328205982e-09
4.158818855513356283e+00 1.759741138363188731e-09
4.354817949780404263e+00 1.754050575441158927e-09
4.560054196779547375e+00 1.748116815360809293e-09
4.774962930107178316e+00 1.747385906794164632e-09
4.999999999999999112e+00 1.744125876932291204e-09
6.294627058970836408e+00 1.729184344138451314e-09
7.924465962305568212e+00 1.736276156044241966e-09
9.976311574844396901e+00 1.703009565523481790e-09
1.255943215754790110e+01 1.679769045197911923e-09
1.581138830084189451e+01 1.660884167577444539e-09
1.990535852767486347e+01 1.647927678859804235e-09
2.505936168136361886e+01 1.631547773324482938e-09
3.154786722400966426e+01 1.617121935701558070e-09
3.971641173621406296e+01 1.598888649033583416e-09
4.999999999999999289e+01 1.585859484645354194e-09
