3.012797930371790636e-05 1.599099768537065668e-14
3.082975009307410534e-05 3.663562617639894728e-13
3.154786722400964650e-05 1.656812515251177597e-12
3.228271145173280656e-05 3.914516118490819986e-12
3.303467240037981687e-05 7.159184444962562500e-12
3.380414876959908759e-05 1.138931967956350010e-11
3.459154854594680595e-05 1.657586327561061427e-11
3.539728921920685885e-05 2.269267028815157300e-11
3.622179800374952406e-05 2.967297551641152314e-11
3.706551206504588155e-05 3.740295187368514487e-11
3.792887875145917236e-05 4.582395676704365050e-11
3.881235583143463039e-05 5.477345029461283762e-11
3.971641173621410364e-05 6.410300638881578853e-11
4.064152580820496591e-05 7.366079219218663859e-11
4.158818855513353842e-05 8.323882557832955678e-11
4.255690191011878395e-05 9.263580848763621863e-11
4.354817949780398050e-05 1.016635592373278182e-10
4.456254690668729390e-05 1.101097249326811187e-10
4.560054196779547508e-05 1.178097656007270904e-10
4.666271503984952289e-05 1.245595296799552463e-10
4.774962930107183736e-05 1.301824983912482265e-10
4.886186104779054808e-05 1.346651541610943220e-10
4.999999999999998884e-05 1.378789377991529869e-10
5.057897271299490442e-05 1.390321109583033447e-10
5.116464961403767209e-05 1.398922070418211229e-10
5.175710833396714221e-05 1.404687327764731991e-10
5.235642740254491318e-05 1.407660446539814902e-10
5.296268625886447866e-05 1.407591951928745510e-10
5.357596526188034176e-05 1.405713617446317254e-10
5.419634570106018624e-05 1.402229887919930740e-10
5.482390980715924394e-05 1.397065122474530490e-10
5.545874076312003680e-05 1.390963780588315468e-10
5.610092271509813691e-05 1.384780026147180506e-10
5.675054078361570665e-05 1.378186850317004358e-10
5.740768107484407919e-05 1.372634094829598661e-10
5.807243069201718186e-05 1.367893216202759250e-10
5.874487774697651393e-05 1.365931557423691469e-10
5.942511137185093809e-05 1.366507241258179119e-10
6.011322173087064200e-05 1.370167824922377852e-10
6.080930003231838695e-05 1.377893764283747364e-10
6.151343854061905325e-05 1.390803218362574696e-10
6.222573058856921034e-05 1.410024935607735405e-10
6.294627058970830402e-05 1.436057793023033737e-10
6.367515405083314138e-05 1.468754102678982233e-10
6.441247758465673719e-05 1.509082097200287401e-10
6.515833892261499124e-05 1.559282755638782614e-10
6.591283692782035650e-05 1.617981234189140231e-10
6.667607160816619769e-05 1.685779636910793338e-10
6.744814412958265366e-05 1.764115962462644688e-10
6.822915682944618535e-05 1.852629733039571505e-10
6.901921323014417829e-05 1.952016202221671804e-10
6.981841805279679497e-05 2.061298820766755970e-10
7.062687723113775782e-05 2.180871057356007546e-10
7.144469792555517389e-05 2.310083029373221161e-10
7.227198853729638578e-05 2.448915778827772758e-10
7.310885872283590017e-05 2.596178694797931978e-10
7.395541940841035122e-05 2.750899637433713852e-10
7.481178280472162371e-05 2.913700846841005658e-10
7.567806242181034505e-05 3.079604846377062437e-10
7.655437308410142656e-05 3.250825576825106780e-10
7.744083094562412067e-05 3.423539523072805039e-10
7.833755350540748852e-05 3.597688261804260533e-10
7.924465962305569597e-05 3.769774727044148228e-10
8.016226953450208102e-05 3.938281261412134204e-10
8.109050486794647857e-05 4.101475822332877709e-10
8.202948865997692718e-05 4.257482439221396579e-10
8.297934537187796715e-05 4.404861166704881535e-10
8.394020090612792852e-05 4.538495122647571119e-10
8.491218262308728262e-05 4.662103121114163793e-10
8.589541935787945305e-05 4.766697778477510313e-10
8.689004143746881595e-05 4.857062311314482771e-10
8.789618069793464267e-05 4.929039138373657931e-10
8.891397050194613488e-05 4.982218192728903571e-10
8.994354575643936521e-05 5.016445286040965822e-10
9.098504293049911853e-05 5.032492862534469590e-10
9.203860007344770748e-05 5.030132802539804659e-10
9.310435683314326931e-05 5.009007717779486411e-10
9.418245447449009216e-05 4.972558412435625239e-10
9.527303589816239347e-05 4.922065840877815874e-10
9.637624565954680924e-05 4.859522074253876083e-10
9.749222998790225210e-05 4.789991580748177550e-10
9.862113680574265443e-05 4.714174229515229035e-10
9.976311574844392432e-05 4.638477631404182912e-10
1.009183181840780691e-04 4.566659784719218194e-10
1.020868972334764650e-04 4.503947236789170190e-10
1.032690077905264333e-04 4.454598970066327131e-10
1.044648065427019099e-04 4.423721729028141109e-10
1.056744519918323676e-04 4.415974522574671080e-10
1.068981044751116051e-04 4.433774169453517182e-10
1.081359261863509824e-04 4.484058504037019576e-10
1.093880811974775783e-04 4.569232852911687779e-10
1.106547354802819166e-04 4.690868916644149660e-10
1.119360569284169843e-04 4.851266116655102277e-10
1.132322153796529580e-04 5.050292007783508130e-10
1.145433826383886026e-04 5.287484990852560089e-10
1.158697324984239615e-04 5.559157856724681835e-10
1.172114407659961296e-04 5.865362317747324246e-10
1.185686852830827555e-04 6.198675185730232457e-10
1.199416459509744948e-04 6.551831452671181838e-10
1.213305047541207216e-04 6.920493969159640186e-10
1.227354457842515364e-04 7.291535056913561191e-10
1.241566552647784948e-04 7.660107762870875155e-10
1.255943215754789502e-04 8.013803310680388558e-10
1.270486352774653110e-04 8.348123064345329786e-10
1.285197891384432108e-04 8.644098910777552738e-10
1.300079781582635788e-04 8.898514474253329594e-10
1.315133995947690435e-04 9.106227802904552509e-10
1.330362529899403897e-04 9.252836584553457772e-10
1.345767401963458333e-04 9.339502831714308091e-10
1.361350654038956344e-04 9.365500860328010693e-10
1.377114351669082826e-04 9.328194726878020192e-10
1.393060584314884456e-04 9.234083324849078674e-10
1.409191465632227234e-04 9.089607903622084686e-10
1.425509133751954596e-04 8.901992135924973921e-10
1.442015751563302474e-04 8.685185883598475051e-10
1.458713507000582675e-04 8.456416914077181646e-10
1.475604613333193142e-04 8.229519654658415502e-10
1.492691309458979746e-04 8.022484388514235042e-10
1.509975860201007907e-04 7.851713407202901230e-10
1.527460556607755941e-04 7.736386708394055130e-10
1.545147716256795760e-04 7.689474532831798685e-10
1.563039683561977700e-04 7.726331374192743231e-10
1.581138830084189426e-04 7.850103578578866729e-10
1.599447554845698401e-04 8.066490167628344412e-10
1.617968284648140247e-04 8.375126170266505090e-10
1.636703474394191234e-04 8.769299448546293697e-10
1.655655607412955237e-04 9.229151807063684932e-10
1.674827195789137550e-04 9.741648002035384959e-10
1.694220780696013395e-04 1.028469359202257204e-09
1.713838932732251867e-04 1.083255941758029443e-09
1.733684252262658175e-04 1.134780731159144973e-09
1.753759369762839622e-04 1.181162618584072109e-09
1.774066946167876340e-04 1.219237063606390170e-09
1.794609673225026631e-04 1.247225331149740441e-09
1.815390273850506729e-04 1.263241215151927030e-09
1.836411502490422785e-04 1.266856588345045289e-09
1.857676145485863753e-04 1.257581539362701746e-09
1.879187021442221307e-04 1.237395538999691387e-09
1.900946981602805912e-04 1.207492085744632761e-09
1.922958910226767171e-04 1.171653684294828484e-09
1.945225724971401946e-04 1.133160014603078839e-09
1.967750377278885748e-04 1.096608170866287764e-09
1.990535852767486220e-04 1.065932369408301030e-09
2.013585171627295032e-04 1.044486773661845712e-09
2.036901389020562758e-04 1.036946478209410665e-09
2.060487595486651640e-04 1.044364566036150700e-09
2.084346917351676985e-04 1.068421237432510436e-09
2.108482517142910915e-04 1.107848816792404279e-09
2.132897594007962310e-04 1.160636564810201275e-09
2.157595384138824807e-04 1.222930548145158737e-09
2.182579161200830003e-04 1.289792836894835309e-09
2.207852236766562250e-04 1.355403957094552660e-09
2.233417960754814700e-04 1.413877971176071474e-09
2.259279721874612654e-04 1.459601502228724080e-09
2.285440948074375482e-04 1.488480123038096178e-09
2.311905106996301417e-04 1.497543140064014379e-09
2.338675706435990400e-04 1.486521198856999060e-09
2.365756294807401202e-04 1.457537093578348771e-09
2.393150461613192416e-04 1.414764212632798142e-09
2.420861837920496398e-04 1.364899891992519316e-09
2.448894096842230486e-04 1.315199710875848320e-09
2.477250954023952571e-04 1.274236657914211918e-09
2.505936168136362096e-04 1.248483572802507142e-09
2.534953541373521587e-04 1.243933990312662541e-09
2.564306919956823639e-04 1.263333993667280441e-09
2.594000194644803916e-04 1.305673223232528335e-09
2.624037301248860888e-04 1.367102297885603387e-09
2.654422221154941939e-04 1.440299071343548806e-09
2.685158981851263043e-04 1.515473125361706957e-09
2.716251657462165044e-04 1.582631290638706374e-09
2.747704369288123854e-04 1.632091610811720434e-09
2.779521286352018127e-04 1.656301220768151778e-09
2.811706625951744943e-04 1.653142859400608449e-09
2.844264654219205712e-04 1.623659682132207518e-09
2.877199686685782661e-04 1.573859673030885469e-09
2.910516088854357393e-04 1.514003233998138881e-09
2.944218276777944170e-04 1.457193813684555089e-09
2.978310717645051204e-04 1.415947536363799286e-09
3.012797930371790027e-04 1.400120834494363535e-09
3.047684486200846234e-04 1.415914828216816699e-09
3.082975009307410263e-04 1.462285460618646895e-09
3.118674177412095313e-04 1.532339734926568760e-09
3.154786722400964379e-04 1.613160268411282385e-09
3.191317430952743915e-04 1.689971240944292067e-09
3.228271145173277267e-04 1.747021756312401754e-09
3.265652763237360972e-04 1.772859751523011706e-09
3.303467240037981823e-04 1.762737215549115739e-09
3.341719587843073962e-04 1.720497508421117224e-09
3.380414876959908759e-04 1.657507998136314084e-09
3.419558236407145655e-04 1.592589895019991741e-09
3.459154854594681137e-04 1.540661725920572265e-09
3.499209980011365223e-04 1.521728509164712250e-09
3.539728921920690086e-04 1.542031289659038278e-09
3.580717051064509905e-04 1.599103691796569172e-09
3.622179800374948611e-04 1.679814221578116259e-09
3.664122665694521551e-04 1.764015629037436233e-09
3.706551206504588155e-04 1.832763399986115810e-09
3.749471046662278739e-04 1.857983037107053398e-09
3.792887875145917100e-04 1.842693794478981910e-09
3.836807446809091808e-04 1.790277245568422362e-09
3.881235583143459109e-04 1.718711123589642063e-09
3.926178173050358226e-04 1.653566190619767446e-09
3.971641173621406028e-04 1.619046644260009759e-09
4.017630610928087857e-04 1.629925818983810031e-09
4.064152580820496862e-04 1.686129135416498075e-09
4.111213249735355181e-04 1.770487303649368994e-09
4.158818855513353300e-04 1.854059314044437704e-09
4.206975708225972935e-04 1.910852592584130051e-09
4.255690191011882867e-04 1.918918700039272288e-09
4.304968760923003155e-04 1.882450845350524183e-09
4.354817949780401981e-04 1.805248710854688492e-09
4.405244365040072822e-04 1.742165320143500357e-09
4.456254690668728577e-04 1.695012569419825025e-09
4.507855688029784470e-04 1.722765646508381192e-09
4.560054196779547643e-04 1.774034172143247187e-09
4.612857135773813463e-04 1.868009321146819657e-09
4.666271503984952018e-04 1.939039125054716432e-09
4.720304381429617636e-04 1.976503831672404360e-09
4.774962930107178451e-04 1.949449246390976135e-09
4.830254394949064960e-04 1.872731997907155110e-09
4.886186104779055486e-04 1.803589336971407568e-09
4.942765473284694211e-04 1.759304838207107081e-09
4.999999999999999020e-04 1.776924574119917167e-09
5.057897271299491120e-04 1.839104311504881785e-09
5.116464961403766531e-04 1.937889791711187200e-09
5.175710833396719507e-04 2.010560088678621490e-09
5.235642740254497010e-04 2.001355978176348078e-09
5.296268625886442309e-04 1.937624389971669155e-09
5.357596526188034176e-04 1.860833083294011399e-09
5.419634570106019031e-04 1.810815649554719181e-09
5.482390980715924666e-04 1.828713048402506331e-09
5.545874076312004358e-04 1.896853825665067377e-09
5.610092271509814097e-04 1.989714788658249544e-09
5.675054078361570394e-04 2.023275689120324126e-09
5.740768107484413340e-04 2.005517485446616095e-09
5.807243069201711546e-04 1.921868237253677359e-09
5.874487774697650716e-04 1.849363987582757084e-09
5.942511137185093944e-04 1.852438837988002344e-09
6.011322173087063929e-04 1.863115370897532247e-09
6.080930003231838424e-04 1.997278216917687104e-09
6.151343854061905054e-04 2.062492651660808266e-09
6.222573058856920762e-04 2.020359635881736863e-09
6.294627058970836365e-04 1.948105810134676951e-09
6.367515405083307633e-04 1.868074841763173313e-09
6.441247758465673719e-04 1.885054122996377365e-09
6.515833892261498582e-04 1.970119289599769651e-09
6.591283692782036463e-04 2.071276599239893456e-09
6.667607160816619227e-04 2.051066461377506748e-09
6.744814412958264824e-04 2.018584362383455853e-09
6.822915682944617451e-04 1.936128031129856055e-09
6.901921323014424334e-04 1.926437331227087402e-09
6.981841805279687899e-04 1.977053864966347463e-09
7.062687723113776324e-04 2.081628432498609689e-09
7.144469792555517389e-04 2.114117813897082061e-09
7.227198853729638849e-04 2.031428950489397233e-09
7.310885872283591101e-04 1.958069976502418108e-09
7.395541940841035122e-04 1.928928692095691894e-09
7.481178280472162642e-04 2.016429601830231519e-09
7.567806242181033963e-04 2.113562692252324381e-09
7.655437308410150245e-04 2.124472559159219747e-09
7.744083094562404478e-04 2.019448787846877690e-09
7.833755350540749394e-04 1.961049949736116925e-09
7.924465962305569326e-04 1.988790785374596389e-09
8.016226953450207018e-04 2.100672223773214876e-09
8.109050486794647586e-04 2.113613670473195820e-09
8.202948865997692447e-04 2.074717132699114619e-09
8.297934537187796715e-04 1.957494839342994926e-09
8.394020090612802068e-04 2.000486620766215978e-09
8.491218262308720130e-04 2.103770052574248188e-09
8.589541935787945847e-04 2.147273229499421194e-09
8.689004143746880239e-04 2.073527413723722909e-09
8.789618069793463453e-04 2.018256559498776936e-09
8.891397050194612675e-04 2.041825092637845903e-09
8.994354575643935708e-04 2.127094008282959391e-09
9.098504293049911040e-04 2.141155996447014055e-09
9.203860007344780506e-04 2.055681307397155354e-09
9.310435683314336689e-04 2.026024802355346625e-09
9.418245447449009487e-04 2.075935236461983975e-09
9.527303589816240974e-04 2.154004862595075628e-09
9.637624565954683092e-04 2.120536680473399493e-09
9.749222998790225752e-04 2.032376121446702547e-09
9.862113680574266256e-04 2.045058568503225374e-09
9.976311574844392432e-04 2.146598287988159070e-09
1.009183181840779715e-03 2.142704894657559265e-09
1.020868972334764650e-03 2.074459712450051527e-09
1.032690077905264224e-03 2.065084580516305251e-09
1.044648065427020156e-03 2.164033387423270381e-09
1.056744519918323541e-03 2.148730588849903611e-09
1.068981044751116105e-03 2.058201468521451795e-09
1.081359261863509879e-03 2.074860860820900361e-09
1.093880811974775810e-03 2.169392741779051151e-09
1.106547354802818028e-03 2.138559218184083727e-09
1.119360569284169734e-03 2.084888410676239976e-09
1.132322153796529608e-03 2.119870145168298752e-09
1.145433826383887056e-03 2.170950403817922384e-09
1.158697324984239588e-03 2.117891285765156387e-09
1.172114407659961052e-03 2.092609450503681136e-09
1.185686852830827474e-03 2.125387951315304862e-09
1.199416459509744732e-03 2.160112698596781077e-09
1.213305047541206891e-03 2.083361561707795905e-09
1.227354457842515364e-03 2.116834988361975300e-09
1.241566552647784894e-03 2.181287943707150895e-09
1.255943215754790803e-03 2.118166818445248522e-09
1.270486352774652947e-03 2.058883949441836147e-09
1.285197891384432054e-03 2.175056785540877875e-09
1.300079781582635843e-03 2.151432909690623926e-09
1.315133995947690435e-03 2.074434769068699880e-09
1.330362529899403951e-03 2.156497784156145603e-09
1.345767401963456761e-03 2.168845925474726765e-09
1.361350654038956127e-03 2.100247234119435475e-09
1.377114351669082772e-03 2.152815940237587907e-09
1.393060584314885974e-03 2.184711981633603673e-09
1.409191465632227396e-03 2.108053609262841172e-09
1.425509133751954758e-03 2.163812602307467259e-09
1.442015751563302745e-03 2.175154417077057758e-09
1.458713507000582730e-03 2.099975019840035021e-09
1.475604613333191895e-03 2.173533325985274540e-09
1.492691309458979909e-03 2.169956335743294294e-09
1.509975860201007635e-03 2.102798080702241128e-09
1.527460556607757513e-03 2.190029447026639695e-09
1.545147716256795815e-03 2.147859251256148034e-09
1.563039683561977646e-03 2.131567135615178015e-09
1.581138830084189480e-03 2.207423030511141647e-09
1.599447554845698401e-03 2.115627438773589179e-09
1.617968284648140355e-03 2.167518063964806976e-09
1.636703474394191234e-03 2.188826551906344754e-09
1.655655607412955237e-03 2.116517417322615017e-09
1.674827195789139285e-03 2.202521577655737850e-09
1.694220780696013449e-03 2.131870266761828368e-09
1.713838932732251975e-03 2.170122258313797786e-09
1.733684252262658121e-03 2.172773134412610921e-09
1.753759369762839405e-03 2.140161744696327933e-09
1.774066946167876177e-03 2.200895360108537397e-09
1.794609673225024517e-03 2.139704312723073544e-09
1.815390273850506567e-03 2.193810441447016609e-09
1.836411502490422785e-03 2.148041341327474472e-09
1.857676145485863536e-03 2.180164323825093524e-09
1.879187021442221524e-03 2.176286927175830763e-09
1.900946981602806129e-03 2.159671741697195682e-09
1.922958910226767442e-03 2.198696145388223943e-09
1.945225724971402434e-03 2.146099742552041968e-09
1.967750377278885965e-03 2.204406947644039586e-09
1.990535852767486274e-03 2.137142862112763882e-09
2.013585171627295303e-03 2.215639791877064000e-09
2.036901389020564709e-03 2.137724084715203613e-09
2.060487595486651478e-03 2.214834117460175474e-09
2.084346917351677202e-03 2.139264369803410333e-09
2.108482517142910590e-03 2.211426033407522122e-09
2.132897594007962527e-03 2.146354605288773174e-09
2.157595384138824915e-03 2.207925299071318118e-09
2.182579161200830058e-03 2.147727232857668154e-09
2.207852236766562250e-03 2.205960898553091928e-09
2.233417960754816977e-03 2.155792218449787040e-09
2.259279721874612491e-03 2.196291649971097255e-09
2.285440948074375211e-03 2.161586159325314718e-09
2.311905106996301092e-03 2.183017433418761566e-09
2.338675706435990129e-03 2.187214693103150639e-09
2.365756294807400822e-03 2.168432506067400500e-09
2.393150461613189652e-03 2.201720554193408961e-09
2.420861837920496723e-03 2.158400795212038482e-09
2.448894096842230052e-03 2.213111319019434985e-09
2.477250954023952137e-03 2.171577974457574491e-09
2.505936168136361879e-03 2.181832257622610375e-09
2.534953541373521912e-03 2.201358667981837717e-09
2.564306919956823531e-03 2.158862475805081749e-09
2.594000194644804132e-03 2.196779486828110532e-09
2.624037301248860997e-03 2.169495549202582000e-09
2.654422221154941613e-03 2.173150594219583165e-09
2.685158981851263043e-03 2.209650217643543446e-09
2.716251657462167429e-03 2.162990827312359463e-09
2.747704369288123637e-03 2.178217107353833194e-09
2.779521286352018561e-03 2.205644862382132082e-09
2.811706625951745052e-03 2.166236960286297405e-09
2.844264654219206146e-03 2.177698294999998337e-09
2.877199686685782878e-03 2.207509245097949153e-09
2.910516088854357610e-03 2.169047823743258085e-09
2.944218276777944496e-03 2.164410276126501769e-09
2.978310717645054565e-03 2.193472669782292658e-09
3.012797930371789810e-03 2.190473859495948824e-09
3.047684486200846234e-03 2.160200707909816857e-09
3.082975009307410696e-03 2.185997494191719024e-09
3.118674177412095096e-03 2.211112976914358511e-09
3.154786722400964270e-03 2.181614138994846219e-09
3.191317430952740879e-03 2.162806950661903060e-09
3.228271145173277484e-03 2.179581742364105694e-09
3.265652763237360864e-03 2.204335197635501303e-09
3.303467240037981714e-03 2.195569361774463446e-09
3.341719587843073637e-03 2.171295356534864880e-09
3.380414876959908759e-03 2.168270989002296585e-09
3.419558236407145655e-03 2.189190433126010266e-09
3.459154854594680920e-03 2.189680500066434582e-09
3.499209980011365115e-03 2.197352604095321239e-09
3.539728921920689761e-03 2.184866475376169314e-09
3.580717051064509580e-03 2.163360116252689825e-09
3.622179800374952623e-03 2.171576333266007722e-09
3.664122665694521767e-03 2.172587682440101170e-09
3.706551206504587938e-03 2.186050970715510706e-09
3.749471046662278956e-03 2.195678225860898421e-09
3.792887875145917534e-03 2.198381903449518721e-09
3.836807446809092567e-03 2.198577327921492784e-09
3.881235583143459542e-03 2.187765570537394117e-09
3.926178173050358551e-03 2.177267368143758252e-09
3.971641173621410364e-03 2.178774666316643557e-09
4.017630610928087966e-03 2.157289400103918201e-09
4.064152580820497296e-03 2.175921948521218479e-09
4.111213249735355506e-03 2.171206477824627513e-09
4.158818855513353625e-03 2.165029374707646377e-09
4.206975708225972610e-03 2.163984513925659639e-09
4.255690191011878530e-03 2.170220708200063711e-09
4.304968760923003589e-03 2.164219198333987886e-09
4.354817949780402306e-03 2.180983272488935941e-09
4.405244365040072822e-03 2.177152743385399072e-09
4.456254690668728577e-03 2.182227615613633645e-09
4.507855688029784036e-03 2.183503875780591890e-09
4.560054196779547535e-03 2.191204326495599391e-09
4.612857135773812921e-03 2.195009595381103416e-09
4.666271503984951476e-03 2.186147232605787478e-09
4.720304381429616877e-03 2.172828975096057503e-09
4.774962930107178559e-03 2.167829148670863534e-09
4.830254394949069947e-03 2.162967325530927947e-09
4.886186104779055052e-03 2.176396508338408405e-09
4.942765473284694427e-03 2.190518234302382854e-09
4.999999999999999237e-03 2.182472823731724791e-09
5.057897271299490252e-03 2.167266631826287597e-09
5.116464961403772820e-03 2.164886403502505687e-09
5.175710833396719723e-03 2.173071651812344794e-09
5.235642740254497010e-03 2.187795558004970131e-09
5.296268625886442309e-03 2.177600931833298397e-09
5.357596526188034176e-03 2.161127284043273561e-09
5.419634570106018380e-03 2.177928940595466208e-09
5.482390980715924449e-03 2.186474153069934307e-09
5.545874076312003707e-03 2.160511070669180458e-09
5.610092271509814314e-03 2.172926967726244906e-09
5.675054078361577332e-03 2.177802085159805659e-09
5.740768107484413990e-03 2.158151374917030126e-09
5.807243069201712196e-03 2.180860374980682820e-09
5.874487774697644861e-03 2.173202010878410763e-09
5.942511137185094161e-03 2.164233906020752048e-09
6.011322173087065013e-03 2.178110412368153992e-09
6.080930003231838424e-03 2.160114318807157281e-09
6.151343854061904620e-03 2.181450117630475236e-09
6.222573058856926617e-03 2.159530971147048321e-09
6.294627058970836582e-03 2.179414299005735676e-09
6.367515405083306983e-03 2.159190023456735618e-09
6.441247758465666780e-03 2.180154868818053767e-09
6.515833892261499449e-03 2.158818376644027770e-09
6.591283692782035596e-03 2.171327287494346997e-09
6.667607160816618576e-03 2.166550735349578310e-09
6.744814412958264824e-03 2.161565053578651425e-09
6.822915682944625040e-03 2.178365101239573043e-09
6.901921323014425201e-03 2.157972450471603067e-09
6.981841805279687466e-03 2.166294128935614971e-09
7.062687723113769168e-03 2.171687535136984267e-09
7.144469792555517389e-03 2.159006486993125527e-09
7.227198853729638849e-03 2.160751273486553130e-09
7.310885872283590450e-03 2.170568782651956166e-09
7.395541940841034688e-03 2.173679133858612203e-09
7.481178280472170448e-03 2.158116638909710515e-09
7.567806242181043287e-03 2.156150951602938443e-09
7.655437308410150028e-03 2.161484768829384560e-09
7.744083094562405345e-03 2.166717265406392032e-09
7.833755350540741805e-03 2.170094363003457942e-09
7.924465962305568892e-03 2.166276023879977250e-09
8.016226953450207235e-03 2.163383531078475433e-09
8.109050486794647586e-03 2.157228173341914644e-09
8.202948865997691796e-03 2.155831961168720213e-09
8.297934537187804521e-03 2.154141186745869293e-09
8.394020090612802285e-03 2.154285892862857319e-09
8.491218262308719913e-03 2.153542514667271691e-09
8.589541935787937607e-03 2.156581720547333233e-09
8.689004143746880890e-03 2.161297688874913412e-09
8.789618069793463453e-03 2.162111784456090782e-09
8.891397050194612892e-03 2.164384346044171330e-09
8.994354575643934840e-03 2.161042199388776076e-09
9.098504293049919714e-03 2.152221957526477143e-09
9.203860007344778771e-03 2.148771745973831911e-09
9.310435683314336255e-03 2.151873402639937187e-09
9.418245447448998428e-03 2.160964618026269981e-09
9.527303589816240106e-03 2.156395790506764117e-09
9.637624565954681574e-03 2.146261626057877244e-09
9.749222998790225969e-03 2.154290757732537557e-09
9.862113680574265823e-03 2.155533628982456735e-09
9.976311574844402841e-03 2.144510849427339484e-09
1.009183181840780756e-02 2.158853649909348212e-09
1.020868972334764563e-02 2.145720376231861796e-09
1.032690077905264354e-02 2.152374631928978809e-09
1.044648065427019115e-02 2.147022813455036020e-09
1.056744519918323584e-02 2.150035755838282579e-09
1.068981044751115932e-02 2.145894464881652227e-09
1.081359261863509835e-02 2.154231111731627439e-09
1.093880811974775637e-02 2.140513003727815378e-09
1.106547354802819329e-02 2.149596876153889179e-09
1.119360569284169951e-02 2.149506947741149880e-09
1.132322153796529694e-02 2.139119797812482293e-09
1.145433826383886189e-02 2.144745793771327472e-09
1.158697324984239718e-02 2.149360767315542514e-09
1.172114407659961138e-02 2.148215095217208963e-09
1.185686852830827517e-02 2.138246100174079055e-09
1.199416459509744862e-02 2.137012248517582885e-09
1.213305047541208236e-02 2.137397723320602686e-09
1.227354457842515234e-02 2.141394872896356957e-09
1.241566552647785024e-02 2.141256094397531462e-09
1.255943215754789545e-02 2.141607474692781431e-09
1.270486352774653077e-02 2.139999577539774031e-09
1.285197891384432141e-02 2.137303344781789716e-09
1.300079781582635929e-02 2.133481365400279047e-09
1.315133995947690565e-02 2.132961907584297265e-09
1.330362529899405295e-02 2.134571416685560201e-09
1.345767401963458149e-02 2.139321314284740002e-09
1.361350654038956040e-02 2.138652723460151893e-09
1.377114351669082859e-02 2.131547435362432489e-09
1.393060584314884456e-02 2.134294374651793594e-09
1.409191465632227309e-02 2.137643401433369089e-09
1.425509133751954628e-02 2.128471127570068505e-09
1.442015751563302701e-02 2.134866859241323759e-09
1.458713507000582686e-02 2.126917870724959034e-09
1.475604613333193239e-02 2.134413936992702216e-09
1.492691309458979952e-02 2.127537758697369026e-09
1.509975860201007852e-02 2.134309278742936046e-09
1.527460556607755995e-02 2.126794325749849138e-09
1.545147716256795901e-02 2.126613256657557124e-09
1.563039683561977602e-02 2.132187178081673558e-09
1.581138830084189567e-02 2.128805049947303102e-09
1.599447554845698227e-02 2.121396739515203184e-09
1.617968284648142047e-02 2.122722844731774737e-09
1.636703474394191060e-02 2.122346693941797436e-09
1.655655607412955324e-02 2.124710474869860443e-09
1.674827195789137593e-02 2.124443327350903944e-09
1.694220780696013146e-02 2.124715983579535552e-09
1.713838932732252018e-02 2.119210744811598940e-09
1.733684252262658251e-02 2.119060622193483419e-09
1.753759369762839665e-02 2.122471316405301049e-09
1.774066946167878259e-02 2.124454515676373584e-09
1.794609673225026208e-02 2.106922960972359859e-09
1.815390273850506567e-02 2.116928657226295360e-09
1.836411502490422828e-02 2.121173821906414826e-09
1.857676145485861671e-02 2.115361777327096640e-09
1.879187021442221134e-02 2.111593150747232692e-09
1.900946981602805869e-02 2.116463377819550780e-09
1.922958910226767182e-02 2.119097431088759711e-09
1.945225724971402087e-02 2.112755364195199982e-09
1.967750377278887700e-02 2.117535661366128292e-09
1.990535852767486361e-02 2.116822927012599746e-09
2.013585171627295042e-02 2.112444570853070627e-09
2.036901389020562628e-02 2.110122729887083343e-09
2.060487595486651738e-02 2.108475616342749209e-09
2.084346917351677028e-02 2.109079019899487731e-09
2.108482517142910850e-02 2.109289982277056769e-09
2.132897594007962527e-02 2.107706974376824275e-09
2.157595384138826650e-02 2.108839559443107304e-09
2.182579161200829884e-02 2.111421710561080850e-09
2.207852236766562337e-02 2.110901180234387111e-09
2.233417960754814982e-02 2.107258348920965547e-09
2.259279721874613012e-02 2.108406147139692754e-09
2.285440948074375644e-02 2.106637935138876263e-09
2.311905106996301265e-02 2.105384301152714801e-09
2.338675706435990390e-02 2.104524952729327526e-09
2.365756294807403598e-02 2.107153879533076008e-09
2.393150461613192254e-02 2.102267214524829945e-09
2.420861837920496376e-02 2.101267382082291158e-09
2.448894096842230139e-02 2.102704030809733874e-09
2.477250954023949708e-02 2.103818997206155679e-09
2.505936168136362052e-02 2.103795473436506136e-09
2.534953541373521912e-02 2.102918901095571846e-09
2.564306919956823791e-02 2.101012707151600502e-09
2.594000194644804219e-02 2.097092979950716457e-09
2.624037301248863946e-02 2.096962162448838705e-09
2.654422221154941960e-02 2.099232156983697171e-09
2.685158981851263130e-02 2.095903890988120935e-09
2.716251657462164654e-02 2.095140954090548499e-09
2.747704369288123810e-02 2.094653585493844346e-09
2.779521286352018214e-02 2.099524993535675067e-09
2.811706625951744878e-02 2.092268760088665191e-09
2.844264654219206059e-02 2.092824232556365949e-09
2.877199686685785740e-02 2.094468233117179557e-09
2.910516088854357350e-02 2.092490135741241055e-09
2.944218276777944496e-02 2.092636819011289856e-09
2.978310717645051356e-02 2.091781319433432643e-09
3.012797930371790070e-02 2.087903405426534821e-09
3.047684486200846407e-02 2.090263631250387737e-09
3.082975009307410696e-02 2.090781555014882727e-09
3.118674177412095877e-02 2.085955518600115927e-09
3.154786722400967913e-02 2.090860841153352790e-09
3.191317430952744089e-02 2.084824941899752963e-09
3.228271145173277484e-02 2.085615060096248666e-09
3.265652763237360950e-02 2.087386497630610088e-09
3.303467240037977898e-02 2.085890204964266318e-09
3.341719587843073463e-02 2.105329620046838038e-09
3.380414876959908499e-02 2.084955061660960598e-09
3.419558236407146262e-02 2.084540675807238661e-09
3.459154854594680834e-02 2.076702678232043323e-09
3.499209980011368931e-02 2.079501004225382098e-09
3.539728921920690108e-02 2.082007183841879419e-09
3.580717051064509493e-02 2.077163542974060417e-09
3.622179800374948633e-02 2.082453642787568123e-09
3.664122665694521247e-02 2.079381490584885896e-09
3.706551206504588025e-02 2.075303155083092931e-09
3.749471046662278262e-02 2.075534660343223131e-09
3.792887875145917187e-02 2.072586712513798367e-09
3.836807446809096384e-02 2.075298919961651293e-09
3.881235583143458762e-02 2.076033087439690124e-09
3.926178173050358378e-02 2.074102269332321402e-09
3.971641173621406201e-02 2.073309338437867040e-09
4.017630610928087792e-02 2.073801393365465595e-09
4.064152580820496602e-02 2.074260854063648518e-09
4.111213249735355679e-02 2.071787117146935708e-09
4.158818855513353452e-02 2.069625558419070584e-09
4.206975708225977467e-02 2.069341792911895913e-09
4.255690191011882867e-02 2.070632916815808861e-09
4.304968760923003068e-02 2.069891649580610623e-09
4.354817949780401959e-02 2.066142331221134788e-09
4.405244365040068139e-02 2.066124096955113382e-09
4.456254690668728924e-02 2.064977328800145502e-09
4.507855688029784730e-02 2.066261433212772206e-09
4.560054196779547708e-02 2.065945132902567157e-09
4.612857135773813788e-02 2.065376520462046095e-09
4.666271503984956853e-02 2.064698019560802233e-09
4.720304381429617224e-02 2.062203928012313634e-09
4.774962930107178732e-02 2.062137339278816601e-09
4.830254394949064223e-02 2.061604588303132000e-09
4.886186104779054878e-02 2.061006364595333669e-09
4.942765473284694427e-02 2.059196100634096888e-09
4.999999999999998890e-02 2.057951203125465840e-09
5.057897271299490599e-02 2.057202337493881355e-09
5.116464961403772299e-02 2.057591379980946795e-09
5.175710833396719723e-02 2.058269149499460505e-09
5.235642740254497357e-02 2.065114654303864102e-09
5.296268625886442483e-02 2.057224038900260337e-09
5.357596526188034003e-02 2.056419649818977013e-09
5.419634570106018207e-02 2.052987739567503471e-09
5.482390980715924622e-02 2.054666405968977889e-09
5.545874076312003881e-02 2.053306189882556070e-09
5.610092271509820039e-02 2.052187366706786558e-09
5.675054078361576465e-02 2.047013537265025737e-09
5.740768107484413296e-02 2.049671351558053033e-09
5.807243069201711849e-02 2.052441283409124715e-09
5.874487774697650933e-02 2.050317771611501483e-09
5.942511137185093467e-02 2.049460572066063832e-09
6.011322173087065013e-02 2.047191360747416929e-09
6.080930003231838771e-02 2.046760851853825009e-09
6.151343854061905314e-02 2.045394086780902907e-09
6.222573058856927658e-02 2.047763778318451265e-09
6.294627058970836408e-02 2.043975580293984503e-09
6.367515405083307156e-02 2.044994499010059788e-09
6.441247758465666606e-02 2.043734260762921383e-09
6.515833892261499449e-02 2.041549046666857890e-09
6.591283692782035075e-02 2.039809084687191899e-09
6.667607160816618750e-02 2.040739448279860087e-09
6.744814412958265171e-02 2.040432599663997329e-09
6.822915682944626081e-02 2.037972556536242783e-09
6.901921323014426068e-02 2.038938346803713195e-09
6.981841805279687119e-02 2.037018007966829024e-09
7.062687723113769689e-02 2.037601827726969053e-09
7.144469792555516174e-02 2.036608160715153613e-09
7.227198853729638328e-02 2.033026997400265048e-09
7.310885872283590103e-02 2.035123726218684625e-09
7.395541940841034168e-02 2.033203395689005361e-09
7.481178280472169928e-02 2.034470438377141744e-09
7.567806242181042420e-02 2.047950354299675160e-09
7.655437308410149855e-02 2.030968132768128292e-09
7.744083094562403957e-02 2.033994987038534198e-09
7.833755350540749784e-02 2.030078003168645894e-09
7.924465962305569933e-02 2.030589133622160796e-09
8.016226953450207582e-02 2.030616332413153598e-09
8.109050486794647239e-02 2.029168506569210625e-09
8.202948865997691796e-02 2.029367071816864961e-09
8.297934537187805215e-02 2.028114041261865415e-09
8.394020090612801244e-02 2.029518287928863690e-09
8.491218262308719567e-02 2.025533800656675223e-09
8.589541935787936566e-02 2.022268140563078670e-09
8.689004143746879849e-02 2.024344370337047033e-09
8.789618069793463107e-02 2.022913503880853787e-09
8.891397050194613239e-02 2.022051781935849268e-09
8.994354575643936922e-02 2.022332449488592629e-09
9.098504293049920755e-02 2.020923532705310215e-09
9.203860007344781546e-02 2.020642677749079953e-09
9.310435683314335908e-02 2.018703834130867982e-09
9.418245447449000163e-02 2.020609683555308647e-09
9.527303589816239759e-02 2.017583570315864662e-09
9.637624565954681921e-02 2.017064973051772104e-09
9.749222998790225969e-02 2.016844131311566236e-09
9.862113680574265129e-02 2.014922388767587745e-09
9.976311574844401453e-02 2.015579945889344730e-09
1.009183181840780652e-01 2.016146924488747543e-09
1.020868972334764563e-01 2.011498701231050235e-09
1.032690077905264459e-01 2.012253772422924094e-09
1.044648065427020295e-01 2.013513482648582485e-09
1.056744519918323688e-01 2.010499122620542761e-09
1.068981044751115966e-01 2.014737973880497263e-09
1.081359261863509835e-01 2.011045914022279236e-09
1.093880811974775741e-01 2.009411934393079003e-09
1.106547354802819155e-01 2.008843084430727948e-09
1.119360569284169882e-01 2.007783041301851761e-09
1.132322153796529590e-01 2.007331698128752907e-09
1.145433826383886050e-01 2.006204710286769510e-09
1.158697324984239718e-01 2.006543339636015684e-09
1.172114407659961138e-01 2.005556070282400617e-09
1.185686852830827448e-01 1.947280425144905139e-09
1.199416459509744792e-01 2.004284430990746186e-09
1.213305047541208270e-01 2.003141184600539569e-09
1.227354457842515373e-01 2.001758405426769517e-09
1.241566552647784955e-01 2.001830806185171221e-09
1.255943215754789510e-01 2.001322197109658214e-09
1.270486352774652938e-01 2.000161904514238966e-09
1.285197891384432245e-01 1.997814814758750908e-09
1.300079781582635929e-01 2.000903273696174961e-09
1.315133995947690426e-01 1.997643855947593345e-09
1.330362529899405399e-01 1.996441670945893417e-09
1.345767401963458010e-01 1.995957715011119435e-09
1.361350654038956109e-01 1.996069521025582412e-09
1.377114351669082859e-01 1.995195446685719820e-09
1.393060584314886052e-01 1.992655239707335967e-09
1.409191465632227414e-01 1.992901820226871504e-09
1.425509133751954594e-01 1.989565550059624848e-09
1.442015751563302528e-01 1.991319246255119145e-09
1.458713507000582721e-01 1.990374813602693492e-09
1.475604613333193205e-01 1.988463192688423349e-09
1.492691309458979987e-01 1.990166044942076703e-09
1.509975860201007714e-01 1.988769129151933905e-09
1.527460556607755926e-01 2.011037316671326129e-09
1.545147716256795867e-01 1.987852027578963179e-09
1.563039683561977533e-01 1.987363781612731227e-09
1.581138830084189428e-01 1.981434244408694944e-09
1.599447554845698227e-01 1.985530856225849461e-09
1.617968284648141908e-01 1.983244110355595614e-09
1.636703474394191060e-01 1.982672737152663535e-09
1.655655607412955255e-01 1.981717891963026945e-09
1.674827195789137801e-01 1.974024327120926563e-09
1.694220780696013284e-01 1.979736949960378762e-09
1.713838932732252018e-01 1.993885678424764614e-09
1.733684252262658043e-01 1.980152559099634025e-09
1.753759369762839249e-01 1.981761932966269785e-09
1.774066946167878189e-01 1.979115992569677322e-09
1.794609673225026625e-01 1.977307539858399780e-09
1.815390273850506775e-01 1.976966221690912851e-09
1.836411502490422898e-01 1.976501923342364114e-09
1.857676145485863684e-01 1.979280738656998865e-09
1.879187021442221273e-01 1.974961804744164667e-09
1.900946981602806007e-01 1.974260289187651164e-09
1.922958910226767459e-01 1.972931909741745278e-09
1.945225724971401948e-01 1.971771059986945717e-09
1.967750377278887908e-01 1.971448908341594022e-09
1.990535852767486291e-01 1.971372060227373817e-09
2.013585171627295112e-01 1.969048421917555963e-09
2.036901389020562836e-01 1.969610853560393027e-09
2.060487595486651669e-01 1.971915307979956644e-09
2.084346917351677098e-01 1.969069971811721351e-09
2.108482517142910850e-01 1.961110031480299256e-09
2.132897594007962250e-01 1.967661495534417351e-09
2.157595384138826788e-01 1.966220004205359619e-09
2.182579161200829954e-01 1.965687029096051512e-09
2.207852236766562337e-01 1.963137643978563527e-09
2.233417960754814635e-01 1.963572406032354838e-09
2.259279721874612734e-01 1.962402824372190426e-09
2.285440948074375644e-01 1.961745746538291801e-09
2.311905106996301196e-01 1.961387233060772841e-09
2.338675706435990320e-01 1.960717232706620674e-09
2.365756294807403459e-01 1.960666871233472216e-09
2.393150461613192115e-01 1.959811669201385111e-09
2.420861837920496862e-01 1.955446100759647418e-09
2.448894096842230694e-01 1.957011773777012838e-09
2.477250954023952345e-01 1.956824554195924605e-09
2.505936168136362330e-01 1.956219160799341925e-09
2.534953541373521912e-01 1.956037700702700570e-09
2.564306919956823583e-01 1.954474089594563207e-09
2.594000194644804358e-01 1.952551443375958635e-09
2.624037301248863807e-01 1.952788758438705789e-09
2.654422221154941752e-01 1.952846549772997310e-09
2.685158981851262783e-01 1.958023391853449776e-09
2.716251657462164792e-01 1.950995657913872918e-09
2.747704369288123671e-01 1.949741291904190127e-09
2.779521286352018006e-01 1.950307513584455592e-09
2.811706625951744809e-01 1.948130941082142102e-09
2.844264654219206268e-01 1.947954516562648434e-09
2.877199686685785740e-01 1.947605240731466252e-09
2.910516088854357419e-01 1.949813384391840678e-09
2.944218276777944010e-01 1.948581303213216081e-09
2.978310717645051287e-01 1.944855856924984617e-09
3.012797930371790001e-01 1.945262480239222955e-09
3.047684486200846199e-01 1.943331312162750971e-09
3.082975009307410419e-01 1.941620792389413527e-09
3.118674177412095183e-01 1.941255210924838732e-09
3.154786722400967358e-01 1.941856304116990624e-09
3.191317430952744227e-01 1.940521690297220176e-09
3.228271145173277623e-01 1.940831367534736983e-09
3.265652763237361089e-01 1.942087598879144546e-09
3.303467240037981645e-01 1.939068587326146663e-09
3.341719587843073880e-01 1.938813371168101207e-09
3.380414876959909054e-01 1.937600546189176621e-09
3.419558236407145846e-01 1.938080848243710947e-09
3.459154854594680417e-01 1.937020812122194817e-09
3.499209980011368515e-01 1.934949888474969238e-09
3.539728921920690108e-01 1.935866698684052879e-09
3.580717051064509771e-01 1.932440462517656936e-09
3.622179800374948910e-01 1.932618491613160585e-09
3.664122665694521941e-01 1.931726593859047590e-09
3.706551206504588025e-01 1.933212498565482038e-09
3.749471046662278817e-01 1.934515038417674508e-09
3.792887875145917742e-01 1.927274251940467504e-09
3.836807446809096245e-01 1.930037377333298744e-09
3.881235583143459178e-01 1.929878826499323586e-09
3.926178173050358100e-01 1.927570914601102733e-09
3.971641173621405785e-01 1.921921283176218282e-09
4.017630610928087931e-01 1.926418621811531029e-09
4.064152580820497018e-01 1.925741844842400441e-09
4.111213249735355402e-01 1.905263462258163162e-09
4.158818855513353729e-01 1.924131425049652439e-09
4.206975708225977328e-01 1.924003857770215756e-09
4.255690191011883283e-01 1.905306153226128800e-09
4.304968760923003068e-01 1.927645825344950001e-09
4.354817949780401820e-01 1.921167894607590197e-09
4.405244365040072441e-01 1.917889904573844998e-09
4.456254690668728924e-01 1.921499860046385217e-09
4.507855688029784313e-01 1.876641117091644826e-09
4.560054196779547708e-01 1.914922201263442822e-09
4.612857135773818507e-01 1.918767528227425092e-09
4.666271503984956714e-01 1.916475987061402107e-09
4.720304381429616947e-01 1.916853018646658345e-09
4.774962930107178871e-01 1.916841560660199824e-09
4.830254394949065055e-01 1.915637102163076599e-09
4.886186104779055572e-01 1.914040266737553241e-09
4.942765473284694844e-01 1.912286486530769457e-09
5.000000000000000000e-01 1.910606239986390069e-09
5.235642740254496941e-01 1.909444686657164188e-09
5.482390980715925455e-01 1.882776758263759916e-09
5.740768107484413019e-01 1.902614404286796177e-09
6.011322173087064735e-01 1.915540960987304913e-09
6.294627058970835298e-01 1.894495477298989102e-09
6.591283692782035075e-01 1.894688168515537242e-09
6.901921323014423848e-01 1.891278062385788805e-09
7.227198853729638328e-01 1.890196599476038673e-09
7.567806242181041032e-01 1.884789909903235869e-09
7.924465962305566880e-01 1.883334901168274183e-09
8.297934537187803272e-01 1.879013753919350139e-09
8.689004143746876796e-01 1.877263373885687242e-09
9.098504293049917147e-01 1.871058186388473974e-09
9.527303589816236151e-01 1.870306004774866061e-09
9.976311574844398677e-01 1.868421402049930655e-09
1.044648065427019601e+00 1.866984982837669100e-09
1.093880811974776268e+00 1.863654158876578913e-09
1.145433826383886355e+00 1.831901606806167755e-09
1.199416459509745181e+00 1.851909437037045100e-09
1.255943215754790065e+00 1.854020426987138576e-09
1.315133995947690870e+00 1.850748701152229344e-09
1.377114351669083137e+00 1.846848443896623665e-09
1.442015751563303194e+00 1.845487472517287934e-09
1.509975860201008047e+00 1.841751603812016841e-09
1.581138830084189539e+00 1.870182479072109871e-09
1.655655607412955588e+00 1.835493645789111528e-09
1.733684252262658321e+00 1.835310199021837424e-09
1.815390273850506775e+00 1.826812256262090710e-09
1.900946981602805730e+00 1.828992596066918842e-09
1.990535852767486125e+00 1.826096794404419230e-09
2.084346917351676876e+00 1.821460677455492517e-09
2.182579161200830065e+00 1.819176623097429871e-09
2.285440948074374923e+00 1.816496026081406982e-09
2.393150461613192004e+00 1.813014360778169657e-09
2.505936168136361886e+00 1.810618899431495060e-09
2.624037301248862697e+00 1.806600454458087931e-09
2.747704369288122450e+00 1.803579976473444503e-09
2.877199686685784741e+00 1.802084897623770823e-09
3.012797930371788890e+00 1.796570190084721027e-09
3.154786722400966248e+00 1.794862820384146702e-09
3.303467240037980091e+00 1.793691494584863670e-09
3.459154854594682416e+00 1.787967597579782065e-09
3.622179800374950354e+00 1.788161830772546822e-09
3.792887875145919185e+00 1.821593701940647871e-09
3.971641173621408338e+00 1.778522278366795159e-09
4.158818855513356283e+00 1.777777742294318915e-09
4.354817949780404263e+00 1.775226551640503279e-09
4.560054196779547375e+00 1.779639709715402326e-09
4.774962930107178316e+00 1.770891253978265659e-09
5.000000000000000000e+00 1.770495848953242182e-09
6.294627058970836408e+00 1.751369115486049269e-09
7.924465962305568212e+00 1.739832519892666735e-09
9.976311574844396901e+00 1.726773493015197265e-09
1.255943215754790110e+01 1.774101106445614717e-09
1.581138830084189451e+01 1.701636135153794773e-09
1.990535852767486347e+01 1.684041910085684679e-09
2.505936168136361886e+01 1.670360753214809162e-09
3.154786722400966426e+01 1.656130369612803726e-09
3.971641173621406296e+01 1.613407101980844678e-09
4.999999999999999289e+01 1.629637722960406772e-09
