3.539728921920685885e-05 1.737869802853366547e-14
3.622179800374951728e-05 3.339980688503232520e-13
3.706551206504588155e-05 1.030881562432030067e-12
3.792887875145917236e-05 2.068528258867911402e-12
3.881235583143463039e-05 3.397580722413599048e-12
3.971641173621410364e-05 4.962219276433183125e-12
4.064152580820496591e-05 6.703558969080902713e-12
4.158818855513353842e-05 8.554732751216607201e-12
4.255690191011878395e-05 1.044490190650590066e-11
4.354817949780398050e-05 1.229591483717954812e-11
4.456254690668729390e-05 1.406265350100180909e-11
4.560054196779547508e-05 1.567076069244685445e-11
4.666271503984952289e-05 1.707114587215822955e-11
4.774962930107183736e-05 1.823586418582194034e-11
4.886186104779054808e-05 1.912574245941938902e-11
4.999999999999998884e-05 1.975014009664584053e-11
5.057897271299490442e-05 1.996605949488661498e-11
5.116464961403766531e-05 2.011650855306445522e-11
5.175710833396714221e-05 2.021145430986080063e-11
5.235642740254491318e-05 2.026082736615565232e-11
5.296268625886447866e-05 2.026054783959735815e-11
5.357596526188034176e-05 2.024116688529246143e-11
5.419634570106018624e-05 2.018415399810097311e-11
5.482390980715924394e-05 2.011362172696143735e-11
5.545874076312003003e-05 2.005232419306632525e-11
5.610092271509813691e-05 2.000456188634479140e-11
5.675054078361569987e-05 1.997501903787103826e-11
5.740768107484407919e-05 1.999428329439121561e-11
5.807243069201718186e-05 2.005718051876621490e-11
5.874487774697651393e-05 2.019314488609125176e-11
5.942511137185093809e-05 2.040887285722523614e-11
6.011322173087064877e-05 2.071957500393440137e-11
6.080930003231838695e-05 2.113795572521148933e-11
6.151343854061905325e-05 2.167899370873713118e-11
6.222573058856921034e-05 2.235451671014242223e-11
6.294627058970830402e-05 2.315334683581079933e-11
6.367515405083314138e-05 2.410524420420554697e-11
6.441247758465673719e-05 2.520299659686797634e-11
6.515833892261499124e-05 2.643671129849628207e-11
6.591283692782035650e-05 2.783216999657836229e-11
6.667607160816619769e-05 2.935906783029898038e-11
6.744814412958265366e-05 3.102772798204778516e-11
6.822915682944618535e-05 3.282327839790737699e-11
6.901921323014417829e-05 3.472991898652437897e-11
6.981841805279679497e-05 3.673996217565027598e-11
7.062687723113775782e-05 3.883807019555474678e-11
7.144469792555516033e-05 4.097670941076289674e-11
7.227198853729638578e-05 4.314514878764066664e-11
7.310885872283590017e-05 4.535515207808502123e-11
7.395541940841035122e-05 4.751752542564696183e-11
7.481178280472162371e-05 4.966024321530685231e-11
7.567806242181034505e-05 5.172879557556772271e-11
7.655437308410142656e-05 5.371803588345262347e-11
7.744083094562412067e-05 5.558841003576279050e-11
7.833755350540747497e-05 5.731650646647866572e-11
7.924465962305569597e-05 5.890286870637664797e-11
8.016226953450208102e-05 6.034184150104511862e-11
8.109050486794647857e-05 6.159677454683612471e-11
8.202948865997692718e-05 6.267989879314822069e-11
8.297934537187796715e-05 6.360278835611698215e-11
8.394020090612794207e-05 6.437083844187482850e-11
8.491218262308728262e-05 6.500852463230597663e-11
8.589541935787945305e-05 6.554628076489859811e-11
8.689004143746881595e-05 6.602188192337103105e-11
8.789618069793464267e-05 6.646467363238288568e-11
8.891397050194613488e-05 6.693998221490664741e-11
8.994354575643936521e-05 6.747865577593148893e-11
9.098504293049911853e-05 6.820114482777507978e-11
9.203860007344770748e-05 6.905740246762181306e-11
9.310435683314326931e-05 7.021286718034740022e-11
9.418245447449009216e-05 7.167737497693906564e-11
9.527303589816239347e-05 7.354806148707967430e-11
9.637624565954680924e-05 7.582314154790227204e-11
9.749222998790225210e-05 7.859124227430343391e-11
9.862113680574265443e-05 8.183299845796454153e-11
9.976311574844391077e-05 8.563475278232026447e-11
1.009183181840780691e-04 8.994381029217724389e-11
1.020868972334764650e-04 9.475603162659635217e-11
1.032690077905264333e-04 1.000367154656074507e-10
1.044648065427019099e-04 1.057248113615203363e-10
1.056744519918323812e-04 1.117478066096507120e-10
1.068981044751116051e-04 1.180059772701870820e-10
1.081359261863509824e-04 1.244231588819884068e-10
1.093880811974775783e-04 1.308154040784607727e-10
1.106547354802819166e-04 1.370804593921808751e-10
1.119360569284169843e-04 1.430959501513200822e-10
1.132322153796529716e-04 1.486725511779312750e-10
1.145433826383886026e-04 1.537305401774978087e-10
1.158697324984239615e-04 1.581199750468916387e-10
1.172114407659961296e-04 1.617644215243242818e-10
1.185686852830827555e-04 1.645800035830541493e-10
1.199416459509744813e-04 1.665742903811411299e-10
1.213305047541207081e-04 1.677363895368995518e-10
1.227354457842515364e-04 1.681270410787409347e-10
1.241566552647784948e-04 1.678595382897861653e-10
1.255943215754789502e-04 1.671136062090622542e-10
1.270486352774653110e-04 1.659905941969146687e-10
1.285197891384432108e-04 1.648562891595313550e-10
1.300079781582635788e-04 1.639483031084680089e-10
1.315133995947690435e-04 1.635114577853896325e-10
1.330362529899403897e-04 1.639482401167569621e-10
1.345767401963458333e-04 1.653856198207523542e-10
1.361350654038956344e-04 1.682374046978225730e-10
1.377114351669082826e-04 1.726430663128710988e-10
1.393060584314884456e-04 1.787624569749232458e-10
1.409191465632227234e-04 1.866172907479395505e-10
1.425509133751954596e-04 1.962269837748959741e-10
1.442015751563302474e-04 2.073877676582606679e-10
1.458713507000582675e-04 2.198719583482139235e-10
1.475604613333193142e-04 2.333324921834936573e-10
1.492691309458979746e-04 2.473057494330901509e-10
1.509975860201007907e-04 2.612715013420924591e-10
1.527460556607755941e-04 2.747146161819700698e-10
1.545147716256795760e-04 2.869510933409942015e-10
1.563039683561977700e-04 2.975192899644927174e-10
1.581138830084189426e-04 3.060437237622675826e-10
1.599447554845698401e-04 3.120725255285914352e-10
1.617968284648140247e-04 3.154585312083867785e-10
1.636703474394191234e-04 3.162045209153630573e-10
1.655655607412955237e-04 3.146289167028299286e-10
1.674827195789137550e-04 3.111424080001968868e-10
1.694220780696013395e-04 3.064730286094945854e-10
1.713838932732251867e-04 3.013421631997518699e-10
1.733684252262658175e-04 2.968319026054991263e-10
1.753759369762839622e-04 2.939233262606578188e-10
1.774066946167876340e-04 2.934458327300651915e-10
1.794609673225026631e-04 2.963651860519928314e-10
1.815390273850506729e-04 3.033554684141098994e-10
1.836411502490422785e-04 3.145699026678261165e-10
1.857676145485863753e-04 3.299392576488890993e-10
1.879187021442221307e-04 3.491552519362710444e-10
1.900946981602805912e-04 3.711513191747521388e-10
1.922958910226767171e-04 3.946810419836809622e-10
1.945225724971401946e-04 4.185080845721698156e-10
1.967750377278885748e-04 4.405824533501567521e-10
1.990535852767486220e-04 4.596330133846566088e-10
2.013585171627295032e-04 4.741480051659918497e-10
2.036901389020562758e-04 4.832903176686035117e-10
2.060487595486651640e-04 4.864552272219612096e-10
2.084346917351676985e-04 4.839516113702835232e-10
2.108482517142910915e-04 4.768745220932373073e-10
2.132897594007962310e-04 4.666774955308573165e-10
2.157595384138824807e-04 4.556256681134989136e-10
2.182579161200830003e-04 4.463956481872429293e-10
2.207852236766562250e-04 4.410417847239630564e-10
2.233417960754814700e-04 4.420810126809803969e-10
2.259279721874612654e-04 4.507561831539898327e-10
2.285440948074375482e-04 4.679188975091309090e-10
2.311905106996301417e-04 4.927100539808187570e-10
2.338675706435990400e-04 5.236254737420936058e-10
2.365756294807401202e-04 5.577860708055182645e-10
2.393150461613192416e-04 5.917815701247259754e-10
2.420861837920496669e-04 6.221849834403673879e-10
2.448894096842230486e-04 6.450990244844400118e-10
2.477250954023952571e-04 6.584762653400810331e-10
2.505936168136362096e-04 6.611696849432271263e-10
2.534953541373521587e-04 6.538569652637575797e-10
2.564306919956823639e-04 6.390744139072632548e-10
2.594000194644803916e-04 6.209865569714858327e-10
2.624037301248860888e-04 6.042219553222419913e-10
2.654422221154941939e-04 5.941666396822437900e-10
2.685158981851263043e-04 5.949547671243213331e-10
2.716251657462165044e-04 6.092910869142706242e-10
2.747704369288123854e-04 6.368592322411831008e-10
2.779521286352018127e-04 6.755606045003891121e-10
2.811706625951744401e-04 7.201228016548789928e-10
2.844264654219205712e-04 7.640605508172451557e-10
2.877199686685782661e-04 8.002219514573890016e-10
2.910516088854357935e-04 8.234988614932890886e-10
2.944218276777944170e-04 8.299609209325956410e-10
2.978310717645051204e-04 8.202649039065838117e-10
3.012797930371790027e-04 7.986482959666024032e-10
3.047684486200846234e-04 7.724610881703267716e-10
3.082975009307410263e-04 7.505220816585289443e-10
3.118674177412095313e-04 7.417133266611106477e-10
3.154786722400964379e-04 7.517924263654420234e-10
3.191317430952743373e-04 7.821839006179166190e-10
3.228271145173277267e-04 8.290358989738855512e-10
3.265652763237360430e-04 8.837344803174280875e-10
3.303467240037981823e-04 9.350743593190251554e-10
3.341719587843073962e-04 9.720830261813679255e-10
3.380414876959908759e-04 9.860106472489684991e-10
3.419558236407145655e-04 9.772527848712419032e-10
3.459154854594681137e-04 9.491807410965749458e-10
3.499209980011364681e-04 9.146030991784557767e-10
3.539728921920690086e-04 8.883809136200766527e-10
3.580717051064509905e-04 8.826995228639724509e-10
3.622179800374948611e-04 9.060197995171560426e-10
3.664122665694521551e-04 9.524277821850881888e-10
3.706551206504587613e-04 1.014473048815551451e-09
3.749471046662278739e-04 1.074933243295130516e-09
3.792887875145917100e-04 1.116194750781185766e-09
3.836807446809091808e-04 1.131168642024679308e-09
3.881235583143459109e-04 1.106454667941084961e-09
3.926178173050358226e-04 1.067261266542037381e-09
3.971641173621406028e-04 1.027117814160777036e-09
4.017630610928087857e-04 1.009800280342504445e-09
4.064152580820496862e-04 1.026180003772217873e-09
4.111213249735355181e-04 1.079887722802205493e-09
4.158818855513353300e-04 1.149065794152623594e-09
4.206975708225972935e-04 1.213675198338389789e-09
4.255690191011882867e-04 1.248872946849330837e-09
4.304968760923003155e-04 1.244105920862328737e-09
4.354817949780401981e-04 1.211593944353691576e-09
4.405244365040072822e-04 1.155971287717821768e-09
4.456254690668728577e-04 1.135790361793344127e-09
4.507855688029784470e-04 1.139464784346361081e-09
4.560054196779547643e-04 1.193069679949610347e-09
4.612857135773813463e-04 1.271253268334909226e-09
4.666271503984952560e-04 1.343000113942448563e-09
4.720304381429617636e-04 1.364018818071341679e-09
4.774962930107178993e-04 1.337946646246822326e-09
4.830254394949064960e-04 1.288310230174489264e-09
4.886186104779055486e-04 1.243762566344877394e-09
4.942765473284694211e-04 1.235820320252553913e-09
4.999999999999999020e-04 1.285085695174812740e-09
5.057897271299491120e-04 1.368920084941923370e-09
5.116464961403766531e-04 1.438549757145124799e-09
5.175710833396719507e-04 1.461729463844913073e-09
5.235642740254497010e-04 1.423824975162838863e-09
5.296268625886442309e-04 1.364192329304507016e-09
5.357596526188034176e-04 1.326311882959553015e-09
5.419634570106019031e-04 1.346656434879300619e-09
5.482390980715924666e-04 1.418238406736718102e-09
5.545874076312004358e-04 1.509703644265606172e-09
5.610092271509814097e-04 1.530084388174699903e-09
5.675054078361570394e-04 1.510629881519235964e-09
5.740768107484413340e-04 1.436590649380603331e-09
5.807243069201711546e-04 1.399374566050421424e-09
5.874487774697650716e-04 1.418279213938456688e-09
5.942511137185093944e-04 1.515374448978030639e-09
6.011322173087062844e-04 1.585257741235490019e-09
6.080930003231839508e-04 1.619698799380488385e-09
6.151343854061905054e-04 1.553967076561687486e-09
6.222573058856920762e-04 1.491869697589205107e-09
6.294627058970836365e-04 1.486808053414554167e-09
6.367515405083307633e-04 1.564894851927767430e-09
6.441247758465673719e-04 1.652255313006071782e-09
6.515833892261498582e-04 1.673757459144058809e-09
6.591283692782036463e-04 1.619908785906475499e-09
6.667607160816619227e-04 1.541938970079933063e-09
6.744814412958265908e-04 1.550802083339677639e-09
6.822915682944617451e-04 1.622435811211582591e-09
6.901921323014424334e-04 1.728343012844612106e-09
6.981841805279687899e-04 1.737849774892692632e-09
7.062687723113776324e-04 1.644606604920329317e-09
7.144469792555517389e-04 1.602074832731529508e-09
7.227198853729638849e-04 1.635105257137022570e-09
7.310885872283592185e-04 1.735820382910232684e-09
7.395541940841036206e-04 1.783370255253627032e-09
7.481178280472162642e-04 1.741041803670366406e-09
7.567806242181033963e-04 1.648271195121172224e-09
7.655437308410150245e-04 1.667138258575296577e-09
7.744083094562404478e-04 1.767261420565447301e-09
7.833755350540749394e-04 1.825852256641868391e-09
7.924465962305569326e-04 1.794925337568492506e-09
8.016226953450207018e-04 1.675781509810267394e-09
8.109050486794647586e-04 1.714868275915858057e-09
8.202948865997692447e-04 1.820310365340813060e-09
8.297934537187796715e-04 1.875198044244320646e-09
8.394020090612802068e-04 1.814425322162619816e-09
8.491218262308720130e-04 1.773804881648451475e-09
8.589541935787945847e-04 1.787752330291346859e-09
8.689004143746880239e-04 1.857812301026886132e-09
8.789618069793463453e-04 1.872462283222293437e-09
8.891397050194612675e-04 1.791481329579684747e-09
8.994354575643935708e-04 1.788160733645378240e-09
9.098504293049911040e-04 1.889492583366806010e-09
9.203860007344780506e-04 1.955396606920863270e-09
9.310435683314336689e-04 1.845249891718733804e-09
9.418245447449009487e-04 1.810268458228426828e-09
9.527303589816240974e-04 1.895256370059371808e-09
9.637624565954683092e-04 1.955620900062142142e-09
9.749222998790225752e-04 1.879121651322137914e-09
9.862113680574266256e-04 1.815925509978711690e-09
9.976311574844392432e-04 1.929530023195077906e-09
1.009183181840779715e-03 1.976501082118047866e-09
1.020868972334764650e-03 1.887254601951340872e-09
1.032690077905264224e-03 1.874266430291165922e-09
1.044648065427020156e-03 1.959277036483536441e-09
1.056744519918323541e-03 1.993799202700700482e-09
1.068981044751116105e-03 1.901715241973199044e-09
1.081359261863509879e-03 1.910590633033438221e-09
1.093880811974775810e-03 2.037299730896674768e-09
1.106547354802818028e-03 1.954075056762076616e-09
1.119360569284169734e-03 1.914285722817975605e-09
1.132322153796529608e-03 2.003935536932424681e-09
1.145433826383887056e-03 2.031532244317680515e-09
1.158697324984239588e-03 1.948352856668059955e-09
1.172114407659961052e-03 1.970346558681169188e-09
1.185686852830827474e-03 2.059455560114116505e-09
1.199416459509744732e-03 1.971822219018698150e-09
1.213305047541206674e-03 1.974597842056098942e-09
1.227354457842515364e-03 2.069555873670196700e-09
1.241566552647784894e-03 2.012670511950584773e-09
1.255943215754790803e-03 1.974707611668786429e-09
1.270486352774652947e-03 2.077528976213909515e-09
1.285197891384431837e-03 2.036918670248768886e-09
1.300079781582635843e-03 1.996984337978714858e-09
1.315133995947690652e-03 2.086105925401874006e-09
1.330362529899403951e-03 2.036456228697721352e-09
1.345767401963456761e-03 1.990787491060912173e-09
1.361350654038956127e-03 2.100035763419168279e-09
1.377114351669082772e-03 2.047751467292339883e-09
1.393060584314885974e-03 2.029753758905560790e-09
1.409191465632227396e-03 2.123290789602724610e-09
1.425509133751954758e-03 2.016941999749155497e-09
1.442015751563302745e-03 2.080358431838198266e-09
1.458713507000582730e-03 2.107424884426538319e-09
1.475604613333191895e-03 2.028297649891748726e-09
1.492691309458979909e-03 2.120571062814728964e-09
1.509975860201007635e-03 2.076094703381528677e-09
1.527460556607757513e-03 2.072856485461911480e-09
1.545147716256795815e-03 2.118236568734886128e-09
1.563039683561977646e-03 2.041879451548139463e-09
1.581138830084189480e-03 2.125714959016658299e-09
1.599447554845698401e-03 2.090770106586549125e-09
1.617968284648140355e-03 2.089507727901246511e-09
1.636703474394191234e-03 2.137834572365220120e-09
1.655655607412955237e-03 2.072318931447315979e-09
1.674827195789139285e-03 2.156140446767226895e-09
1.694220780696013449e-03 2.068289883416693490e-09
1.713838932732251975e-03 2.154158212176164562e-09
1.733684252262658338e-03 2.104361893313608092e-09
1.753759369762839405e-03 2.141794255462823203e-09
1.774066946167876177e-03 2.122847733337796179e-09
1.794609673225024517e-03 2.110315847672741955e-09
1.815390273850506567e-03 2.147187467913835612e-09
1.836411502490422785e-03 2.114186119210359532e-09
1.857676145485863536e-03 2.170070206961477377e-09
1.879187021442221524e-03 2.102805186605567966e-09
1.900946981602806129e-03 2.175125461048830022e-09
1.922958910226767442e-03 2.105003259151473697e-09
1.945225724971402217e-03 2.180095406390669748e-09
1.967750377278885965e-03 2.107399222938170166e-09
1.990535852767486274e-03 2.180616703184518020e-09
2.013585171627295303e-03 2.119140526678760930e-09
2.036901389020564709e-03 2.170868929441433843e-09
2.060487595486651478e-03 2.138810045093722121e-09
2.084346917351677202e-03 2.166978441498728822e-09
2.108482517142910590e-03 2.154259689795605767e-09
2.132897594007962527e-03 2.141883281838125376e-09
2.157595384138824915e-03 2.187771498310327931e-09
2.182579161200830058e-03 2.138074946121435479e-09
2.207852236766562250e-03 2.202175635312636669e-09
2.233417960754816977e-03 2.144184700916726824e-09
2.259279721874612491e-03 2.193609479862224380e-09
2.285440948074375644e-03 2.164313196175310544e-09
2.311905106996301092e-03 2.157124450708783215e-09
2.338675706435990129e-03 2.208561498822590014e-09
2.365756294807400822e-03 2.143242994320357738e-09
2.393150461613190085e-03 2.199343091011848156e-09
2.420861837920496723e-03 2.184072600749991311e-09
2.448894096842230052e-03 2.160734561265119278e-09
2.477250954023952137e-03 2.211088768703669596e-09
2.505936168136361879e-03 2.170703648217496386e-09
2.534953541373521912e-03 2.165539480258108175e-09
2.564306919956823531e-03 2.218569395936506608e-09
2.594000194644804566e-03 2.164230902146353321e-09
2.624037301248860997e-03 2.175851203424167559e-09
2.654422221154942047e-03 2.224898275329162367e-09
2.685158981851263043e-03 2.180016143329216941e-09
2.716251657462167429e-03 2.167161166813362616e-09
2.747704369288123637e-03 2.209601434792715759e-09
2.779521286352018561e-03 2.201011109700387132e-09
2.811706625951745052e-03 2.173127770369654726e-09
2.844264654219206146e-03 2.193733724467073154e-09
2.877199686685782444e-03 2.222881261204446842e-09
2.910516088854357610e-03 2.201726991003125690e-09
2.944218276777944496e-03 2.175769857290058314e-09
2.978310717645054565e-03 2.192284323358216403e-09
3.012797930371789810e-03 2.220598563365870042e-09
3.047684486200846234e-03 2.208954147345811493e-09
3.082975009307410696e-03 2.183597992746578910e-09
3.118674177412095096e-03 2.187508862529320116e-09
3.154786722400964270e-03 2.197915310061946925e-09
3.191317430952740879e-03 2.229457100785718782e-09
3.228271145173277484e-03 2.223250009662058249e-09
3.265652763237360864e-03 2.195437155920819797e-09
3.303467240037981714e-03 2.177873461362355048e-09
3.341719587843073637e-03 2.181985091139516232e-09
3.380414876959908759e-03 2.190407916789567623e-09
3.419558236407145221e-03 2.210868546918718500e-09
3.459154854594680920e-03 2.223461630074359933e-09
3.499209980011365115e-03 2.228588352332457779e-09
3.539728921920689761e-03 2.225487122476257318e-09
3.580717051064509580e-03 2.218515467734087387e-09
3.622179800374952623e-03 2.208138506288136156e-09
3.664122665694521767e-03 2.197363660480697523e-09
3.706551206504587938e-03 2.193170715353182719e-09
3.749471046662278956e-03 2.192404338647928513e-09
3.792887875145917534e-03 2.194594384380952050e-09
3.836807446809092567e-03 2.187903724975773753e-09
3.881235583143459542e-03 2.197780806151529300e-09
3.926178173050358551e-03 2.191959778946712668e-09
3.971641173621410364e-03 2.192086031734899998e-09
4.017630610928087966e-03 2.198970310588442063e-09
4.064152580820497296e-03 2.203735923080196543e-09
4.111213249735355506e-03 2.205206832389717987e-09
4.158818855513353625e-03 2.218892319065265613e-09
4.206975708225972610e-03 2.226063402785529381e-09
4.255690191011878530e-03 2.231300018143323243e-09
4.304968760923003589e-03 2.226419201748467499e-09
4.354817949780402306e-03 2.212943535957235471e-09
4.405244365040072822e-03 2.195360774665535718e-09
4.456254690668728577e-03 2.186067099659142843e-09
4.507855688029784036e-03 2.205679480345668373e-09
4.560054196779547535e-03 2.211832999975544743e-09
4.612857135773812921e-03 2.220201240994342221e-09
4.666271503984951476e-03 2.209266999124572049e-09
4.720304381429616877e-03 2.193157495451630286e-09
4.774962930107178559e-03 2.199905898160691159e-09
4.830254394949069947e-03 2.219509728323448577e-09
4.886186104779055052e-03 2.222686774138041519e-09
4.942765473284694427e-03 2.194488220670878497e-09
4.999999999999999237e-03 2.203211753278842230e-09
5.057897271299490252e-03 2.223829351596785279e-09
5.116464961403772820e-03 2.200306535796221513e-09
5.175710833396719723e-03 2.201156413138878086e-09
5.235642740254497010e-03 2.224230002706369405e-09
5.296268625886443177e-03 2.187029024536611088e-09
5.357596526188034176e-03 2.210038296320261637e-09
5.419634570106018380e-03 2.212217216545063927e-09
5.482390980715924449e-03 2.189941924267855183e-09
5.545874076312004575e-03 2.217705925332751320e-09
5.610092271509814314e-03 2.193643465544616040e-09
5.675054078361577332e-03 2.211592729231424071e-09
5.740768107484413990e-03 2.198995761993369710e-09
5.807243069201712196e-03 2.216601765338243956e-09
5.874487774697644861e-03 2.198253234718986863e-09
5.942511137185094161e-03 2.217382983801814830e-09
6.011322173087065013e-03 2.192496432668310583e-09
6.080930003231838424e-03 2.215809719361334280e-09
6.151343854061904620e-03 2.195129572168552405e-09
6.222573058856926617e-03 2.206991819011224575e-09
6.294627058970836582e-03 2.214175847540445677e-09
6.367515405083306983e-03 2.194380026539622209e-09
6.441247758465666780e-03 2.212799823660331363e-09
6.515833892261499449e-03 2.205336233926009409e-09
6.591283692782035596e-03 2.188596634416211154e-09
6.667607160816618576e-03 2.205541735023230324e-09
6.744814412958264824e-03 2.209998295234109457e-09
6.822915682944624173e-03 2.199028208905032581e-09
6.901921323014425201e-03 2.192625218761809794e-09
6.981841805279687466e-03 2.198521340270786824e-09
7.062687723113769168e-03 2.202741108237779353e-09
7.144469792555517389e-03 2.210165584228249700e-09
7.227198853729638849e-03 2.199681632763211746e-09
7.310885872283590450e-03 2.197416990163729317e-09
7.395541940841034688e-03 2.190351748283086683e-09
7.481178280472170448e-03 2.188845201480246804e-09
7.567806242181043287e-03 2.187321550473135243e-09
7.655437308410150896e-03 2.189200668957947783e-09
7.744083094562405345e-03 2.186732875128593955e-09
7.833755350540741805e-03 2.187890704160622731e-09
7.924465962305568892e-03 2.188925271452915067e-09
8.016226953450207235e-03 2.186384835649025123e-09
8.109050486794647586e-03 2.188359130465757828e-09
8.202948865997691796e-03 2.193034747491638991e-09
8.297934537187804521e-03 2.201740762828629680e-09
8.394020090612802285e-03 2.202639300372273400e-09
8.491218262308719913e-03 2.194557541651957563e-09
8.589541935787937607e-03 2.184944728103625873e-09
8.689004143746880890e-03 2.185531064769490083e-09
8.789618069793463453e-03 2.198831554723798960e-09
8.891397050194614626e-03 2.192148711441020143e-09
8.994354575643934840e-03 2.182251733606933097e-09
9.098504293049921449e-03 2.195606961257717919e-09
9.203860007344778771e-03 2.185844690440531142e-09
9.310435683314336255e-03 2.183173381026238920e-09
9.418245447448998428e-03 2.192618139881691469e-09
9.527303589816240106e-03 2.179293746201506995e-09
9.637624565954681574e-03 2.195529689744721135e-09
9.749222998790225969e-03 2.178268044295484940e-09
9.862113680574265823e-03 2.192971518196190684e-09
9.976311574844402841e-03 2.178480929400800203e-09
1.009183181840780756e-02 2.186637275425521321e-09
1.020868972334764563e-02 2.188031654395005447e-09
1.032690077905264354e-02 2.175231398820585799e-09
1.044648065427019115e-02 2.183937737738360480e-09
1.056744519918323584e-02 2.186569627422031686e-09
1.068981044751115932e-02 2.177449542666452874e-09
1.081359261863509835e-02 2.173562584127452176e-09
1.093880811974775637e-02 2.181392258978833321e-09
1.106547354802819329e-02 2.186284809910416076e-09
1.119360569284169951e-02 2.186437033709791676e-09
1.132322153796529694e-02 2.183362191871845032e-09
1.145433826383886189e-02 2.180823036149622541e-09
1.158697324984239718e-02 2.182664334018501363e-09
1.172114407659961138e-02 2.180081785217784427e-09
1.185686852830827517e-02 2.180326831266716059e-09
1.199416459509744862e-02 2.180582516294674626e-09
1.213305047541208062e-02 2.179598840982200880e-09
1.227354457842515234e-02 2.172915539233164244e-09
1.241566552647785024e-02 2.166829258868661007e-09
1.255943215754789545e-02 2.169489417757362836e-09
1.270486352774653251e-02 2.176728171232241968e-09
1.285197891384432141e-02 2.170305474938315415e-09
1.300079781582635756e-02 2.166225882130028256e-09
1.315133995947690565e-02 2.174290206671985475e-09
1.330362529899405295e-02 2.164050409889885462e-09
1.345767401963458149e-02 2.174311748780308798e-09
1.361350654038956040e-02 2.163968271240632232e-09
1.377114351669082859e-02 2.172566670562190334e-09
1.393060584314884283e-02 2.159835466585502803e-09
1.409191465632227309e-02 2.169150319677185610e-09
1.425509133751954628e-02 2.167051653961413848e-09
1.442015751563302701e-02 2.158780833566037287e-09
1.458713507000582686e-02 2.162201954729154971e-09
1.475604613333193413e-02 2.167013898719199690e-09
1.492691309458979952e-02 2.166505413597211845e-09
1.509975860201007852e-02 2.162522383571708342e-09
1.527460556607755995e-02 2.160921666375327451e-09
1.545147716256795901e-02 2.163433482718063418e-09
1.563039683561977602e-02 2.157924325297795011e-09
1.581138830084189567e-02 2.160575032088323321e-09
1.599447554845698227e-02 2.161339014914068094e-09
1.617968284648142047e-02 2.160814595091001451e-09
1.636703474394191060e-02 2.154641076168973138e-09
1.655655607412955324e-02 2.151064581212425451e-09
1.674827195789137593e-02 2.158174795007905946e-09
1.694220780696013146e-02 2.154433620913315312e-09
1.713838932732252018e-02 2.150124417807976193e-09
1.733684252262658251e-02 2.154755802786519625e-09
1.753759369762839665e-02 2.152060492815166549e-09
1.774066946167878259e-02 2.151616914687594633e-09
1.794609673225026208e-02 2.150852649674119675e-09
1.815390273850506220e-02 2.144964086000619194e-09
1.836411502490422828e-02 2.149462044581490502e-09
1.857676145485861671e-02 2.151239996345241954e-09
1.879187021442221134e-02 2.148573334212381186e-09
1.900946981602806216e-02 2.145205386967694238e-09
1.922958910226767182e-02 2.143709184724063531e-09
1.945225724971402087e-02 2.143461334726201367e-09
1.967750377278887700e-02 2.141826050106979494e-09
1.990535852767486361e-02 2.145550444352609696e-09
2.013585171627295042e-02 2.145524238324944906e-09
2.036901389020562281e-02 2.141520516953259406e-09
2.060487595486651738e-02 2.137271409056370429e-09
2.084346917351677028e-02 2.143176251925687302e-09
2.108482517142910850e-02 2.136875308476571707e-09
2.132897594007962527e-02 2.142089283549931306e-09
2.157595384138826650e-02 2.134602973055697255e-09
2.182579161200829884e-02 2.138327022240970790e-09
2.207852236766562337e-02 2.134386444932567712e-09
2.233417960754814635e-02 2.131577611693762834e-09
2.259279721874613012e-02 2.132924477543854896e-09
2.285440948074375644e-02 2.135760001155533343e-09
2.311905106996301265e-02 2.134219592052929654e-09
2.338675706435990737e-02 2.133458470940211329e-09
2.365756294807403598e-02 2.131500142563454778e-09
2.393150461613192254e-02 2.126900997601815298e-09
2.420861837920496376e-02 2.125951437405071851e-09
2.448894096842230139e-02 2.130895190728624969e-09
2.477250954023949708e-02 2.127485262133329447e-09
2.505936168136362052e-02 2.131450583930604502e-09
2.534953541373521912e-02 2.122919257204838793e-09
2.564306919956823791e-02 2.127641273885660639e-09
2.594000194644804219e-02 2.121717321260630330e-09
2.624037301248863946e-02 2.123641294992365949e-09
2.654422221154942307e-02 2.124086968592768288e-09
2.685158981851263130e-02 2.124073193130170170e-09
2.716251657462164654e-02 2.124159906024003405e-09
2.747704369288123810e-02 2.122007777056254277e-09
2.779521286352018214e-02 2.119192380194889391e-09
2.811706625951744878e-02 2.116067395130592991e-09
2.844264654219206059e-02 2.119529031575698046e-09
2.877199686685785740e-02 2.114707631092092669e-09
2.910516088854357350e-02 2.120145498224618298e-09
2.944218276777944496e-02 2.114809129015400415e-09
2.978310717645051356e-02 2.116943507884514177e-09
3.012797930371789723e-02 2.113511697610659227e-09
3.047684486200846407e-02 2.111274664624706386e-09
3.082975009307410696e-02 2.109639602553149667e-09
3.118674177412095530e-02 2.108737746990965919e-09
3.154786722400967913e-02 2.109694781547837500e-09
3.191317430952744089e-02 2.110768996533486472e-09
3.228271145173277484e-02 2.108386397327190932e-09
3.265652763237360950e-02 2.106445599178600701e-09
3.303467240037977898e-02 2.108881332891249142e-09
3.341719587843073463e-02 2.104449542692846081e-09
3.380414876959908499e-02 2.104251865380687111e-09
3.419558236407146262e-02 2.107349127144531806e-09
3.459154854594680834e-02 2.100271756998735010e-09
3.499209980011368931e-02 2.105025818829710360e-09
3.539728921920690108e-02 2.102556532776266162e-09
3.580717051064509493e-02 2.099173470594037120e-09
3.622179800374948633e-02 2.099906720284406934e-09
3.664122665694521247e-02 2.100622447927654987e-09
3.706551206504588025e-02 2.099140389960023738e-09
3.749471046662278262e-02 2.094464698534530919e-09
3.792887875145917187e-02 2.100403475081506424e-09
3.836807446809096384e-02 2.097983120688853338e-09
3.881235583143458762e-02 2.097214556920967495e-09
3.926178173050358378e-02 2.095904209341676427e-09
3.971641173621406201e-02 2.092892996252267076e-09
4.017630610928087792e-02 2.096615390189915377e-09
4.064152580820496602e-02 2.092488518163422572e-09
4.111213249735355679e-02 2.090318370862520924e-09
4.158818855513353452e-02 2.088241324999106465e-09
4.206975708225977467e-02 2.090272909424839810e-09
4.255690191011882867e-02 2.090337736673359064e-09
4.304968760923003068e-02 2.087812628570892857e-09
4.354817949780401959e-02 2.085162901834289922e-09
4.405244365040068139e-02 2.088727204547717433e-09
4.456254690668728924e-02 2.083824896294949114e-09
4.507855688029784730e-02 2.085194974555961844e-09
4.560054196779547708e-02 2.081857895033526784e-09
4.612857135773813788e-02 2.080723611495476352e-09
4.666271503984956853e-02 2.080014573743536583e-09
4.720304381429617224e-02 2.079526374948193923e-09
4.774962930107178732e-02 2.081362302689073436e-09
4.830254394949064223e-02 2.075358763265614361e-09
4.886186104779054878e-02 2.079585470044568631e-09
4.942765473284694427e-02 2.072041916719939858e-09
4.999999999999998890e-02 2.074974748909351387e-09
5.057897271299490599e-02 2.073810219646072210e-09
5.116464961403772299e-02 2.073916660434984733e-09
5.175710833396719723e-02 2.074843885248501269e-09
5.235642740254497357e-02 2.071617882132932352e-09
5.296268625886442483e-02 2.072005533858708124e-09
5.357596526188034003e-02 2.072398309934388569e-09
5.419634570106018900e-02 2.071199898838593764e-09
5.482390980715924622e-02 2.070546613606415286e-09
5.545874076312003881e-02 2.067573061455876041e-09
5.610092271509820039e-02 2.071296430084643833e-09
5.675054078361576465e-02 2.066330993370546243e-09
5.740768107484413296e-02 2.065247698798840040e-09
5.807243069201712543e-02 2.066023444628156474e-09
5.874487774697650933e-02 2.065359638195550616e-09
5.942511137185093467e-02 2.062379629077963146e-09
6.011322173087065707e-02 2.063898091403228207e-09
6.080930003231838077e-02 2.062508015436147617e-09
6.151343854061905314e-02 2.059758716556023608e-09
6.222573058856927658e-02 2.059269893902620542e-09
6.294627058970836408e-02 2.059738879746616523e-09
6.367515405083307156e-02 2.055770421861733786e-09
6.441247758465666606e-02 2.053162679221326827e-09
6.515833892261499449e-02 2.053939953717581311e-09
6.591283692782035075e-02 2.056389249675760025e-09
6.667607160816618750e-02 2.053817578349632217e-09
6.744814412958265171e-02 2.054626646759141654e-09
6.822915682944626081e-02 2.051274309684206491e-09
6.901921323014426068e-02 2.050325951061543879e-09
6.981841805279687119e-02 2.050907758063957982e-09
7.062687723113769689e-02 2.051151923181635834e-09
7.144469792555514787e-02 2.049701038901553514e-09
7.227198853729638328e-02 2.048339710454952368e-09
7.310885872283588716e-02 2.047050423359484134e-09
7.395541940841034168e-02 2.042213207114287533e-09
7.481178280472169928e-02 2.045113342421881614e-09
7.567806242181042420e-02 2.052321417289506066e-09
7.655437308410149855e-02 2.042718069684520799e-09
7.744083094562403957e-02 2.043558605124182778e-09
7.833755350540749784e-02 2.042301454291706167e-09
7.924465962305569933e-02 2.041662362996893895e-09
8.016226953450207582e-02 2.034523762540859704e-09
8.109050486794647239e-02 2.040486412159198844e-09
8.202948865997691796e-02 2.034579075554187781e-09
8.297934537187805215e-02 2.038686938793931515e-09
8.394020090612801244e-02 2.041072987085233635e-09
8.491218262308719567e-02 2.035291226185164413e-09
8.589541935787936566e-02 2.035923630698719852e-09
8.689004143746879849e-02 2.034984898140141725e-09
8.789618069793463107e-02 2.041798720019335974e-09
8.891397050194613239e-02 2.031806410636452378e-09
8.994354575643936922e-02 2.032405034174502622e-09
9.098504293049920755e-02 2.031287722661220046e-09
9.203860007344780159e-02 2.032955069358706867e-09
9.310435683314335908e-02 2.032909832830550050e-09
9.418245447449000163e-02 2.029993616577594327e-09
9.527303589816239759e-02 2.025966786635296608e-09
9.637624565954681921e-02 2.025776973367353792e-09
9.749222998790225969e-02 2.023049788673378956e-09
9.862113680574265129e-02 2.025781258199341789e-09
9.976311574844401453e-02 2.023503542486807197e-09
1.009183181840780652e-01 2.022434866734469608e-09
1.020868972334764563e-01 2.032174543325812398e-09
1.032690077905264459e-01 2.022003262886521082e-09
1.044648065427020295e-01 2.021805569427647662e-09
1.056744519918323688e-01 2.018679696077618113e-09
1.068981044751115966e-01 2.012500668018542315e-09
1.081359261863509835e-01 2.016687077492897673e-09
1.093880811974775741e-01 2.017311458119994063e-09
1.106547354802819155e-01 2.015491573718731685e-09
1.119360569284169882e-01 2.015403225439467084e-09
1.132322153796529590e-01 2.014852224043791425e-09
1.145433826383886050e-01 2.013151177459937724e-09
1.158697324984239718e-01 2.009820612136001221e-09
1.172114407659961138e-01 2.012218141610630143e-09
1.185686852830827448e-01 2.009758702866087656e-09
1.199416459509744931e-01 2.010307941295509786e-09
1.213305047541208409e-01 2.008181781948086501e-09
1.227354457842515373e-01 2.006275191355389718e-09
1.241566552647785093e-01 2.008048691422795388e-09
1.255943215754789510e-01 2.006757230419215622e-09
1.270486352774652938e-01 2.013161053248324646e-09
1.285197891384432245e-01 2.004666529259803132e-09
1.300079781582635929e-01 2.003794343369878459e-09
1.315133995947690426e-01 2.002746510195642174e-09
1.330362529899405399e-01 2.001897578300505172e-09
1.345767401963458010e-01 2.001359739857506025e-09
1.361350654038956109e-01 1.994526270023757318e-09
1.377114351669082859e-01 2.000097127712490317e-09
1.393060584314886052e-01 1.998562371084724314e-09
1.409191465632227414e-01 1.994627936817720474e-09
1.425509133751954594e-01 1.995448948668281242e-09
1.442015751563302528e-01 1.996756927279992552e-09
1.458713507000582721e-01 2.009883677091943930e-09
1.475604613333193205e-01 1.994199233372628442e-09
1.492691309458979987e-01 1.990741477074941361e-09
1.509975860201007714e-01 1.989259516311380943e-09
1.527460556607755926e-01 1.991717121721784527e-09
1.545147716256795589e-01 1.990900016971620130e-09
1.563039683561977533e-01 1.991640217076580459e-09
1.581138830084189428e-01 1.988191880511019399e-09
1.599447554845698227e-01 1.985540680857891223e-09
1.617968284648141630e-01 1.986982706635344810e-09
1.636703474394191060e-01 1.987043719032978531e-09
1.655655607412955255e-01 1.985652873009362300e-09
1.674827195789137801e-01 2.004424855066966276e-09
1.694220780696013284e-01 1.984569373651640295e-09
1.713838932732252018e-01 1.981721363956667000e-09
1.733684252262658043e-01 1.990653910961361914e-09
1.753759369762839249e-01 1.982219926766776086e-09
1.774066946167878189e-01 1.981129464231823998e-09
1.794609673225026625e-01 1.978770137917157135e-09
1.815390273850506775e-01 1.986787507788404620e-09
1.836411502490423175e-01 1.977669842339507861e-09
1.857676145485863684e-01 1.977490864356400946e-09
1.879187021442221273e-01 1.976568100569748920e-09
1.900946981602806007e-01 1.973796675990939340e-09
1.922958910226767459e-01 1.973559728281896851e-09
1.945225724971402226e-01 1.973366166418909597e-09
1.967750377278887908e-01 1.972935315276962743e-09
1.990535852767486569e-01 1.959431295329835172e-09
2.013585171627295112e-01 1.971774173760681396e-09
2.036901389020562836e-01 1.968347546902117798e-09
2.060487595486651669e-01 1.981499201023559479e-09
2.084346917351677098e-01 1.966663045894213808e-09
2.108482517142910850e-01 1.965966846631179377e-09
2.132897594007962250e-01 1.996692454734489019e-09
2.157595384138826511e-01 1.964533055418923656e-09
2.182579161200829954e-01 1.963339327616968837e-09
2.207852236766562615e-01 1.967032123360716039e-09
2.233417960754814635e-01 1.962944280783202196e-09
2.259279721874612734e-01 1.960063656822762168e-09
2.285440948074375644e-01 1.962622384450766308e-09
2.311905106996301196e-01 1.959517846691230410e-09
2.338675706435990320e-01 1.958737259596384660e-09
2.365756294807403459e-01 1.958311093872983425e-09
2.393150461613192115e-01 1.957030799461614671e-09
2.420861837920496862e-01 1.914795466041391447e-09
2.448894096842230417e-01 1.955751304632608884e-09
2.477250954023952345e-01 1.954599919964453885e-09
2.505936168136362330e-01 1.953874195558541475e-09
2.534953541373521912e-01 1.953201118156598497e-09
2.564306919956823583e-01 1.939707711523779649e-09
2.594000194644804358e-01 1.950053908346806907e-09
2.624037301248863807e-01 1.942680758382003113e-09
2.654422221154941752e-01 1.948339147144738844e-09
2.685158981851262783e-01 1.948494913588541845e-09
2.716251657462164792e-01 1.947403231272247862e-09
2.747704369288123671e-01 1.947589568349134688e-09
2.779521286352018006e-01 1.946802197663792779e-09
2.811706625951744809e-01 1.944524260158723733e-09
2.844264654219206268e-01 1.950033538209691008e-09
2.877199686685785740e-01 1.941886463080345483e-09
2.910516088854357419e-01 1.942684564547787104e-09
2.944218276777944010e-01 1.940878735423157345e-09
2.978310717645051287e-01 1.945864229268950765e-09
3.012797930371790001e-01 1.939244571276436366e-09
3.047684486200846199e-01 1.936255476503104525e-09
3.082975009307410419e-01 1.937780755826238511e-09
3.118674177412095183e-01 1.936904090370647248e-09
3.154786722400967358e-01 1.936146763411573488e-09
3.191317430952744783e-01 1.935575439733022912e-09
3.228271145173277623e-01 1.935803348728475858e-09
3.265652763237361089e-01 1.934382155759014186e-09
3.303467240037981645e-01 1.932313493051559810e-09
3.341719587843073880e-01 1.930447459424435678e-09
3.380414876959909054e-01 1.932365077297466543e-09
3.419558236407145846e-01 1.929550406961768699e-09
3.459154854594680417e-01 1.927822416522906274e-09
3.499209980011368515e-01 1.927542877871013864e-09
3.539728921920690108e-01 1.927380124723634879e-09
3.580717051064510326e-01 1.924221463277424510e-09
3.622179800374948910e-01 1.925448821059976865e-09
3.664122665694521941e-01 1.926329285057251161e-09
3.706551206504588025e-01 1.924725786139789094e-09
3.749471046662278817e-01 1.921752713962095647e-09
3.792887875145917742e-01 1.919784127332789777e-09
3.836807446809096245e-01 1.921051920149359010e-09
3.881235583143459178e-01 1.932300781601415252e-09
3.926178173050358100e-01 1.920142309268103254e-09
3.971641173621405785e-01 1.919797706482737317e-09
4.017630610928087931e-01 1.918717540852364095e-09
4.064152580820496463e-01 1.917036282446032011e-09
4.111213249735355402e-01 1.914903668722285216e-09
4.158818855513353729e-01 1.913852174395826695e-09
4.206975708225977328e-01 1.914592425971757774e-09
4.255690191011883283e-01 1.911144403287208140e-09
4.304968760923003068e-01 1.915649915880271371e-09
4.354817949780401820e-01 1.895551386499816591e-09
4.405244365040072441e-01 1.909280187940977952e-09
4.456254690668728924e-01 1.910546691643410309e-09
4.507855688029783758e-01 1.909555297846166360e-09
4.560054196779547708e-01 1.905235888978845556e-09
4.612857135773818507e-01 1.927654015243927554e-09
4.666271503984956714e-01 1.929407338809218913e-09
4.720304381429616947e-01 1.904508964671677450e-09
4.774962930107178871e-01 1.904889546751550361e-09
4.830254394949065055e-01 1.902962028402437916e-09
4.886186104779055572e-01 1.903688437424172961e-09
4.942765473284694289e-01 1.881555618344406062e-09
5.000000000000000000e-01 1.902088254843514154e-09
5.235642740254496941e-01 1.897613947095354497e-09
5.482390980715925455e-01 1.894552826995765039e-09
5.740768107484414129e-01 1.897076064123896592e-09
6.011322173087064735e-01 1.888172113054454363e-09
6.294627058970835298e-01 1.883087211287716456e-09
6.591283692782035075e-01 1.880376214577032637e-09
6.901921323014423848e-01 1.877543756643240598e-09
7.227198853729638328e-01 1.873533558964180427e-09
7.567806242181041032e-01 1.869885771365987884e-09
7.924465962305566880e-01 1.865617295851442297e-09
8.297934537187803272e-01 1.863509408812459361e-09
8.689004143746876796e-01 1.860500352806764278e-09
9.098504293049916036e-01 1.855588446095232420e-09
9.527303589816235041e-01 1.853016188247204554e-09
9.976311574844398677e-01 1.848284001420621061e-09
1.044648065427019601e+00 1.851350397070700691e-09
1.093880811974776268e+00 1.830366897569965254e-09
1.145433826383886355e+00 1.838739285152136527e-09
1.199416459509745181e+00 1.835369215833345341e-09
1.255943215754790065e+00 1.832828493036950877e-09
1.315133995947690648e+00 1.827293339862072590e-09
1.377114351669083137e+00 1.825112698333503570e-09
1.442015751563303194e+00 1.820697509583718050e-09
1.509975860201008047e+00 1.819842443722986605e-09
1.581138830084189539e+00 1.815056533120864756e-09
1.655655607412955588e+00 1.815263610532464999e-09
1.733684252262658321e+00 1.806439544950827379e-09
1.815390273850506997e+00 1.804659570809438621e-09
1.900946981602805730e+00 1.773013409430283027e-09
1.990535852767485903e+00 1.795047829599356074e-09
2.084346917351676876e+00 1.794109715144791962e-09
2.182579161200830065e+00 1.791595223480412785e-09
2.285440948074374923e+00 1.789594266059270220e-09
2.393150461613192004e+00 1.785838286313296067e-09
2.505936168136361886e+00 1.776339087282700489e-09
2.624037301248862697e+00 1.777195400316313873e-09
2.747704369288122450e+00 1.774818340213203246e-09
2.877199686685784741e+00 1.771146876225772962e-09
3.012797930371788890e+00 1.762090231678979416e-09
3.154786722400966248e+00 1.763231588980008933e-09
3.303467240037980091e+00 1.755484023488138484e-09
3.459154854594682416e+00 1.756792412786993450e-09
3.622179800374950354e+00 1.755426673960371056e-09
3.792887875145919185e+00 1.733508148298517576e-09
3.971641173621408338e+00 1.746988792677343936e-09
4.158818855513356283e+00 1.744971356622641703e-09
4.354817949780404263e+00 1.738411911673942892e-09
4.560054196779548263e+00 1.739902797263223336e-09
4.774962930107178316e+00 1.731496835308472123e-09
5.000000000000000000e+00 1.725459305606225018e-09
6.294627058970836408e+00 1.713072252868996601e-09
7.924465962305568212e+00 1.697469446437724940e-09
9.976311574844396901e+00 1.660715192194483185e-09
1.255943215754790110e+01 1.660410404094139935e-09
1.581138830084189451e+01 1.652495982766968689e-09
1.990535852767486347e+01 1.627231131530311268e-09
2.505936168136361886e+01 1.615530297486146829e-09
3.154786722400966426e+01 1.596021327966425439e-09
3.971641173621406296e+01 1.581884566582269217e-09
4.999999999999999289e+01 1.566049426262239986e-09
