3.012797930371789959e-05 4.775657564485709968e-14
3.082975009307410534e-05 2.868658246464731658e-13
3.154786722400964650e-05 1.581399238364913529e-12
3.228271145173280656e-05 3.989550627855220333e-12
3.303467240037981687e-05 7.555451338566180119e-12
3.380414876959908759e-05 1.230642399369239025e-11
3.459154854594680595e-05 1.825034385341159795e-11
3.539728921920685885e-05 2.538328321642203840e-11
3.622179800374952406e-05 3.366569304687913666e-11
3.706551206504588155e-05 4.303232789175619712e-11
3.792887875145917236e-05 5.339238747053862581e-11
3.881235583143463039e-05 6.467073453795058324e-11
3.971641173621410364e-05 7.668023060278060423e-11
4.064152580820496591e-05 8.927644891923144790e-11
4.158818855513353842e-05 1.022554170647333986e-10
4.255690191011878395e-05 1.154528261322548602e-10
4.354817949780398050e-05 1.284711692551865304e-10
4.456254690668729390e-05 1.412319809181040653e-10
4.560054196779547508e-05 1.533687070602893879e-10
4.666271503984952289e-05 1.646853092367398428e-10
4.774962930107183736e-05 1.749610135186490869e-10
4.886186104779054808e-05 1.838529966001556084e-10
4.999999999999998884e-05 1.912035528317753212e-10
5.057897271299490442e-05 1.942984070362171291e-10
5.116464961403767209e-05 1.969173955881714328e-10
5.175710833396714221e-05 1.990988708556305557e-10
5.235642740254491318e-05 2.008664383986275385e-10
5.296268625886447866e-05 2.022264268522287538e-10
5.357596526188034176e-05 2.031165650555683843e-10
5.419634570106018624e-05 2.035711962536043929e-10
5.482390980715924394e-05 2.037035154779873234e-10
5.545874076312003680e-05 2.033975194919627605e-10
5.610092271509813691e-05 2.027831333583733014e-10
5.675054078361570665e-05 2.018565117426336521e-10
5.740768107484407919e-05 2.007003054681452238e-10
5.807243069201718186e-05 1.993578054794432048e-10
5.874487774697651393e-05 1.978848434973888497e-10
5.942511137185093809e-05 1.963019351044347793e-10
6.011322173087065555e-05 1.948037804860593410e-10
6.080930003231838695e-05 1.933189729917912723e-10
6.151343854061905325e-05 1.921801504267507223e-10
6.222573058856921034e-05 1.911072750410450221e-10
6.294627058970830402e-05 1.905130008518765257e-10
6.367515405083314138e-05 1.904831172900414538e-10
6.441247758465673719e-05 1.908582506571154437e-10
6.515833892261499124e-05 1.920855952044552426e-10
6.591283692782035650e-05 1.940516697149949580e-10
6.667607160816619769e-05 1.967730776957469335e-10
6.744814412958265366e-05 2.005358263667120623e-10
6.822915682944618535e-05 2.053826414541122935e-10
6.901921323014417829e-05 2.114420797915788239e-10
6.981841805279679497e-05 2.186578648308596847e-10
7.062687723113775782e-05 2.272575565270202494e-10
7.144469792555517389e-05 2.371027823858715396e-10
7.227198853729638578e-05 2.484383305357405093e-10
7.310885872283590017e-05 2.611447110378190866e-10
7.395541940841035122e-05 2.752231550136685904e-10
7.481178280472162371e-05 2.907075087154264499e-10
7.567806242181034505e-05 3.075449725777433742e-10
7.655437308410142656e-05 3.255704188650558837e-10
7.744083094562412067e-05 3.449675814926384433e-10
7.833755350540748852e-05 3.653444162230737753e-10
7.924465962305569597e-05 3.867024317180877754e-10
8.016226953450208102e-05 4.087360263757334506e-10
8.109050486794647857e-05 4.313320028417203319e-10
8.202948865997692718e-05 4.543283314704429169e-10
8.297934537187796715e-05 4.775797862766919532e-10
8.394020090612792852e-05 5.006970295080222767e-10
8.491218262308728262e-05 5.233786130610595264e-10
8.589541935787945305e-05 5.453322405700160210e-10
8.689004143746881595e-05 5.668427021860169964e-10
8.789618069793464267e-05 5.866358343676510364e-10
8.891397050194613488e-05 6.050069277491134808e-10
8.994354575643936521e-05 6.217599080798768562e-10
9.098504293049911853e-05 6.364647620518038283e-10
9.203860007344770748e-05 6.492316940870125751e-10
9.310435683314326931e-05 6.595201523815221147e-10
9.418245447449009216e-05 6.672152609194523786e-10
9.527303589816239347e-05 6.723525933300308482e-10
9.637624565954680924e-05 6.747767407124349197e-10
9.749222998790225210e-05 6.745684154726183795e-10
9.862113680574265443e-05 6.718135157930131139e-10
9.976311574844392432e-05 6.667729302460029842e-10
1.009183181840780691e-04 6.594942276749237061e-10
1.020868972334764650e-04 6.502102505041842111e-10
1.032690077905264333e-04 6.395358507274414146e-10
1.044648065427019099e-04 6.275269965530261787e-10
1.056744519918323676e-04 6.151783558849906653e-10
1.068981044751116051e-04 6.027043863913704083e-10
1.081359261863509824e-04 5.905618401592900702e-10
1.093880811974775783e-04 5.797288479286712642e-10
1.106547354802819166e-04 5.706844634870305919e-10
1.119360569284169843e-04 5.637440024274018248e-10
1.132322153796529580e-04 5.599933164993987899e-10
1.145433826383886026e-04 5.596473872989575990e-10
1.158697324984239615e-04 5.633952827623893045e-10
1.172114407659961296e-04 5.714601914130049440e-10
1.185686852830827555e-04 5.843966404491824326e-10
1.199416459509744813e-04 6.021916856781670499e-10
1.213305047541206945e-04 6.249070360097425706e-10
1.227354457842515364e-04 6.524614445394435825e-10
1.241566552647784948e-04 6.844842807114571531e-10
1.255943215754789502e-04 7.205794642134485372e-10
1.270486352774653110e-04 7.600613548139854822e-10
1.285197891384432108e-04 8.021451295360732560e-10
1.300079781582635788e-04 8.459391934428402606e-10
1.315133995947690435e-04 8.902082468715201333e-10
1.330362529899403897e-04 9.338770372778240145e-10
1.345767401963458333e-04 9.757234489165318272e-10
1.361350654038956344e-04 1.014751498932286741e-09
1.377114351669082826e-04 1.049269765360548512e-09
1.393060584314884456e-04 1.078272646193354998e-09
1.409191465632227234e-04 1.101707252927175741e-09
1.425509133751954596e-04 1.117516704689861231e-09
1.442015751563302474e-04 1.126197133273061799e-09
1.458713507000582675e-04 1.126612703573059112e-09
1.475604613333193142e-04 1.119883757412613437e-09
1.492691309458979746e-04 1.106372419660543690e-09
1.509975860201007907e-04 1.086156371126401475e-09
1.527460556607755941e-04 1.061246655788733588e-09
1.545147716256795760e-04 1.032713053317812115e-09
1.563039683561977700e-04 1.002798732737444242e-09
1.581138830084189426e-04 9.730467734984147647e-10
1.599447554845698401e-04 9.458783111098192984e-10
1.617968284648140247e-04 9.231450535282700771e-10
1.636703474394191234e-04 9.069077674842342021e-10
1.655655607412955237e-04 8.988730636478894581e-10
1.674827195789137550e-04 9.006680390701472573e-10
1.694220780696013395e-04 9.126608782138363550e-10
1.713838932732251867e-04 9.356996447125021652e-10
1.733684252262658175e-04 9.692983777524669097e-10
1.753759369762839622e-04 1.012520053166441956e-09
1.774066946167876340e-04 1.063526878024583411e-09
1.794609673225026631e-04 1.120237422555781231e-09
1.815390273850506729e-04 1.179812617957816975e-09
1.836411502490422785e-04 1.239387715202634490e-09
1.857676145485863753e-04 1.295589006703254923e-09
1.879187021442221307e-04 1.345099372815803996e-09
1.900946981602805912e-04 1.384756100580587816e-09
1.922958910226767171e-04 1.412364333599833701e-09
1.945225724971401946e-04 1.426656578998256132e-09
1.967750377278885748e-04 1.426097601630203960e-09
1.990535852767486220e-04 1.412085421698545593e-09
2.013585171627295032e-04 1.385308888322857874e-09
2.036901389020562758e-04 1.348778322732926711e-09
2.060487595486651640e-04 1.305854636491640388e-09
2.084346917351676985e-04 1.261129972688607518e-09
2.108482517142910915e-04 1.218641564012754029e-09
2.132897594007962310e-04 1.184068783101049007e-09
2.157595384138824807e-04 1.161209874237389443e-09
2.182579161200830003e-04 1.153131971345718027e-09
2.207852236766562250e-04 1.162777403352756778e-09
2.233417960754814700e-04 1.190071738676903417e-09
2.259279721874612654e-04 1.234120754009332130e-09
2.285440948074375482e-04 1.291766004413644198e-09
2.311905106996301417e-04 1.358663401966845647e-09
2.338675706435990400e-04 1.428743337383416750e-09
2.365756294807401202e-04 1.495767110706565318e-09
2.393150461613192416e-04 1.553345221073509026e-09
2.420861837920496669e-04 1.596547879944120950e-09
2.448894096842230486e-04 1.619475291210413373e-09
2.477250954023952571e-04 1.621205511095025298e-09
2.505936168136362096e-04 1.601916448275432122e-09
2.534953541373521587e-04 1.564571930299887115e-09
2.564306919956823639e-04 1.513940885577280621e-09
2.594000194644803916e-04 1.458419684582970233e-09
2.624037301248860888e-04 1.406002654841162135e-09
2.654422221154941939e-04 1.365346756915661133e-09
2.685158981851263043e-04 1.342990085649007561e-09
2.716251657462165044e-04 1.344471003417997061e-09
2.747704369288123854e-04 1.371076147660073756e-09
2.779521286352018127e-04 1.421075099492338069e-09
2.811706625951744943e-04 1.488580788989957099e-09
2.844264654219205712e-04 1.564853837587248749e-09
2.877199686685782661e-04 1.639254578940129999e-09
2.910516088854357393e-04 1.701157718155454777e-09
2.944218276777944170e-04 1.741597484744736125e-09
2.978310717645051204e-04 1.754397121361461381e-09
3.012797930371790027e-04 1.738194378831027988e-09
3.047684486200846234e-04 1.696527161268375898e-09
3.082975009307410263e-04 1.638170572581198279e-09
3.118674177412095313e-04 1.574844224931010050e-09
3.154786722400964379e-04 1.519861010790623689e-09
3.191317430952743915e-04 1.486179944549500681e-09
3.228271145173277267e-04 1.482310898225980172e-09
3.265652763237360972e-04 1.510800879984524263e-09
3.303467240037981823e-04 1.568564867244725477e-09
3.341719587843073962e-04 1.644981279004818545e-09
3.380414876959908759e-04 1.725687763800371530e-09
3.419558236407145655e-04 1.794741841389317125e-09
3.459154854594681137e-04 1.837352029253298286e-09
3.499209980011365223e-04 1.844733843319414423e-09
3.539728921920690086e-04 1.816249420083435134e-09
3.580717051064509905e-04 1.760484761076044736e-09
3.622179800374948611e-04 1.691640446306624401e-09
3.664122665694521551e-04 1.629475941242271373e-09
3.706551206504588155e-04 1.591549862704051092e-09
3.749471046662278739e-04 1.590843800173115906e-09
3.792887875145917100e-04 1.629865082596959880e-09
3.836807446809091808e-04 1.700315921996884102e-09
3.881235583143459109e-04 1.784447909594826640e-09
3.926178173050358226e-04 1.859694488967919057e-09
3.971641173621406028e-04 1.905520373339769481e-09
4.017630610928087857e-04 1.909387426620397775e-09
4.064152580820496862e-04 1.871133947665728517e-09
4.111213249735355181e-04 1.804536535495451436e-09
4.158818855513353300e-04 1.740867558443537353e-09
4.206975708225972935e-04 1.681515705236586679e-09
4.255690191011882867e-04 1.670671793389341223e-09
4.304968760923003155e-04 1.710087462923905717e-09
4.354817949780401981e-04 1.780859779668021445e-09
4.405244365040072822e-04 1.868759832629638119e-09
4.456254690668728577e-04 1.946308375205809125e-09
4.507855688029784470e-04 1.963286128774328516e-09
4.560054196779547643e-04 1.942777624720997618e-09
4.612857135773813463e-04 1.874736158091245103e-09
4.666271503984952018e-04 1.798830223648920980e-09
4.720304381429617636e-04 1.749207890818488920e-09
4.774962930107178993e-04 1.733192559185630055e-09
4.830254394949065502e-04 1.782712798147826806e-09
4.886186104779055486e-04 1.865659569629039165e-09
4.942765473284694211e-04 1.948570951539819785e-09
4.999999999999999020e-04 1.997809454723229816e-09
5.057897271299491120e-04 1.992845733932828571e-09
5.116464961403766531e-04 1.938078348728600116e-09
5.175710833396719507e-04 1.849784409920762504e-09
5.235642740254497010e-04 1.765890578950976669e-09
5.296268625886442309e-04 1.787935179525641040e-09
5.357596526188034176e-04 1.855059807537384659e-09
5.419634570106019031e-04 1.941675474038782694e-09
5.482390980715924666e-04 1.974374110847753819e-09
5.545874076312004358e-04 2.031856268171779247e-09
5.610092271509814097e-04 1.985390176661064656e-09
5.675054078361570394e-04 1.932564224546432361e-09
5.740768107484413340e-04 1.856832150622350996e-09
5.807243069201711546e-04 1.838755448387411772e-09
5.874487774697650716e-04 1.894207163952170513e-09
5.942511137185093944e-04 1.970638551583103424e-09
6.011322173087063929e-04 2.053504216265508428e-09
6.080930003231838424e-04 2.038625805461272561e-09
6.151343854061905054e-04 1.978865574347943912e-09
6.222573058856920762e-04 1.870069514656437094e-09
6.294627058970836365e-04 1.824196966501854961e-09
6.367515405083307633e-04 1.922369851348683045e-09
6.441247758465673719e-04 1.996135115205789663e-09
6.515833892261498582e-04 2.069330860737981212e-09
6.591283692782036463e-04 2.066672712254288992e-09
6.667607160816619227e-04 2.006166333320854604e-09
6.744814412958264824e-04 1.883664609052387834e-09
6.822915682944617451e-04 1.889684071243753492e-09
6.901921323014424334e-04 1.932021452374475881e-09
6.981841805279687899e-04 2.028548752400021952e-09
7.062687723113776324e-04 2.079227716928460674e-09
7.144469792555517389e-04 2.078743234299340216e-09
7.227198853729638849e-04 1.945479970947976959e-09
7.310885872283591101e-04 1.921286601244230852e-09
7.395541940841035122e-04 1.957535278402639283e-09
7.481178280472162642e-04 2.066231808787487025e-09
7.567806242181033963e-04 2.099852084068030105e-09
7.655437308410150245e-04 2.073489462048573704e-09
7.744083094562404478e-04 1.986162865386982737e-09
7.833755350540749394e-04 1.940585381316477292e-09
7.924465962305569326e-04 2.002952369280883510e-09
8.016226953450207018e-04 2.087326997384254253e-09
8.109050486794647586e-04 2.113077856158157460e-09
8.202948865997692447e-04 2.055663603317335698e-09
8.297934537187796715e-04 1.977965107136771672e-09
8.394020090612802068e-04 1.989511857103535787e-09
8.491218262308720130e-04 2.074546673803001216e-09
8.589541935787945847e-04 2.125479740811970896e-09
8.689004143746880239e-04 2.085537085923047494e-09
8.789618069793463453e-04 1.959957997999836443e-09
8.891397050194612675e-04 1.969247045697474936e-09
8.994354575643935708e-04 2.061386475511409135e-09
9.098504293049911040e-04 2.124146469510353893e-09
9.203860007344780506e-04 2.077454865473762895e-09
9.310435683314336689e-04 1.995651452848495574e-09
9.418245447449009487e-04 2.018788287023704323e-09
9.527303589816240974e-04 2.097568038164052138e-09
9.637624565954682008e-04 2.173612798234211308e-09
9.749222998790226836e-04 2.063258425046218388e-09
9.862113680574266256e-04 2.012221958731648346e-09
9.976311574844392432e-04 2.059603088504988620e-09
1.009183181840779715e-03 2.134470033272746609e-09
1.020868972334764650e-03 2.102533208508720541e-09
1.032690077905264224e-03 2.064406232415347811e-09
1.044648065427020156e-03 2.069360246718548096e-09
1.056744519918323541e-03 2.122712117846134117e-09
1.068981044751116105e-03 2.141136472728533525e-09
1.081359261863509879e-03 2.070913366808206721e-09
1.093880811974775810e-03 2.015127700112856738e-09
1.106547354802818028e-03 2.132316295209672576e-09
1.119360569284169734e-03 2.143062428640613149e-09
1.132322153796529608e-03 2.080864289947072922e-09
1.145433826383887056e-03 2.032574095073655765e-09
1.158697324984239588e-03 2.140592367529962961e-09
1.172114407659961052e-03 2.157183155967333424e-09
1.185686852830827474e-03 2.060586976739517900e-09
1.199416459509744732e-03 2.078278814983872643e-09
1.213305047541206891e-03 2.160710289190336929e-09
1.227354457842515364e-03 2.118618458350974954e-09
1.241566552647784894e-03 2.056368023067508180e-09
1.255943215754790803e-03 2.121452063451789567e-09
1.270486352774652947e-03 2.151206631827515087e-09
1.285197891384432054e-03 2.078727266510173753e-09
1.300079781582635843e-03 2.074587757588814338e-09
1.315133995947690435e-03 2.164903639557680390e-09
1.330362529899403951e-03 2.115900654999399286e-09
1.345767401963456761e-03 2.080148972690384945e-09
1.361350654038956127e-03 2.156254251971040689e-09
1.377114351669082772e-03 2.132351391873357470e-09
1.393060584314885974e-03 2.064365459043993883e-09
1.409191465632227396e-03 2.132295109902148774e-09
1.425509133751954758e-03 2.171778496244555825e-09
1.442015751563302745e-03 2.085997642382775506e-09
1.458713507000582730e-03 2.130305901126465099e-09
1.475604613333191895e-03 2.174748702174358971e-09
1.492691309458979909e-03 2.103430871912009366e-09
1.509975860201007635e-03 2.132438997777399424e-09
1.527460556607757513e-03 2.167991257320210995e-09
1.545147716256795815e-03 2.092981852869228688e-09
1.563039683561977646e-03 2.144728741710101688e-09
1.581138830084189480e-03 2.171123079605526990e-09
1.599447554845698401e-03 2.105751055636865314e-09
1.617968284648140355e-03 2.171190418031000813e-09
1.636703474394191234e-03 2.138702510585575922e-09
1.655655607412955237e-03 2.108411646086117456e-09
1.674827195789139285e-03 2.167804858274272566e-09
1.694220780696013449e-03 2.113986252412538535e-09
1.713838932732251975e-03 2.141861275026527556e-09
1.733684252262658121e-03 2.167341270112411938e-09
1.753759369762839405e-03 2.104916826390474508e-09
1.774066946167876177e-03 2.176667849214882585e-09
1.794609673225024517e-03 2.118780187368933496e-09
1.815390273850506567e-03 2.142239038218682786e-09
1.836411502490422785e-03 2.179041324656868486e-09
1.857676145485863536e-03 2.110768318871920553e-09
1.879187021442221524e-03 2.179325609231703322e-09
1.900946981602806129e-03 2.122267207103898124e-09
1.922958910226767442e-03 2.175899637055024384e-09
1.945225724971402217e-03 2.139140373355163174e-09
1.967750377278885965e-03 2.147362903109640353e-09
1.990535852767486274e-03 2.172063115577363345e-09
2.013585171627295303e-03 2.130118580042122481e-09
2.036901389020564709e-03 2.182586713212644629e-09
2.060487595486651478e-03 2.120920042502034333e-09
2.084346917351677202e-03 2.188614644950330560e-09
2.108482517142910590e-03 2.126098653003702818e-09
2.132897594007962527e-03 2.188940457760453235e-09
2.157595384138824915e-03 2.124606415349491276e-09
2.182579161200830058e-03 2.177193942710818292e-09
2.207852236766562250e-03 2.129182101400090589e-09
2.233417960754816977e-03 2.186726983441347363e-09
2.259279721874612491e-03 2.129294626374265071e-09
2.285440948074375211e-03 2.184135411556175602e-09
2.311905106996301092e-03 2.130261197714762611e-09
2.338675706435990129e-03 2.188135744689302093e-09
2.365756294807400822e-03 2.130970078073452594e-09
2.393150461613189652e-03 2.183445363481178805e-09
2.420861837920496723e-03 2.140873654203525281e-09
2.448894096842230052e-03 2.179232269249930519e-09
2.477250954023952137e-03 2.157156269741725834e-09
2.505936168136361879e-03 2.158269670686355400e-09
2.534953541373521912e-03 2.180105393982208946e-09
2.564306919956823531e-03 2.145922587508175199e-09
2.594000194644804132e-03 2.188294523661684525e-09
2.624037301248860997e-03 2.142315440686014026e-09
2.654422221154941613e-03 2.174240418304245768e-09
2.685158981851263043e-03 2.169345361370055701e-09
2.716251657462167429e-03 2.143524003083413020e-09
2.747704369288123637e-03 2.188802535160415086e-09
2.779521286352018561e-03 2.151378898148499849e-09
2.811706625951745052e-03 2.164752527584062162e-09
2.844264654219206146e-03 2.182201345144707666e-09
2.877199686685782878e-03 2.145870494669918113e-09
2.910516088854357610e-03 2.170373736549005313e-09
2.944218276777944496e-03 2.173414966795930638e-09
2.978310717645054565e-03 2.142064131106010311e-09
3.012797930371789810e-03 2.175613889696513488e-09
3.047684486200846234e-03 2.182890205461593748e-09
3.082975009307410696e-03 2.149255045201291334e-09
3.118674177412095096e-03 2.157698587789877038e-09
3.154786722400964270e-03 2.186803962622072997e-09
3.191317430952740879e-03 2.163712236551969392e-09
3.228271145173277484e-03 2.150962677601702032e-09
3.265652763237360864e-03 2.176264659132707917e-09
3.303467240037981714e-03 2.185261758777770275e-09
3.341719587843073637e-03 2.149209586637257174e-09
3.380414876959908759e-03 2.149572274702168609e-09
3.419558236407145655e-03 2.183791014795243058e-09
3.459154854594680920e-03 2.184126335991568175e-09
3.499209980011365115e-03 2.163494606540424624e-09
3.539728921920689761e-03 2.146151166467649393e-09
3.580717051064509580e-03 2.149989734725483255e-09
3.622179800374952623e-03 2.173817487407026214e-09
3.664122665694521767e-03 2.187552933378201054e-09
3.706551206504587938e-03 2.171952692202654503e-09
3.749471046662278956e-03 2.154598832947124523e-09
3.792887875145917534e-03 2.146910063151891324e-09
3.836807446809092567e-03 2.161799813096418586e-09
3.881235583143459109e-03 2.161369884510291455e-09
3.926178173050358551e-03 2.172439251441495564e-09
3.971641173621410364e-03 2.184533157936711821e-09
4.017630610928087966e-03 2.172664408094489599e-09
4.064152580820497296e-03 2.166388829596736176e-09
4.111213249735355506e-03 2.165774531972448333e-09
4.158818855513353625e-03 2.158077220506035680e-09
4.206975708225972610e-03 2.151262931387570142e-09
4.255690191011878530e-03 2.149289251234650504e-09
4.304968760923003589e-03 2.148983867104638138e-09
4.354817949780402306e-03 2.143158848037798460e-09
4.405244365040072822e-03 2.146804680561959039e-09
4.456254690668728577e-03 2.147684127420372496e-09
4.507855688029784036e-03 2.149401207413656296e-09
4.560054196779547535e-03 2.143574445538320997e-09
4.612857135773812921e-03 2.149372390905538697e-09
4.666271503984951476e-03 2.154322625896365658e-09
4.720304381429616877e-03 2.160597108397760990e-09
4.774962930107178559e-03 2.165589612547166919e-09
4.830254394949069947e-03 2.169208721771959305e-09
4.886186104779055052e-03 2.177109349293728317e-09
4.942765473284694427e-03 2.173726505073304479e-09
4.999999999999999237e-03 2.177703614129244042e-09
5.057897271299490252e-03 2.153167039423576675e-09
5.116464961403772820e-03 2.144293004130494512e-09
5.175710833396719723e-03 2.158622815938960387e-09
5.235642740254497010e-03 2.166682932390431027e-09
5.296268625886442309e-03 2.170800287732963300e-09
5.357596526188034176e-03 2.166249411173230069e-09
5.419634570106018380e-03 2.151283486759063838e-09
5.482390980715924449e-03 2.150246856869509087e-09
5.545874076312003707e-03 2.168421521881892961e-09
5.610092271509814314e-03 2.167473320945961335e-09
5.675054078361577332e-03 2.152539447131990202e-09
5.740768107484413990e-03 2.156237002451044790e-09
5.807243069201712196e-03 2.167247568828189958e-09
5.874487774697644861e-03 2.152155401670877460e-09
5.942511137185094161e-03 2.151561206904074080e-09
6.011322173087065013e-03 2.168701312760373267e-09
6.080930003231838424e-03 2.150019898313608640e-09
6.151343854061904620e-03 2.155992801955148683e-09
6.222573058856926617e-03 2.169880604390325768e-09
6.294627058970836582e-03 2.146554908409410626e-09
6.367515405083306983e-03 2.165822014827464449e-09
6.441247758465666780e-03 2.146142037574948997e-09
6.515833892261499449e-03 2.164514929833749770e-09
6.591283692782035596e-03 2.147295032664570237e-09
6.667607160816618576e-03 2.157879540789908284e-09
6.744814412958264824e-03 2.149010367165425749e-09
6.822915682944625040e-03 2.161519244192663496e-09
6.901921323014425201e-03 2.145360311987445825e-09
6.981841805279687466e-03 2.164090758625299228e-09
7.062687723113769168e-03 2.145240839956725577e-09
7.144469792555517389e-03 2.152868845637250798e-09
7.227198853729638849e-03 2.157670431337076774e-09
7.310885872283590450e-03 2.140996666778650366e-09
7.395541940841034688e-03 2.154812887870462160e-09
7.481178280472170448e-03 2.156451298867505300e-09
7.567806242181043287e-03 2.142046243678859162e-09
7.655437308410150896e-03 2.149085872372101372e-09
7.744083094562405345e-03 2.158322925259262960e-09
7.833755350540741805e-03 2.150171055540172592e-09
7.924465962305568892e-03 2.139733309369523840e-09
8.016226953450207235e-03 2.143789484888590537e-09
8.109050486794647586e-03 2.153535839268822452e-09
8.202948865997691796e-03 2.153610747559223072e-09
8.297934537187804521e-03 2.153491860884739757e-09
8.394020090612802285e-03 2.147753802433285076e-09
8.491218262308719913e-03 2.142976477744250358e-09
8.589541935787937607e-03 2.138262757428865307e-09
8.689004143746880890e-03 2.138140693595874264e-09
8.789618069793463453e-03 2.137256821971815380e-09
8.891397050194612892e-03 2.137564571920455403e-09
8.994354575643934840e-03 2.136070877761348829e-09
9.098504293049919714e-03 2.137146264319369339e-09
9.203860007344778771e-03 2.137483324572212969e-09
9.310435683314336255e-03 2.141255597692029141e-09
9.418245447448998428e-03 2.145062027693990210e-09
9.527303589816240106e-03 2.149184219148210761e-09
9.637624565954681574e-03 2.146350492414816949e-09
9.749222998790225969e-03 2.138666773171972437e-09
9.862113680574265823e-03 2.134590744185294592e-09
9.976311574844402841e-03 2.140889261615099975e-09
1.009183181840780756e-02 2.147428126192234152e-09
1.020868972334764563e-02 2.137280152733908369e-09
1.032690077905264354e-02 2.134309485433544308e-09
1.044648065427019115e-02 2.143442618306082875e-09
1.056744519918323584e-02 2.134377887544199336e-09
1.068981044751115932e-02 2.137766178511803327e-09
1.081359261863509835e-02 2.138289758944140170e-09
1.093880811974775637e-02 2.133632032773200292e-09
1.106547354802819329e-02 2.141084603845151592e-09
1.119360569284169951e-02 2.131720654068677223e-09
1.132322153796529694e-02 2.138697726112175111e-09
1.145433826383886189e-02 2.134383457782903598e-09
1.158697324984239718e-02 2.131119667016539398e-09
1.172114407659961138e-02 2.138915901663911262e-09
1.185686852830827517e-02 2.129539549407076866e-09
1.199416459509744862e-02 2.130384693569382617e-09
1.213305047541208236e-02 2.137879388224537502e-09
1.227354457842515234e-02 2.134479309865121462e-09
1.241566552647785024e-02 2.127584842252690183e-09
1.255943215754789545e-02 2.126220428991387430e-09
1.270486352774653077e-02 2.129952475455877883e-09
1.285197891384432141e-02 2.131930822747544130e-09
1.300079781582635929e-02 2.133730145082695683e-09
1.315133995947690565e-02 2.133718202027934803e-09
1.330362529899405295e-02 2.132675975989808540e-09
1.345767401963458149e-02 2.132593487586991741e-09
1.361350654038956040e-02 2.131760698717869952e-09
1.377114351669082859e-02 2.128993369322798840e-09
1.393060584314884456e-02 2.125437035890881977e-09
1.409191465632227309e-02 2.121335057594651789e-09
1.425509133751954628e-02 2.123133413443684391e-09
1.442015751563302701e-02 2.127530615657046873e-09
1.458713507000582686e-02 2.125941555656740669e-09
1.475604613333193239e-02 2.119525933699936575e-09
1.492691309458979952e-02 2.124718575011408517e-09
1.509975860201007852e-02 2.122170437681747151e-09
1.527460556607755995e-02 2.120638544955530627e-09
1.545147716256795728e-02 2.124303228634615884e-09
1.563039683561977602e-02 2.116374183639434854e-09
1.581138830084189567e-02 2.122538237953699519e-09
1.599447554845698227e-02 2.121425553337256058e-09
1.617968284648142047e-02 2.116182712575396544e-09
1.636703474394191060e-02 2.121419229000945301e-09
1.655655607412955324e-02 2.119357081077439795e-09
1.674827195789137593e-02 2.113274127852862961e-09
1.694220780696013146e-02 2.114904236489171346e-09
1.713838932732252018e-02 2.116822006197367795e-09
1.733684252262658251e-02 2.118080209161323329e-09
1.753759369762839665e-02 2.118802668593824667e-09
1.774066946167878259e-02 2.118473621367677405e-09
1.794609673225026208e-02 2.117538289582541531e-09
1.815390273850506567e-02 2.115323676939043316e-09
1.836411502490422828e-02 2.110204917179366233e-09
1.857676145485861671e-02 2.110989666553997358e-09
1.879187021442221134e-02 2.109490699617345977e-09
1.900946981602805869e-02 2.113862304674619623e-09
1.922958910226767182e-02 2.111402545248277881e-09
1.945225724971402087e-02 2.107969963012576838e-09
1.967750377278887700e-02 2.112698263883473656e-09
1.990535852767486361e-02 2.105702489723428032e-09
2.013585171627295042e-02 2.111768096696099860e-09
2.036901389020562628e-02 2.104766311205238408e-09
2.060487595486651738e-02 2.108437460710227683e-09
2.084346917351677028e-02 2.110356441607805435e-09
2.108482517142910850e-02 2.104056874638037456e-09
2.132897594007962527e-02 2.103006598910891728e-09
2.157595384138826650e-02 2.105988635696692770e-09
2.182579161200829884e-02 2.106562475395559605e-09
2.207852236766562337e-02 2.106469898110822501e-09
2.233417960754814982e-02 2.105260415421971005e-09
2.259279721874613012e-02 2.103453362313507009e-09
2.285440948074375644e-02 2.100405161612695037e-09
2.311905106996301265e-02 2.098819132128820907e-09
2.338675706435990390e-02 2.100358060907688877e-09
2.365756294807403598e-02 2.102947619580222598e-09
2.393150461613192254e-02 2.098235178523315535e-09
2.420861837920496376e-02 2.100337419588458508e-09
2.448894096842230139e-02 2.096861173459765812e-09
2.477250954023949708e-02 2.100297231821300481e-09
2.505936168136362052e-02 2.094825288812231300e-09
2.534953541373521912e-02 2.097239009095963578e-09
2.564306919956823791e-02 2.098596318435442793e-09
2.594000194644804219e-02 2.096216155056922392e-09
2.624037301248863946e-02 2.087816000090932275e-09
2.654422221154941960e-02 2.092960249467707472e-09
2.685158981851263130e-02 2.092942666949573087e-09
2.716251657462164654e-02 2.099745642140855848e-09
2.747704369288123810e-02 2.095828332403598257e-09
2.779521286352018214e-02 2.090756805851902622e-09
2.811706625951744878e-02 2.088804821182391851e-09
2.844264654219206059e-02 2.092724539303473130e-09
2.877199686685785740e-02 2.088401835175620733e-09
2.910516088854357350e-02 2.090447539792154901e-09
2.944218276777944496e-02 2.086376344084087453e-09
2.978310717645051356e-02 2.089166986487964998e-09
3.012797930371790070e-02 2.089681987547978314e-09
3.047684486200846407e-02 2.087108848066102484e-09
3.082975009307410696e-02 2.086637455827686928e-09
3.118674177412095530e-02 2.084230405108554627e-09
3.154786722400967913e-02 2.086062216249247218e-09
3.191317430952744089e-02 2.087336299326388374e-09
3.228271145173277484e-02 2.084023254752378241e-09
3.265652763237360950e-02 2.081411382053503682e-09
3.303467240037977898e-02 2.084673404650011785e-09
3.341719587843073463e-02 2.080449890466064486e-09
3.380414876959908499e-02 2.082926297634333781e-09
3.419558236407146262e-02 2.080878093874784814e-09
3.459154854594680834e-02 2.078340389376492721e-09
3.499209980011368931e-02 2.078649585304553596e-09
3.539728921920690108e-02 2.077730726094944605e-09
3.580717051064509493e-02 2.078286273714641066e-09
3.622179800374948633e-02 2.076188076565224087e-09
3.664122665694521247e-02 2.075862956916791239e-09
3.706551206504588025e-02 2.078818738137964572e-09
3.749471046662278262e-02 2.077462361998121924e-09
3.792887875145917187e-02 2.073676955104693355e-09
3.836807446809096384e-02 2.073100075046025807e-09
3.881235583143458762e-02 2.072345313254791285e-09
3.926178173050358378e-02 2.074851834558134315e-09
3.971641173621406201e-02 2.073707828334083391e-09
4.017630610928087792e-02 2.073506375451277782e-09
4.064152580820496602e-02 2.079409977569734956e-09
4.111213249735355679e-02 2.069318771517223516e-09
4.158818855513353452e-02 2.071127956431595025e-09
4.206975708225977467e-02 2.069646473838381059e-09
4.255690191011882867e-02 2.068933665364949087e-09
4.304968760923003068e-02 2.067103110427089506e-09
4.354817949780401959e-02 2.065637824611917093e-09
4.405244365040068139e-02 2.067830643186776838e-09
4.456254690668728924e-02 2.068378741004172880e-09
4.507855688029784730e-02 2.067547898156145048e-09
4.560054196779547708e-02 2.063782107599366944e-09
4.612857135773813788e-02 2.061515548429432129e-09
4.666271503984956853e-02 2.064249108862958922e-09
4.720304381429617224e-02 2.064262310622031772e-09
4.774962930107178732e-02 2.061236207441474613e-09
4.830254394949064223e-02 2.061740436216297881e-09
4.886186104779054878e-02 2.061393708030209823e-09
4.942765473284694427e-02 2.059682324827110134e-09
4.999999999999998890e-02 2.059982119311248981e-09
5.057897271299490599e-02 2.060661635580482411e-09
5.116464961403772299e-02 2.057828137747169986e-09
5.175710833396719723e-02 2.059083944139967065e-09
5.235642740254497357e-02 2.057179192163320941e-09
5.296268625886442483e-02 2.058276260601404908e-09
5.357596526188034003e-02 2.055754385946934498e-09
5.419634570106018207e-02 2.056917633037032864e-09
5.482390980715924622e-02 2.056380525982118208e-09
5.545874076312003881e-02 2.046628402418248769e-09
5.610092271509820039e-02 2.053797822428108337e-09
5.675054078361576465e-02 2.053967280281820820e-09
5.740768107484413296e-02 2.053388928579461299e-09
5.807243069201711849e-02 2.052897296051910137e-09
5.874487774697650933e-02 2.051967912658169190e-09
5.942511137185093467e-02 2.049776225014033082e-09
6.011322173087065013e-02 2.050834663506298382e-09
6.080930003231838771e-02 2.047630674606959857e-09
6.151343854061904620e-02 2.048539535771161602e-09
6.222573058856927658e-02 2.047347023686468052e-09
6.294627058970836408e-02 2.047500494066905160e-09
6.367515405083307156e-02 2.046271592122940076e-09
6.441247758465666606e-02 2.046404005925843242e-09
6.515833892261499449e-02 2.049771909432022299e-09
6.591283692782035075e-02 2.045401501113237506e-09
6.667607160816618750e-02 2.044014213258951607e-09
6.744814412958265171e-02 2.041967788071803539e-09
6.822915682944626081e-02 2.043968598589860431e-09
6.901921323014426068e-02 2.046392309737341778e-09
6.981841805279687119e-02 2.040933204695942480e-09
7.062687723113769689e-02 2.041009490724754321e-09
7.144469792555516174e-02 2.038089340611692925e-09
7.227198853729638328e-02 2.035445040207943970e-09
7.310885872283590103e-02 2.040003035201973065e-09
7.395541940841034168e-02 2.037179990499188969e-09
7.481178280472169928e-02 2.037936631612746778e-09
7.567806242181042420e-02 2.037767288487444219e-09
7.655437308410149855e-02 2.035619599307707238e-09
7.744083094562403957e-02 2.035801832695014432e-09
7.833755350540749784e-02 2.035516951111710351e-09
7.924465962305569933e-02 2.035411607897008314e-09
8.016226953450207582e-02 2.036763131575298879e-09
8.109050486794647239e-02 2.032506374424383341e-09
8.202948865997691796e-02 2.032151749354672561e-09
8.297934537187805215e-02 2.031969212207481144e-09
8.394020090612801244e-02 2.031022795630771565e-09
8.491218262308719567e-02 2.033179290341142256e-09
8.589541935787936566e-02 2.029475725444601915e-09
8.689004143746879849e-02 2.029599431030104815e-09
8.789618069793463107e-02 2.028145657058837709e-09
8.891397050194613239e-02 2.026601979158319472e-09
8.994354575643936922e-02 2.028932946264518582e-09
9.098504293049920755e-02 2.026304126401717926e-09
9.203860007344781546e-02 2.026460041467497632e-09
9.310435683314335908e-02 2.025073804000116288e-09
9.418245447449000163e-02 2.025256303619113862e-09
9.527303589816239759e-02 2.023390779521747475e-09
9.637624565954681921e-02 2.023389711695909814e-09
9.749222998790225969e-02 2.023251586124962683e-09
9.862113680574265129e-02 2.022896689852433102e-09
9.976311574844401453e-02 2.021029348486486746e-09
1.009183181840780652e-01 2.018329293765001417e-09
1.020868972334764563e-01 2.020464494431660472e-09
1.032690077905264459e-01 2.018145577558010074e-09
1.044648065427020295e-01 2.036900235295361154e-09
1.056744519918323688e-01 2.017263141625549334e-09
1.068981044751115966e-01 2.014567517337819410e-09
1.081359261863509835e-01 2.008742483126341241e-09
1.093880811974775741e-01 2.015066381681146321e-09
1.106547354802819155e-01 2.016299908991944733e-09
1.119360569284169882e-01 2.015795694422187831e-09
1.132322153796529590e-01 2.013291984858677676e-09
1.145433826383886050e-01 2.013499544190044250e-09
1.158697324984239718e-01 2.012216809946305599e-09
1.172114407659961138e-01 2.011968949708741546e-09
1.185686852830827448e-01 2.012156768329957180e-09
1.199416459509744792e-01 2.010290688937804209e-09
1.213305047541208270e-01 2.008599528528187245e-09
1.227354457842515373e-01 2.014044408534670023e-09
1.241566552647785232e-01 2.006996591052115946e-09
1.255943215754789510e-01 2.009358912028307744e-09
1.270486352774652938e-01 2.007803162615388396e-09
1.285197891384432245e-01 2.021764982610360857e-09
1.300079781582635929e-01 2.005125887738351902e-09
1.315133995947690426e-01 2.007417849585643537e-09
1.330362529899405399e-01 2.005204254971649723e-09
1.345767401963458010e-01 2.004631271879394476e-09
1.361350654038956109e-01 2.003125763696974583e-09
1.377114351669082859e-01 2.001798364870956423e-09
1.393060584314886052e-01 2.003395810102627551e-09
1.409191465632227414e-01 2.002054384029036083e-09
1.425509133751954594e-01 2.000763086032165085e-09
1.442015751563302528e-01 1.989606974027466782e-09
1.458713507000582721e-01 1.998404270286462823e-09
1.475604613333193205e-01 1.999940544565633678e-09
1.492691309458979987e-01 2.000771784227042213e-09
1.509975860201007714e-01 1.999716308508234462e-09
1.527460556607755926e-01 1.996965104364832815e-09
1.545147716256795867e-01 1.994939217342273220e-09
1.563039683561977533e-01 1.995313774297473617e-09
1.581138830084189428e-01 1.993727211954459539e-09
1.599447554845698227e-01 1.992969713668201646e-09
1.617968284648141908e-01 1.996958089602861561e-09
1.636703474394191060e-01 1.996632726497971564e-09
1.655655607412955255e-01 1.993291071700389132e-09
1.674827195789137801e-01 1.994520537793785003e-09
1.694220780696013284e-01 1.991261305977313408e-09
1.713838932732252018e-01 1.990778270204306965e-09
1.733684252262658043e-01 2.011252397952263933e-09
1.753759369762839249e-01 1.988892134296928990e-09
1.774066946167878189e-01 1.990163625859831085e-09
1.794609673225026625e-01 1.988840781846348698e-09
1.815390273850506775e-01 1.989193037521506045e-09
1.836411502490422898e-01 1.991951490454091707e-09
1.857676145485863684e-01 1.984473461866522278e-09
1.879187021442221273e-01 1.983972961028273676e-09
1.900946981602806007e-01 1.983327127278482572e-09
1.922958910226767459e-01 1.983720449421145614e-09
1.945225724971401948e-01 1.983626751380825730e-09
1.967750377278887908e-01 1.983963495324135479e-09
1.990535852767486291e-01 1.983157919742510921e-09
2.013585171627295112e-01 1.980120215535375497e-09
2.036901389020562836e-01 1.980526159203076662e-09
2.060487595486651669e-01 1.977803022063721067e-09
2.084346917351677098e-01 1.978016507395654643e-09
2.108482517142910850e-01 1.978531302120367270e-09
2.132897594007962250e-01 1.979690646645567979e-09
2.157595384138826788e-01 1.975995780355175245e-09
2.182579161200829954e-01 1.978060509950459004e-09
2.207852236766562337e-01 1.975334846001108587e-09
2.233417960754814635e-01 1.976147803690531823e-09
2.259279721874612734e-01 1.976962300038880461e-09
2.285440948074375644e-01 1.978729409879573575e-09
2.311905106996301196e-01 1.975067283345511480e-09
2.338675706435990320e-01 1.972236190729430602e-09
2.365756294807403459e-01 1.982513615668497268e-09
2.393150461613192115e-01 1.970370767333352520e-09
2.420861837920496862e-01 1.970226800500032689e-09
2.448894096842230417e-01 1.974699039891170410e-09
2.477250954023952345e-01 1.972486213761850698e-09
2.505936168136362330e-01 1.934929742566895851e-09
2.534953541373521912e-01 1.968109305374225035e-09
2.564306919956823583e-01 1.968606933731676091e-09
2.594000194644804358e-01 1.967222941441754738e-09
2.624037301248863807e-01 1.967742734008327857e-09
2.654422221154941752e-01 1.965645326320727736e-09
2.685158981851262783e-01 1.964948931435536708e-09
2.716251657462164792e-01 1.964141312980687069e-09
2.747704369288123671e-01 1.964123356964490045e-09
2.779521286352018006e-01 1.963500768995145551e-09
2.811706625951744809e-01 1.962521935696090682e-09
2.844264654219206268e-01 1.963287400972020091e-09
2.877199686685785740e-01 1.912297301658987306e-09
2.910516088854357419e-01 1.960177332751754079e-09
2.944218276777944010e-01 1.967261989488583242e-09
2.978310717645051287e-01 1.956950347109713126e-09
3.012797930371790001e-01 1.937549069113988635e-09
3.047684486200846199e-01 1.959543112709043427e-09
3.082975009307410419e-01 1.956988037583396221e-09
3.118674177412095183e-01 1.956826207172656574e-09
3.154786722400967358e-01 1.918150139869861579e-09
3.191317430952744227e-01 1.955196464078720459e-09
3.228271145173277623e-01 1.957158953133373362e-09
3.265652763237361089e-01 1.989617620953051184e-09
3.303467240037981645e-01 1.952503462152343119e-09
3.341719587843073880e-01 1.951273973730657487e-09
3.380414876959909054e-01 1.953956000180718397e-09
3.419558236407145846e-01 1.951418966764730393e-09
3.459154854594680417e-01 1.949609282284361366e-09
3.499209980011368515e-01 1.948297072417171842e-09
3.539728921920690108e-01 1.948255303682583481e-09
3.580717051064509771e-01 1.949080295495227889e-09
3.622179800374948910e-01 1.944186554050690039e-09
3.664122665694521941e-01 1.947235077835956956e-09
3.706551206504588025e-01 1.989486833690664480e-09
3.749471046662278817e-01 1.945792400453830263e-09
3.792887875145917742e-01 1.946064981419973864e-09
3.836807446809096245e-01 1.945284393518521552e-09
3.881235583143459178e-01 1.942163865426558837e-09
3.926178173050358100e-01 1.942793197872653028e-09
3.971641173621405785e-01 1.942007927362631065e-09
4.017630610928087931e-01 1.941521131004122404e-09
4.064152580820497018e-01 1.942215577068002998e-09
4.111213249735355402e-01 1.942612260826815321e-09
4.158818855513353729e-01 1.939433394857199384e-09
4.206975708225977328e-01 1.939383044533253202e-09
4.255690191011883283e-01 1.939537025550403071e-09
4.304968760923003068e-01 1.873435238144956474e-09
4.354817949780401820e-01 1.937844109363979904e-09
4.405244365040072441e-01 1.937397507260494673e-09
4.456254690668728924e-01 1.936398068266619388e-09
4.507855688029784313e-01 1.936035639667211469e-09
4.560054196779547708e-01 1.934643067103598214e-09
4.612857135773818507e-01 1.934255385918181146e-09
4.666271503984956714e-01 1.934787169673820870e-09
4.720304381429616947e-01 1.935017360274410995e-09
4.774962930107178871e-01 1.932241030541549125e-09
4.830254394949065055e-01 1.927220333450867556e-09
4.886186104779055572e-01 1.931187647061021806e-09
4.942765473284694289e-01 1.930604941937962595e-09
5.000000000000000000e-01 1.930853721782072776e-09
5.235642740254496941e-01 1.927613945419136781e-09
5.482390980715925455e-01 1.925957657023966029e-09
5.740768107484413019e-01 1.920931871630955074e-09
6.011322173087064735e-01 1.919139453988609372e-09
6.294627058970835298e-01 1.916422620569144902e-09
6.591283692782035075e-01 1.909227617662747597e-09
6.901921323014423848e-01 1.911671197678282533e-09
7.227198853729638328e-01 1.908137052199234896e-09
7.567806242181041032e-01 1.689059184414180501e-09
7.924465962305566880e-01 1.902720065720813873e-09
8.297934537187803272e-01 1.970274268820752146e-09
8.689004143746876796e-01 1.898333131921284637e-09
9.098504293049917147e-01 1.894948385742985308e-09
9.527303589816236151e-01 1.895108246477439723e-09
9.976311574844398677e-01 1.895615683407615101e-09
1.044648065427019601e+00 1.888029173424370538e-09
1.093880811974776268e+00 1.886195940195680812e-09
1.145433826383886355e+00 1.882958732784103628e-09
1.199416459509745181e+00 1.880533442387070304e-09
1.255943215754790065e+00 1.978134816209217408e-09
1.315133995947690870e+00 1.863239642285418471e-09
1.377114351669083137e+00 1.915476222476154205e-09
1.442015751563303194e+00 1.869662191578757299e-09
1.509975860201008047e+00 1.867289295068495449e-09
1.581138830084189539e+00 1.864665978379463239e-09
1.655655607412955588e+00 1.862328403407678094e-09
1.733684252262658321e+00 1.858781287424664177e-09
1.815390273850506775e+00 1.858390336573705505e-09
1.900946981602805730e+00 1.853757243074291737e-09
1.990535852767486347e+00 1.855539387158664123e-09
2.084346917351676876e+00 1.848789247310250341e-09
2.182579161200830065e+00 1.847379930706666790e-09
2.285440948074374923e+00 1.844600895132549671e-09
2.393150461613192004e+00 1.832088997145542726e-09
2.505936168136361886e+00 1.834841903800590543e-09
2.624037301248862697e+00 1.838474409374561047e-09
2.747704369288122450e+00 1.837629872734616124e-09
2.877199686685784741e+00 1.837874574778690509e-09
3.012797930371788890e+00 1.831359310579442706e-09
3.154786722400966248e+00 1.825756638976586332e-09
3.303467240037980091e+00 1.830218919432142640e-09
3.459154854594682416e+00 1.818622523233939459e-09
3.622179800374950354e+00 1.817398829727378961e-09
3.792887875145919185e+00 1.818726327627756611e-09
3.971641173621408338e+00 1.814092146918785462e-09
4.158818855513356283e+00 1.810737148112535572e-09
4.354817949780404263e+00 1.806689800703020835e-09
4.560054196779547375e+00 1.802076736933381321e-09
4.774962930107178316e+00 1.802347438551220719e-09
5.000000000000000000e+00 1.806694364343704561e-09
6.294627058970836408e+00 1.789467533874414710e-09
7.924465962305569100e+00 1.774137281744440696e-09
9.976311574844396901e+00 1.761682154260395113e-09
1.255943215754790110e+01 1.753540179588970129e-09
1.581138830084189451e+01 1.736528212025280062e-09
1.990535852767486347e+01 1.744788712711383248e-09
2.505936168136361886e+01 1.721177718044374656e-09
3.154786722400966426e+01 1.698228207524252485e-09
3.971641173621406296e+01 1.687060999279838642e-09
4.999999999999999289e+01 1.680769476414129587e-09
