3.154786722400964650e-05 1.803614297021126759e-13
3.228271145173281333e-05 9.106499054292832592e-13
3.303467240037981687e-05 2.611623999602883048e-12
3.380414876959908759e-05 5.314980964179368684e-12
3.459154854594680595e-05 9.063786993829467678e-12
3.539728921920685885e-05 1.390606359838506988e-11
3.622179800374952406e-05 1.989870466635885439e-11
3.706551206504588155e-05 2.708593536011813923e-11
3.792887875145917236e-05 3.556633766588860511e-11
3.881235583143463039e-05 4.538374525733433710e-11
3.971641173621410364e-05 5.663202557212729830e-11
4.064152580820496591e-05 6.937022157861047993e-11
4.158818855513353842e-05 8.369717866893310827e-11
4.255690191011878395e-05 9.974597878870260949e-11
4.354817949780398050e-05 1.175187491218950864e-10
4.456254690668729390e-05 1.372032805713802897e-10
4.560054196779547508e-05 1.587697859833391905e-10
4.666271503984952289e-05 1.824522151338158444e-10
4.774962930107183736e-05 2.082630190855084043e-10
4.886186104779054808e-05 2.363122223976811279e-10
4.999999999999998884e-05 2.666480974687689770e-10
5.057897271299490442e-05 2.827717870289351144e-10
5.116464961403767209e-05 2.994674433364994560e-10
5.175710833396714221e-05 3.168875963549764034e-10
5.235642740254491318e-05 3.347865813000203198e-10
5.296268625886447866e-05 3.533534147743124426e-10
5.357596526188034176e-05 3.724829567218905660e-10
5.419634570106018624e-05 3.924447089366206864e-10
5.482390980715924394e-05 4.129918694485985026e-10
5.545874076312003680e-05 4.341802594602190149e-10
5.610092271509813691e-05 4.560560168932752393e-10
5.675054078361570665e-05 4.786098709720622320e-10
5.740768107484408596e-05 5.018087598563537843e-10
5.807243069201718186e-05 5.255912366378832314e-10
5.874487774697651393e-05 5.501527632311152262e-10
5.942511137185093809e-05 5.752914835053950447e-10
6.011322173087064877e-05 6.011445166017745683e-10
6.080930003231838695e-05 6.275494278416866520e-10
6.151343854061905325e-05 6.546522085977374004e-10
6.222573058856921034e-05 6.824684008798489893e-10
6.294627058970830402e-05 7.106535435736223605e-10
6.367515405083312783e-05 7.397036404856847026e-10
6.441247758465673719e-05 7.692366100594178494e-10
6.515833892261499124e-05 7.992072137176572327e-10
6.591283692782035650e-05 8.298106942042625345e-10
6.667607160816619769e-05 8.609136171752358769e-10
6.744814412958265366e-05 8.925659805385158070e-10
6.822915682944618535e-05 9.246035473223822220e-10
6.901921323014417829e-05 9.571132606396654487e-10
6.981841805279679497e-05 9.898984107424064013e-10
7.062687723113775782e-05 1.023160370703810972e-09
7.144469792555517389e-05 1.056545464954109259e-09
7.227198853729638578e-05 1.090318712361849896e-09
7.310885872283590017e-05 1.124101424572701776e-09
7.395541940841035122e-05 1.158095831466152403e-09
7.481178280472162371e-05 1.192463677865706195e-09
7.567806242181034505e-05 1.226376369428883299e-09
7.655437308410142656e-05 1.260338757829144792e-09
7.744083094562412067e-05 1.294260921241348290e-09
7.833755350540748852e-05 1.328069898794797346e-09
7.924465962305569597e-05 1.361584942144682924e-09
8.016226953450208102e-05 1.394657028862589046e-09
8.109050486794647857e-05 1.427623142492131617e-09
8.202948865997692718e-05 1.459996071259739403e-09
8.297934537187796715e-05 1.491578901522339884e-09
8.394020090612792852e-05 1.522278423974598535e-09
8.491218262308728262e-05 1.552759385643545868e-09
8.589541935787945305e-05 1.581813147751941999e-09
8.689004143746881595e-05 1.610133803713362531e-09
8.789618069793464267e-05 1.637333788587755263e-09
8.891397050194613488e-05 1.663384519502327376e-09
8.994354575643936521e-05 1.687950132303719417e-09
9.098504293049911853e-05 1.711265474617478009e-09
9.203860007344770748e-05 1.733334443612990270e-09
9.310435683314326931e-05 1.753514031205679063e-09
9.418245447449009216e-05 1.772437203788328458e-09
9.527303589816239347e-05 1.788963122826479291e-09
9.637624565954680924e-05 1.803116596848861067e-09
9.749222998790225210e-05 1.816130517217038773e-09
9.862113680574265443e-05 1.827322161191878712e-09
9.976311574844392432e-05 1.835913297447609459e-09
1.009183181840780691e-04 1.842597318768636482e-09
1.020868972334764650e-04 1.846782518034748280e-09
1.032690077905264333e-04 1.848678407997595521e-09
1.044648065427019099e-04 1.847513030395361331e-09
1.056744519918323676e-04 1.844959628091724325e-09
1.068981044751116051e-04 1.839039631091003971e-09
1.081359261863509824e-04 1.831076413783642597e-09
1.093880811974775783e-04 1.820676398824358650e-09
1.106547354802819166e-04 1.808131512913544301e-09
1.119360569284169843e-04 1.792719270482949032e-09
1.132322153796529580e-04 1.774583126539467958e-09
1.145433826383886026e-04 1.754822910212489550e-09
1.158697324984239615e-04 1.731604452658453922e-09
1.172114407659961296e-04 1.707189792199256187e-09
1.185686852830827555e-04 1.679929454565853594e-09
1.199416459509744813e-04 1.651251757240785256e-09
1.213305047541207081e-04 1.620436472968343658e-09
1.227354457842515364e-04 1.588182146506395913e-09
1.241566552647784948e-04 1.554146305129852297e-09
1.255943215754789502e-04 1.519495336670235418e-09
1.270486352774653110e-04 1.483621162440260860e-09
1.285197891384432108e-04 1.446728453703600638e-09
1.300079781582635788e-04 1.409429038539468933e-09
1.315133995947690435e-04 1.372158346927452542e-09
1.330362529899403897e-04 1.334911362899581914e-09
1.345767401963458333e-04 1.298335992326449619e-09
1.361350654038956344e-04 1.262144879669202585e-09
1.377114351669082826e-04 1.227445718496840252e-09
1.393060584314884456e-04 1.193842434457029005e-09
1.409191465632227234e-04 1.162478405962225840e-09
1.425509133751954596e-04 1.133409652859731719e-09
1.442015751563302474e-04 1.106578075154932919e-09
1.458713507000582675e-04 1.082869660057493746e-09
1.475604613333193142e-04 1.062449581497359633e-09
1.492691309458979746e-04 1.045331452739653410e-09
1.509975860201007907e-04 1.032471017592959681e-09
1.527460556607755941e-04 1.023572467094877431e-09
1.545147716256795760e-04 1.019111479703933019e-09
1.563039683561977700e-04 1.019442571478402352e-09
1.581138830084189426e-04 1.024464346210015533e-09
1.599447554845698401e-04 1.034546123317483527e-09
1.617968284648140247e-04 1.049645113567522988e-09
1.636703474394191234e-04 1.069562022112014076e-09
1.655655607412955237e-04 1.094613719268802773e-09
1.674827195789137550e-04 1.124656708315438977e-09
1.694220780696013395e-04 1.159106734054439270e-09
1.713838932732251867e-04 1.198376028157543330e-09
1.733684252262658175e-04 1.241817003900825192e-09
1.753759369762839622e-04 1.288852588028359702e-09
1.774066946167876340e-04 1.339395159321977727e-09
1.794609673225026631e-04 1.392640729121855142e-09
1.815390273850506729e-04 1.448213084041623266e-09
1.836411502490422785e-04 1.505309434108995901e-09
1.857676145485863753e-04 1.563099959936350248e-09
1.879187021442221307e-04 1.621330735118395489e-09
1.900946981602805912e-04 1.678685246070411143e-09
1.922958910226767171e-04 1.734703221992720374e-09
1.945225724971401946e-04 1.788405126170610832e-09
1.967750377278885748e-04 1.838882863957461267e-09
1.990535852767486220e-04 1.885561148160500250e-09
2.013585171627295032e-04 1.927484397268167581e-09
2.036901389020562758e-04 1.963861252918647094e-09
2.060487595486651640e-04 1.994077637560311471e-09
2.084346917351676985e-04 2.018165773848754599e-09
2.108482517142910915e-04 2.034285680228437301e-09
2.132897594007962310e-04 2.044210666462080901e-09
2.157595384138824807e-04 2.045264735551397901e-09
2.182579161200830003e-04 2.039296841704509220e-09
2.207852236766562250e-04 2.025649987235217962e-09
2.233417960754814700e-04 2.004124909582563776e-09
2.259279721874612654e-04 1.976431813565854404e-09
2.285440948074375482e-04 1.941662640430482024e-09
2.311905106996301417e-04 1.901612723750328672e-09
2.338675706435990400e-04 1.857860176476375829e-09
2.365756294807401202e-04 1.809790301246157214e-09
2.393150461613192416e-04 1.760376123682462874e-09
2.420861837920496669e-04 1.710063156938556991e-09
2.448894096842230486e-04 1.659896975623615697e-09
2.477250954023952571e-04 1.612980325048934193e-09
2.505936168136362096e-04 1.569165765249683770e-09
2.534953541373521587e-04 1.530771740146046776e-09
2.564306919956823639e-04 1.498924590412181416e-09
2.594000194644803916e-04 1.474468131457132333e-09
2.624037301248860888e-04 1.459333020752280831e-09
2.654422221154941939e-04 1.453394355141742512e-09
2.685158981851263043e-04 1.457427849583015088e-09
2.716251657462165044e-04 1.471985853227975479e-09
2.747704369288123311e-04 1.497072168272497635e-09
2.779521286352018127e-04 1.531446315034034082e-09
2.811706625951744943e-04 1.574922107387419174e-09
2.844264654219205712e-04 1.625785694549991599e-09
2.877199686685782661e-04 1.683124394502482201e-09
2.910516088854357393e-04 1.744897371882248152e-09
2.944218276777944170e-04 1.808668240140991630e-09
2.978310717645051204e-04 1.872740714847657183e-09
3.012797930371790027e-04 1.934296779620429934e-09
3.047684486200846234e-04 1.991323892382941355e-09
3.082975009307410263e-04 2.041792476698911726e-09
3.118674177412095313e-04 2.082943250790836000e-09
3.154786722400964379e-04 2.114050164921946788e-09
3.191317430952743915e-04 2.132672189138835368e-09
3.228271145173277267e-04 2.137763302514653553e-09
3.265652763237360972e-04 2.130761645650424088e-09
3.303467240037981823e-04 2.110971661157588967e-09
3.341719587843073962e-04 2.079229436302382775e-09
3.380414876959908759e-04 2.037425908915232701e-09
3.419558236407145655e-04 1.987831198591515855e-09
3.459154854594680595e-04 1.933364227620552159e-09
3.499209980011365223e-04 1.876880815780024956e-09
3.539728921920690086e-04 1.821281588188520151e-09
3.580717051064509905e-04 1.771135319676959071e-09
3.622179800374948611e-04 1.728653409061193549e-09
3.664122665694521551e-04 1.697212312506786694e-09
3.706551206504588155e-04 1.678704237914824987e-09
3.749471046662278739e-04 1.675716889043280505e-09
3.792887875145917100e-04 1.687769138692302879e-09
3.836807446809091808e-04 1.715632573864478915e-09
3.881235583143459109e-04 1.757558439891862221e-09
3.926178173050358226e-04 1.810566997495818600e-09
3.971641173621406028e-04 1.872927833073699050e-09
4.017630610928087857e-04 1.938716333318878253e-09
4.064152580820496862e-04 2.004890579809584460e-09
4.111213249735355181e-04 2.066292413517111259e-09
4.158818855513353300e-04 2.118591969712142086e-09
4.206975708225972935e-04 2.157666054725601814e-09
4.255690191011882867e-04 2.180637950945173581e-09
4.304968760923003155e-04 2.185988999465060548e-09
4.354817949780401981e-04 2.172286579652837071e-09
4.405244365040072822e-04 2.142607272723596749e-09
4.456254690668728577e-04 2.098143313734190259e-09
4.507855688029784470e-04 2.043137933191077639e-09
4.560054196779547643e-04 1.983711981224217482e-09
4.612857135773813463e-04 1.925030761634035737e-09
4.666271503984952018e-04 1.873281090601145718e-09
4.720304381429617636e-04 1.833848354567271261e-09
4.774962930107178993e-04 1.811795288304252651e-09
4.830254394949064960e-04 1.809668831560014014e-09
4.886186104779055486e-04 1.828584573621362803e-09
4.942765473284694211e-04 1.866481049512080354e-09
4.999999999999999020e-04 1.920695026171755375e-09
5.057897271299491120e-04 1.985000345888686306e-09
5.116464961403766531e-04 2.052883693514712493e-09
5.175710833396719507e-04 2.116420967007162519e-09
5.235642740254497010e-04 2.168461546974381204e-09
5.296268625886442309e-04 2.202757373018145916e-09
5.357596526188034176e-04 2.214548027788393750e-09
5.419634570106019031e-04 2.203241568368527377e-09
5.482390980715924666e-04 2.170005083858523387e-09
5.545874076312004358e-04 2.119218305329423279e-09
5.610092271509814097e-04 2.059073897089989779e-09
5.675054078361570394e-04 1.997672151527125184e-09
5.740768107484413340e-04 1.944575569907069809e-09
5.807243069201711546e-04 1.908602201179472786e-09
5.874487774697650716e-04 1.895310094588197078e-09
5.942511137185095028e-04 1.908267434553443979e-09
6.011322173087063929e-04 1.945466236381264426e-09
6.080930003231838424e-04 2.002256827405106929e-09
6.151343854061905054e-04 2.069570697993950669e-09
6.222573058856920762e-04 2.136031289490220865e-09
6.294627058970836365e-04 2.190841411787456374e-09
6.367515405083307633e-04 2.224798618625681665e-09
6.441247758465673719e-04 2.231248297124467486e-09
6.515833892261498582e-04 2.209659294519727626e-09
6.591283692782036463e-04 2.163786372371967901e-09
6.667607160816619227e-04 2.103050775005564785e-09
6.744814412958264824e-04 2.040621028343871264e-09
6.822915682944617451e-04 1.990817186382538643e-09
6.901921323014424334e-04 1.959930173036834393e-09
6.981841805279687899e-04 1.960782926032224239e-09
7.062687723113776324e-04 1.991991582417309476e-09
7.144469792555517389e-04 2.047172631229993174e-09
7.227198853729638849e-04 2.116097731701772098e-09
7.310885872283591101e-04 2.181194410758645795e-09
7.395541940841035122e-04 2.228336921199186182e-09
7.481178280472162642e-04 2.243525706874218183e-09
7.567806242181033963e-04 2.225802729998549402e-09
7.655437308410150245e-04 2.182450184407378799e-09
7.744083094562404478e-04 2.120633044814669941e-09
7.833755350540749394e-04 2.063273018194848982e-09
7.924465962305569326e-04 2.015956732565019920e-09
8.016226953450207018e-04 1.999216195005916984e-09
8.109050486794647586e-04 2.024052979714350437e-09
8.202948865997692447e-04 2.078937700874725661e-09
8.297934537187796715e-04 2.144309282679167393e-09
8.394020090612802068e-04 2.208066669235968072e-09
8.491218262308720130e-04 2.248637462623231320e-09
8.589541935787945847e-04 2.247505822954861427e-09
8.689004143746880239e-04 2.211376057365207334e-09
8.789618069793463453e-04 2.150936522004683201e-09
8.891397050194612675e-04 2.087762976768058392e-09
8.994354575643935708e-04 2.043677447813680301e-09
9.098504293049911040e-04 2.035115333593701453e-09
9.203860007344780506e-04 2.066567812210449309e-09
9.310435683314336689e-04 2.128890015603095567e-09
9.418245447449009487e-04 2.199808874602632907e-09
9.527303589816240974e-04 2.245201697287274194e-09
9.637624565954682008e-04 2.253696247325289390e-09
9.749222998790226836e-04 2.220927740591818327e-09
9.862113680574266256e-04 2.157728604088283641e-09
9.976311574844392432e-04 2.096864187156469437e-09
1.009183181840779715e-03 2.063236332144182832e-09
1.020868972334764433e-03 2.074795602965014589e-09
1.032690077905264224e-03 2.123333041103465808e-09
1.044648065427020156e-03 2.190795864457210295e-09
1.056744519918323541e-03 2.245655808175864944e-09
1.068981044751116105e-03 2.257832941629017357e-09
1.081359261863509879e-03 2.224508614983153161e-09
1.093880811974775810e-03 2.161003483062290948e-09
1.106547354802818028e-03 2.102101389706647218e-09
1.119360569284169734e-03 2.080082009331678780e-09
1.132322153796529608e-03 2.109104120501645581e-09
1.145433826383887056e-03 2.171421340420864643e-09
1.158697324984239588e-03 2.235281238113577701e-09
1.172114407659961052e-03 2.261203498014688658e-09
1.185686852830827474e-03 2.235261352158079899e-09
1.199416459509744732e-03 2.173224253083839109e-09
1.213305047541206891e-03 2.115314317267015129e-09
1.227354457842515364e-03 2.099109013711312637e-09
1.241566552647784894e-03 2.140162652307671986e-09
1.255943215754790803e-03 2.201128264435646362e-09
1.270486352774652947e-03 2.255637826097149212e-09
1.285197891384432054e-03 2.253032032417566624e-09
1.300079781582635843e-03 2.204925307650590493e-09
1.315133995947690435e-03 2.143253988958140590e-09
1.330362529899403951e-03 2.112846309388492774e-09
1.345767401963456761e-03 2.139555949914881826e-09
1.361350654038956127e-03 2.206106962401628795e-09
1.377114351669082772e-03 2.256947661280712230e-09
1.393060584314885974e-03 2.253360010671051105e-09
1.409191465632227396e-03 2.195894864128889079e-09
1.425509133751954758e-03 2.137563938732796508e-09
1.442015751563302745e-03 2.126863243397330651e-09
1.458713507000582730e-03 2.173293814586253961e-09
1.475604613333191895e-03 2.241429551067922477e-09
1.492691309458979909e-03 2.261555457182521334e-09
1.509975860201007635e-03 2.221485032938920124e-09
1.527460556607757513e-03 2.155452580571307543e-09
1.545147716256795815e-03 2.135160545249502225e-09
1.563039683561977646e-03 2.172515657108710898e-09
1.581138830084189480e-03 2.239761504984547141e-09
1.599447554845698401e-03 2.261764838983672863e-09
1.617968284648140355e-03 2.216878861673601641e-09
1.636703474394191234e-03 2.155142528964545198e-09
1.655655607412955237e-03 2.146493687903810793e-09
1.674827195789139285e-03 2.199068732082714084e-09
1.694220780696013449e-03 2.254731660199344407e-09
1.713838932732251975e-03 2.249043699653907902e-09
1.733684252262658121e-03 2.185913657154294504e-09
1.753759369762839405e-03 2.141960632813743391e-09
1.774066946167876177e-03 2.179337240300614550e-09
1.794609673225024517e-03 2.246233075971641663e-09
1.815390273850506567e-03 2.258268388854065300e-09
1.836411502490422785e-03 2.200067784955459830e-09
1.857676145485863536e-03 2.150860898884474599e-09
1.879187021442221524e-03 2.179951058149016569e-09
1.900946981602806129e-03 2.245854168864477288e-09
1.922958910226767442e-03 2.252549030350230818e-09
1.945225724971402217e-03 2.193272863161694547e-09
1.967750377278885965e-03 2.156765919854236104e-09
1.990535852767486274e-03 2.200614529946862776e-09
2.013585171627295303e-03 2.254701251514126468e-09
2.036901389020564709e-03 2.241042533712878190e-09
2.060487595486651478e-03 2.170853578314161273e-09
2.084346917351677202e-03 2.173724083804597989e-09
2.108482517142910590e-03 2.236473091762806407e-09
2.132897594007962527e-03 2.252524147388888666e-09
2.157595384138824915e-03 2.196426810979337684e-09
2.182579161200830058e-03 2.166361800871238431e-09
2.207852236766562250e-03 2.219683565197523689e-09
2.233417960754816977e-03 2.257061353179619901e-09
2.259279721874612491e-03 2.207179356709589535e-09
2.285440948074375211e-03 2.168618885075935800e-09
2.311905106996301092e-03 2.212176893998147409e-09
2.338675706435990129e-03 2.255074861279901409e-09
2.365756294807400822e-03 2.208988927702550340e-09
2.393150461613189652e-03 2.171428719784808863e-09
2.420861837920496723e-03 2.222808851631768591e-09
2.448894096842230052e-03 2.251550801913841158e-09
2.477250954023952137e-03 2.196168886271810636e-09
2.505936168136361879e-03 2.179845275118208471e-09
2.534953541373521912e-03 2.241506797580573078e-09
2.564306919956823531e-03 2.237917933553402210e-09
2.594000194644804132e-03 2.181202668595689662e-09
2.624037301248860997e-03 2.203680888680076601e-09
2.654422221154941613e-03 2.251729594157983070e-09
2.685158981851263043e-03 2.207690048038695903e-09
2.716251657462167429e-03 2.181619834585805799e-09
2.747704369288123637e-03 2.238082808134630476e-09
2.779521286352018561e-03 2.230352410916729572e-09
2.811706625951745052e-03 2.178212456611991323e-09
2.844264654219206146e-03 2.218924667352305645e-09
2.877199686685782878e-03 2.242566945072884931e-09
2.910516088854357610e-03 2.187484020347598765e-09
2.944218276777944496e-03 2.209246007464564664e-09
2.978310717645054565e-03 2.246151255545715090e-09
3.012797930371789810e-03 2.190755543612092156e-09
3.047684486200846234e-03 2.202620700310940714e-09
3.082975009307410696e-03 2.244443183528461177e-09
3.118674177412095096e-03 2.194008225488934268e-09
3.154786722400964270e-03 2.207993215159158539e-09
3.191317430952740879e-03 2.242486987752519887e-09
3.228271145173277484e-03 2.191507838952833503e-09
3.265652763237360864e-03 2.216798508480438833e-09
3.303467240037981714e-03 2.236171413666935100e-09
3.341719587843073637e-03 2.183501439008825001e-09
3.380414876959908759e-03 2.233057044018643787e-09
3.419558236407145655e-03 2.218422087238504965e-09
3.459154854594680920e-03 2.187971295195953217e-09
3.499209980011365115e-03 2.240571970273901975e-09
3.539728921920689761e-03 2.194387058253400322e-09
3.580717051064509580e-03 2.210705466744215034e-09
3.622179800374952623e-03 2.231509849670942418e-09
3.664122665694521767e-03 2.185245284783466928e-09
3.706551206504587938e-03 2.233850693216883551e-09
3.749471046662278956e-03 2.197766555128982696e-09
3.792887875145917534e-03 2.211484994008038721e-09
3.836807446809092567e-03 2.224869368930346152e-09
3.881235583143459542e-03 2.189241113595699904e-09
3.926178173050358551e-03 2.238164876169462528e-09
3.971641173621410364e-03 2.187718403096976493e-09
4.017630610928088833e-03 2.225877802912783239e-09
4.064152580820497296e-03 2.203882384016640469e-09
4.111213249735355506e-03 2.208789187545905763e-09
4.158818855513353625e-03 2.213394090525641604e-09
4.206975708225972610e-03 2.194701763079366218e-09
4.255690191011878530e-03 2.227124194737821622e-09
4.304968760923003589e-03 2.187181383282401392e-09
4.354817949780402306e-03 2.230818314499060244e-09
4.405244365040072822e-03 2.186952121171559181e-09
4.456254690668728577e-03 2.230754733927877637e-09
4.507855688029784036e-03 2.188948325896268245e-09
4.560054196779547535e-03 2.229239365662430648e-09
4.612857135773812921e-03 2.185655869151690801e-09
4.666271503984951476e-03 2.228497041085532646e-09
4.720304381429616877e-03 2.189148766264735802e-09
4.774962930107178559e-03 2.233295768664698578e-09
4.830254394949069947e-03 2.183607357818704765e-09
4.886186104779055052e-03 2.230122191191779682e-09
4.942765473284694427e-03 2.185918297468424190e-09
4.999999999999999237e-03 2.216328842588032387e-09
5.057897271299490252e-03 2.195444919460648893e-09
5.116464961403772820e-03 2.203056361184676863e-09
5.175710833396719723e-03 2.207991955584652152e-09
5.235642740254497010e-03 2.188621380170612393e-09
5.296268625886442309e-03 2.219232832900977405e-09
5.357596526188034176e-03 2.181633453667054100e-09
5.419634570106018380e-03 2.210502105184614653e-09
5.482390980715924449e-03 2.194344722512545837e-09
5.545874076312003707e-03 2.195658989810780464e-09
5.610092271509814314e-03 2.225845391089933769e-09
5.675054078361577332e-03 2.184189902396019274e-09
5.740768107484413990e-03 2.212134305199726417e-09
5.807243069201712196e-03 2.203557910474134741e-09
5.874487774697644861e-03 2.183881425258616519e-09
5.942511137185094161e-03 2.221763279697456746e-09
6.011322173087065013e-03 2.193886715559346258e-09
6.080930003231838424e-03 2.185955290294714604e-09
6.151343854061904620e-03 2.207351821281005888e-09
6.222573058856926617e-03 2.196481153066960928e-09
6.294627058970836582e-03 2.182148751770173099e-09
6.367515405083306983e-03 2.215766961934934058e-09
6.441247758465666780e-03 2.196636516563602825e-09
6.515833892261499449e-03 2.179488062785382989e-09
6.591283692782035596e-03 2.200807372862470134e-09
6.667607160816618576e-03 2.212050314598001683e-09
6.744814412958264824e-03 2.184363608166113953e-09
6.822915682944625040e-03 2.184297566646535894e-09
6.901921323014425201e-03 2.205105562778287629e-09
6.981841805279687466e-03 2.203111095175796014e-09
7.062687723113769168e-03 2.187579023107148240e-09
7.144469792555517389e-03 2.176666470147854278e-09
7.227198853729638849e-03 2.195907602166238144e-09
7.310885872283590450e-03 2.203475536847422273e-09
7.395541940841034688e-03 2.190376476163405700e-09
7.481178280472170448e-03 2.177950548383083257e-09
7.567806242181043287e-03 2.178805062671354314e-09
7.655437308410150896e-03 2.190502224854712054e-09
7.744083094562405345e-03 2.200131757316372886e-09
7.833755350540741805e-03 2.199647774368856708e-09
7.924465962305568892e-03 2.187888641135004835e-09
8.016226953450207235e-03 2.175963902015528963e-09
8.109050486794647586e-03 2.172140919426326951e-09
8.202948865997691796e-03 2.178658055358288446e-09
8.297934537187804521e-03 2.181281580653939778e-09
8.394020090612802285e-03 2.190100582367993322e-09
8.491218262308719913e-03 2.190892571405607482e-09
8.589541935787937607e-03 2.194464983042684357e-09
8.689004143746880890e-03 2.191805510829925362e-09
8.789618069793463453e-03 2.190644355334708976e-09
8.891397050194612892e-03 2.191390119713167611e-09
8.994354575643934840e-03 2.187103559742001295e-09
9.098504293049919714e-03 2.188016242287825919e-09
9.203860007344778771e-03 2.184794591867134242e-09
9.310435683314336255e-03 2.186640454771169861e-09
9.418245447449000163e-03 2.185666024472115187e-09
9.527303589816240106e-03 2.188258416991276150e-09
9.637624565954681574e-03 2.188272728780508193e-09
9.749222998790225969e-03 2.186449916458217849e-09
9.862113680574265823e-03 2.183826917146120828e-09
9.976311574844402841e-03 2.181233709605138829e-09
1.009183181840780756e-02 2.177658946712756309e-09
1.020868972334764563e-02 2.168726267896404787e-09
1.032690077905264354e-02 2.164987441555858652e-09
1.044648065427019115e-02 2.164708993860103171e-09
1.056744519918323584e-02 2.173890280264196766e-09
1.068981044751115932e-02 2.177825231889032122e-09
1.081359261863509835e-02 2.180548670920222252e-09
1.093880811974775637e-02 2.170085468349828220e-09
1.106547354802819329e-02 2.160779545073401937e-09
1.119360569284169951e-02 2.163958111732095625e-09
1.132322153796529694e-02 2.175226942577882076e-09
1.145433826383886189e-02 2.175531108776444380e-09
1.158697324984239718e-02 2.163635246856845526e-09
1.172114407659961138e-02 2.162235264124873177e-09
1.185686852830827517e-02 2.173489545561167649e-09
1.199416459509744862e-02 2.167134451569970515e-09
1.213305047541208236e-02 2.157772750520647467e-09
1.227354457842515234e-02 2.168932772479229877e-09
1.241566552647785024e-02 2.166245467391859745e-09
1.255943215754789545e-02 2.155490370051289915e-09
1.270486352774653077e-02 2.170321894487891110e-09
1.285197891384432141e-02 2.157868667286412271e-09
1.300079781582635929e-02 2.155843427405825579e-09
1.315133995947690565e-02 2.165112258751026261e-09
1.330362529899405295e-02 2.153981827022919615e-09
1.345767401963458149e-02 2.167843557517785633e-09
1.361350654038956040e-02 2.151342277739625124e-09
1.377114351669082859e-02 2.164395204359561752e-09
1.393060584314884456e-02 2.148202473861432259e-09
1.409191465632227309e-02 2.160728591497868960e-09
1.425509133751954628e-02 2.150226689365392687e-09
1.442015751563302701e-02 2.160340281668689661e-09
1.458713507000582686e-02 2.153226193993281619e-09
1.475604613333193239e-02 2.151350355575198288e-09
1.492691309458979952e-02 2.158757229931870059e-09
1.509975860201007852e-02 2.146080949252683665e-09
1.527460556607756169e-02 2.154056010836694548e-09
1.545147716256795901e-02 2.155611069602287192e-09
1.563039683561977602e-02 2.144113095497475298e-09
1.581138830084189567e-02 2.150297442000236127e-09
1.599447554845698227e-02 2.154398575944532194e-09
1.617968284648142047e-02 2.148384101649709206e-09
1.636703474394191060e-02 2.141283829682313193e-09
1.655655607412955324e-02 2.144960519575435742e-09
1.674827195789137593e-02 2.150252139813512662e-09
1.694220780696013146e-02 2.151820099619758876e-09
1.713838932732252018e-02 2.146813696535903142e-09
1.733684252262658251e-02 2.141659263404111923e-09
1.753759369762839665e-02 2.138243879691701687e-09
1.774066946167878259e-02 2.136943538578293576e-09
1.794609673225026208e-02 2.137372836043322852e-09
1.815390273850506567e-02 2.137634742352793462e-09
1.836411502490422828e-02 2.137987251363055023e-09
1.857676145485861671e-02 2.136255996905936078e-09
1.879187021442221134e-02 2.134229509603701563e-09
1.900946981602805869e-02 2.132928494790068190e-09
1.922958910226767182e-02 2.132827167836057026e-09
1.945225724971402087e-02 2.134621494364336057e-09
1.967750377278887700e-02 2.137842762854479549e-09
1.990535852767486361e-02 2.140899269729090258e-09
2.013585171627295042e-02 2.138560072157160693e-09
2.036901389020562628e-02 2.132119795371601680e-09
2.060487595486651738e-02 2.128726870039198295e-09
2.084346917351677028e-02 2.134030782192374470e-09
2.108482517142910850e-02 2.136232737819192060e-09
2.132897594007962527e-02 2.128673361370067859e-09
2.157595384138826650e-02 2.130910215560769170e-09
2.182579161200829884e-02 2.133775126731259807e-09
2.207852236766562337e-02 2.126701878123201023e-09
2.233417960754814982e-02 2.131811795554582556e-09
2.259279721874613012e-02 2.126199683514925528e-09
2.285440948074375297e-02 2.128632418110585008e-09
2.311905106996301265e-02 2.125282436847330589e-09
2.338675706435990390e-02 2.127436482007120133e-09
2.365756294807403598e-02 2.122321436691843312e-09
2.393150461613192254e-02 2.127990069533564755e-09
2.420861837920496376e-02 2.120524151872576965e-09
2.448894096842230139e-02 2.122739065433260169e-09
2.477250954023949708e-02 2.123860276631706640e-09
2.505936168136362052e-02 2.118767274884632370e-09
2.534953541373521912e-02 2.118404415342095810e-09
2.564306919956823791e-02 2.122035514234714647e-09
2.594000194644804219e-02 2.123081494816331384e-09
2.624037301248863946e-02 2.119084874621279482e-09
2.654422221154941960e-02 2.115756744236885372e-09
2.685158981851263130e-02 2.113878717604028993e-09
2.716251657462164654e-02 2.113349244063130062e-09
2.747704369288123810e-02 2.107125708898455633e-09
2.779521286352018214e-02 2.110760964874994311e-09
2.811706625951744878e-02 2.109815373508326004e-09
2.844264654219206059e-02 2.110778877087194728e-09
2.877199686685785740e-02 2.112437315752579601e-09
2.910516088854357350e-02 2.113741475709217458e-09
2.944218276777944496e-02 2.114208278888802449e-09
2.978310717645051356e-02 2.110136713127839909e-09
3.012797930371790070e-02 2.106711589450501755e-09
3.047684486200846407e-02 2.110087641670922965e-09
3.082975009307410696e-02 2.110543017237419666e-09
3.118674177412095530e-02 2.104535976407619672e-09
3.154786722400967913e-02 2.105446234445295455e-09
3.191317430952744089e-02 2.104163027885181609e-09
3.228271145173277484e-02 2.106634774763489692e-09
3.265652763237360950e-02 2.102309303332669470e-09
3.303467240037977898e-02 2.102408694213220190e-09
3.341719587843073463e-02 2.100624388293521892e-09
3.380414876959908499e-02 2.102546573589614132e-09
3.419558236407146262e-02 2.104355309933738649e-09
3.459154854594680834e-02 2.099827379350936280e-09
3.499209980011368931e-02 2.098137738463593301e-09
3.539728921920690108e-02 2.098601988018427367e-09
3.580717051064509493e-02 2.100058866611308640e-09
3.622179800374948633e-02 2.099573259907927419e-09
3.664122665694521247e-02 2.098694847771344453e-09
3.706551206504588719e-02 2.098714805879441351e-09
3.749471046662278262e-02 2.097088397603947847e-09
3.792887875145917187e-02 2.095354117923248877e-09
3.836807446809096384e-02 2.088337862817857994e-09
3.881235583143458762e-02 2.090243075165207985e-09
3.926178173050358378e-02 2.092902469143014541e-09
3.971641173621406201e-02 2.093673560501461296e-09
4.017630610928087792e-02 2.088014408044129073e-09
4.064152580820496602e-02 2.091080600521292081e-09
4.111213249735355679e-02 2.089235890613013013e-09
4.158818855513353452e-02 2.088383976865391341e-09
4.206975708225977467e-02 2.087783332182525298e-09
4.255690191011882867e-02 2.088700812130629616e-09
4.304968760923003068e-02 2.083477317832620924e-09
4.354817949780401959e-02 2.085045260464882877e-09
4.405244365040068139e-02 2.086738330878849600e-09
4.456254690668728924e-02 2.084790058203218594e-09
4.507855688029784730e-02 2.082733657900480435e-09
4.560054196779547708e-02 2.081552327573098768e-09
4.612857135773813788e-02 2.080421921399390256e-09
4.666271503984956853e-02 2.079929028279648677e-09
4.720304381429617224e-02 2.081876967212012351e-09
4.774962930107178732e-02 2.081371108690756313e-09
4.830254394949064223e-02 2.079405070154838820e-09
4.886186104779054878e-02 2.076026572026708449e-09
4.942765473284694427e-02 2.077707474425593246e-09
4.999999999999998890e-02 2.076616121635269787e-09
5.057897271299490599e-02 2.074800710401627589e-09
5.116464961403772299e-02 2.074917441305654012e-09
5.175710833396719723e-02 2.074138088114280500e-09
5.235642740254497357e-02 2.071575197986040321e-09
5.296268625886442483e-02 2.072804526130309129e-09
5.357596526188034003e-02 2.073240736745037006e-09
5.419634570106018207e-02 2.071529809113350025e-09
5.482390980715924622e-02 2.069550864540864488e-09
5.545874076312003881e-02 2.069449612522742715e-09
5.610092271509820039e-02 2.069089704635061734e-09
5.675054078361575771e-02 2.069444128191994767e-09
5.740768107484413296e-02 2.067496133238604492e-09
5.807243069201711849e-02 2.064080940775719453e-09
5.874487774697650933e-02 2.066557660109995029e-09
5.942511137185093467e-02 2.064821195891557969e-09
6.011322173087065013e-02 2.064113056971113788e-09
6.080930003231838771e-02 2.063144431611943876e-09
6.151343854061905314e-02 2.064554866909531896e-09
6.222573058856927658e-02 2.057972779139431540e-09
6.294627058970836408e-02 2.058428019926551494e-09
6.367515405083307156e-02 2.058983180751183350e-09
6.441247758465666606e-02 2.058509863720295216e-09
6.515833892261499449e-02 2.056660519780865845e-09
6.591283692782035075e-02 2.056306850755359140e-09
6.667607160816618750e-02 2.056921675679333744e-09
6.744814412958265171e-02 2.057539455968851487e-09
6.822915682944626081e-02 2.054242761236423281e-09
6.901921323014426068e-02 2.056179059188372634e-09
6.981841805279687119e-02 2.052448042105619926e-09
7.062687723113769689e-02 2.054266794453812716e-09
7.144469792555516174e-02 2.053342090629065757e-09
7.227198853729638328e-02 2.050474775233602138e-09
7.310885872283590103e-02 2.049607687842668880e-09
7.395541940841034168e-02 2.049061574684921570e-09
7.481178280472169928e-02 2.048076229654987704e-09
7.567806242181042420e-02 2.048678867743949803e-09
7.655437308410149855e-02 2.048128492496826205e-09
7.744083094562402569e-02 2.045919552291545238e-09
7.833755350540749784e-02 2.047273894436644285e-09
7.924465962305569933e-02 2.043445157092341403e-09
8.016226953450207582e-02 2.045085655194552257e-09
8.109050486794647239e-02 2.044712496676788690e-09
8.202948865997691796e-02 2.043254136879672678e-09
8.297934537187805215e-02 2.042000973399716205e-09
8.394020090612801244e-02 2.042389454573523634e-09
8.491218262308719567e-02 2.041478375557672105e-09
8.589541935787936566e-02 2.038947245418942895e-09
8.689004143746879849e-02 2.037818778697290049e-09
8.789618069793463107e-02 2.038174956234804518e-09
8.891397050194613239e-02 2.036470705248987400e-09
8.994354575643936922e-02 2.036039352094584815e-09
9.098504293049920755e-02 2.034859738171089006e-09
9.203860007344781546e-02 2.035224420390397580e-09
9.310435683314335908e-02 2.033556603494778850e-09
9.418245447449000163e-02 2.032097969805198446e-09
9.527303589816239759e-02 2.034581468652055376e-09
9.637624565954681921e-02 2.031036509754463856e-09
9.749222998790225969e-02 2.031996909382365848e-09
9.862113680574265129e-02 2.029502138556631551e-09
9.976311574844401453e-02 2.029164819706137488e-09
1.009183181840780652e-01 2.028696313819243990e-09
1.020868972334764563e-01 2.026808018314371992e-09
1.032690077905264459e-01 2.026772178197704361e-09
1.044648065427020295e-01 2.025982190490838329e-09
1.056744519918323688e-01 2.026218989594384860e-09
1.068981044751115966e-01 2.024527796176151608e-09
1.081359261863509835e-01 2.023268869653473274e-09
1.093880811974775741e-01 2.023209264957406009e-09
1.106547354802819155e-01 2.022883419906860169e-09
1.119360569284169882e-01 2.020030169961291085e-09
1.132322153796529590e-01 2.019630262540191325e-09
1.145433826383886050e-01 2.025453600282084492e-09
1.158697324984239718e-01 2.018252603398346783e-09
1.172114407659961138e-01 2.019070642712533776e-09
1.185686852830827448e-01 2.016840317920272741e-09
1.199416459509744792e-01 2.017988276445614180e-09
1.213305047541208270e-01 2.015971380788939188e-09
1.227354457842515373e-01 2.015032234253451246e-09
1.241566552647785093e-01 2.014264439714055615e-09
1.255943215754789510e-01 2.012819045140824883e-09
1.270486352774652938e-01 2.013435754309596844e-09
1.285197891384432245e-01 2.012888643993784547e-09
1.300079781582635929e-01 2.012256825673301918e-09
1.315133995947690426e-01 2.011101885615432958e-09
1.330362529899405399e-01 2.009189374464606495e-09
1.345767401963458010e-01 2.008839623370316620e-09
1.361350654038956109e-01 2.008770618777946683e-09
1.377114351669082859e-01 2.007774406425548244e-09
1.393060584314886052e-01 2.007673391020236255e-09
1.409191465632227414e-01 2.007144860693158635e-09
1.425509133751954594e-01 2.003972788415392722e-09
1.442015751563302528e-01 2.006911482650446356e-09
1.458713507000582721e-01 2.011260461723125910e-09
1.475604613333193205e-01 2.002959380266137925e-09
1.492691309458979987e-01 1.999307944450546149e-09
1.509975860201007714e-01 2.001416710819347137e-09
1.527460556607755926e-01 2.001493372846426303e-09
1.545147716256795867e-01 1.998976946320852338e-09
1.563039683561977533e-01 1.998497579734829521e-09
1.581138830084189428e-01 1.997409459402999459e-09
1.599447554845698227e-01 1.997554369257252423e-09
1.617968284648141908e-01 1.996523940858188122e-09
1.636703474394191060e-01 1.996916657958205757e-09
1.655655607412955255e-01 1.995395032784015260e-09
1.674827195789137801e-01 1.994551293909416939e-09
1.694220780696013284e-01 1.993291560638111289e-09
1.713838932732252018e-01 1.992857419678356782e-09
1.733684252262658043e-01 1.991625504506176702e-09
1.753759369762839249e-01 1.990732890112660822e-09
1.774066946167878189e-01 1.989894562626207545e-09
1.794609673225026625e-01 1.989713237382955335e-09
1.815390273850506775e-01 1.987737198593563768e-09
1.836411502490422898e-01 1.987687081576280761e-09
1.857676145485863684e-01 1.986792034383842249e-09
1.879187021442221273e-01 1.987011234835926624e-09
1.900946981602806007e-01 1.985020323571306402e-09
1.922958910226767459e-01 1.985412464983265094e-09
1.945225724971401948e-01 1.982884235097368285e-09
1.967750377278887908e-01 1.983167327178384551e-09
1.990535852767486291e-01 1.985472375020161806e-09
2.013585171627295112e-01 1.982061624502567266e-09
2.036901389020562836e-01 1.977849295727281195e-09
2.060487595486651669e-01 1.980498983113234795e-09
2.084346917351677098e-01 1.977867329770085368e-09
2.108482517142910850e-01 1.978430064251161603e-09
2.132897594007962250e-01 1.977925102315181860e-09
2.157595384138826788e-01 1.976236766807923743e-09
2.182579161200829954e-01 1.975985727130645411e-09
2.207852236766562337e-01 1.974895994660470400e-09
2.233417960754814635e-01 1.974296395371317515e-09
2.259279721874612734e-01 1.974059317364935070e-09
2.285440948074375644e-01 1.972868818041448221e-09
2.311905106996301196e-01 1.972362715644693193e-09
2.338675706435990320e-01 1.971750185125330929e-09
2.365756294807403459e-01 1.970213663004518644e-09
2.393150461613192115e-01 1.968385861339057581e-09
2.420861837920496862e-01 1.968467724182039996e-09
2.448894096842230417e-01 1.968492394927213598e-09
2.477250954023952345e-01 1.968174602712614800e-09
2.505936168136362330e-01 1.966747710245991510e-09
2.534953541373521912e-01 1.969418521356889739e-09
2.564306919956823583e-01 1.964597693361571295e-09
2.594000194644804358e-01 1.962796681606487714e-09
2.624037301248863807e-01 1.963225865571917367e-09
2.654422221154941752e-01 1.963389437226937140e-09
2.685158981851262783e-01 1.960765569231794839e-09
2.716251657462164792e-01 1.961530021418480369e-09
2.747704369288123671e-01 1.961081978825282912e-09
2.779521286352018006e-01 1.959703175318986429e-09
2.811706625951744809e-01 1.964842911210406305e-09
2.844264654219206268e-01 1.957596504584472834e-09
2.877199686685785740e-01 1.957428093851870647e-09
2.910516088854357419e-01 1.956797098226300612e-09
2.944218276777944010e-01 1.954929073005987770e-09
2.978310717645051287e-01 1.953255397577659599e-09
3.012797930371789445e-01 1.953466429226843687e-09
3.047684486200846199e-01 1.954135924758227080e-09
3.082975009307410419e-01 1.953447438642911648e-09
3.118674177412095183e-01 1.950262553921491883e-09
3.154786722400967358e-01 1.951237322521808606e-09
3.191317430952744227e-01 1.950621507140316202e-09
3.228271145173277623e-01 1.948528499390796398e-09
3.265652763237361089e-01 1.947873430990301036e-09
3.303467240037981645e-01 1.948310306313107739e-09
3.341719587843073880e-01 1.946428824728326079e-09
3.380414876959909609e-01 1.946504906258473082e-09
3.419558236407145846e-01 1.945527881855582078e-09
3.459154854594680417e-01 1.943483463991711523e-09
3.499209980011368515e-01 1.943636580366928827e-09
3.539728921920690108e-01 1.943045488174066828e-09
3.580717051064509771e-01 1.942030598025925143e-09
3.622179800374948910e-01 1.942469400613675813e-09
3.664122665694521941e-01 1.940603871280965871e-09
3.706551206504588025e-01 1.939925295617364771e-09
3.749471046662278817e-01 1.939737906121933435e-09
3.792887875145917742e-01 1.938060141616518155e-09
3.836807446809096245e-01 1.938400988620362736e-09
3.881235583143459178e-01 1.937149972297341274e-09
3.926178173050358100e-01 1.936108022918316896e-09
3.971641173621405785e-01 1.935001922265177766e-09
4.017630610928087931e-01 1.934909503532017516e-09
4.064152580820497018e-01 1.933593490049323307e-09
4.111213249735355402e-01 1.933246589027656663e-09
4.158818855513353729e-01 1.935494841542157851e-09
4.206975708225977328e-01 1.932020187378258423e-09
4.255690191011883283e-01 1.930887457249047913e-09
4.304968760923003068e-01 1.929658043555800978e-09
4.354817949780401820e-01 1.928157210437862131e-09
4.405244365040072441e-01 1.928539218957198921e-09
4.456254690668728924e-01 1.926984844355056657e-09
4.507855688029784313e-01 1.926927554109143489e-09
4.560054196779547708e-01 1.924854740335266278e-09
4.612857135773818507e-01 1.925453555944392954e-09
4.666271503984956714e-01 1.924524216430213217e-09
4.720304381429616947e-01 1.923380087295547688e-09
4.774962930107178871e-01 1.922732109304553823e-09
4.830254394949065055e-01 1.922149898648270241e-09
4.886186104779055572e-01 1.922071069484124025e-09
4.942765473284694844e-01 1.921068645401826068e-09
5.000000000000000000e-01 1.911965487021659623e-09
5.235642740254496941e-01 1.920116637913020944e-09
5.482390980715925455e-01 1.913448926165257924e-09
5.740768107484413019e-01 1.910486352331000509e-09
6.011322173087064735e-01 1.907945790696558738e-09
6.294627058970835298e-01 1.906003250870910380e-09
6.591283692782035075e-01 1.901219508492116606e-09
6.901921323014423848e-01 1.898660580419392395e-09
7.227198853729638328e-01 1.895919313617202742e-09
7.567806242181041032e-01 1.891894965318374228e-09
7.924465962305566880e-01 1.888027544445808290e-09
8.297934537187803272e-01 1.885063152346471385e-09
8.689004143746876796e-01 1.881691605792605660e-09
9.098504293049917147e-01 1.879610803855307406e-09
9.527303589816236151e-01 1.878999433660439614e-09
9.976311574844398677e-01 1.872867110635196661e-09
1.044648065427019601e+00 1.867915744571662993e-09
1.093880811974776268e+00 1.865974525393114809e-09
1.145433826383886355e+00 1.864385534992671256e-09
1.199416459509745181e+00 1.861576744572782486e-09
1.255943215754790065e+00 1.857074940170856184e-09
1.315133995947690870e+00 1.856184109011426526e-09
1.377114351669083137e+00 1.850836768233511625e-09
1.442015751563303194e+00 1.846871402140157042e-09
1.509975860201008047e+00 1.845454814236905946e-09
1.581138830084189539e+00 1.842120540136764564e-09
1.655655607412955588e+00 1.828533532141419956e-09
1.733684252262658321e+00 1.836352425943988979e-09
1.815390273850506775e+00 1.833507283551477100e-09
1.900946981602805730e+00 1.829997418605610033e-09
1.990535852767486125e+00 1.833000948898169028e-09
2.084346917351676876e+00 1.823753121454674320e-09
2.182579161200830065e+00 1.820218191818552181e-09
2.285440948074374923e+00 1.816753850083845865e-09
2.393150461613192004e+00 1.814622369001108166e-09
2.505936168136361886e+00 1.811109404854439891e-09
2.624037301248862697e+00 1.807228795811237411e-09
2.747704369288122450e+00 1.810627620168007753e-09
2.877199686685784741e+00 1.792845554831656355e-09
3.012797930371788890e+00 1.799985045586702104e-09
3.154786722400965804e+00 1.797763418254943940e-09
3.303467240037980091e+00 1.791233075853634029e-09
3.459154854594682416e+00 1.790431596525138823e-09
3.622179800374950354e+00 1.789164702634935970e-09
3.792887875145919185e+00 1.784362062385470087e-09
3.971641173621408338e+00 1.781557703306168415e-09
4.158818855513356283e+00 1.781580463404568639e-09
4.354817949780404263e+00 1.776257368169459742e-09
4.560054196779547375e+00 1.764673600886014844e-09
4.774962930107178316e+00 1.770411696839425199e-09
5.000000000000000000e+00 1.764996572969670659e-09
6.294627058970836408e+00 1.749550981648337741e-09
7.924465962305568212e+00 1.736301959174036310e-09
9.976311574844396901e+00 1.723631807198928394e-09
1.255943215754790110e+01 1.748157353542416765e-09
1.581138830084189451e+01 1.689835285710196196e-09
1.990535852767486347e+01 1.675370562124671707e-09
2.505936168136361886e+01 1.668274331759660205e-09
3.154786722400966426e+01 1.646610373829670003e-09
3.971641173621406296e+01 1.631954531516785012e-09
4.999999999999999289e+01 1.621029473242651452e-09
