2.338675706435990129e-05 1.170226010346233148e-13
2.393150461613189164e-05 2.912095774926196007e-13
2.448894096842227708e-05 6.296430666932201379e-13
2.505936168136361892e-05 1.128523989294830267e-12
2.564306919956823707e-05 1.788527355000832211e-12
2.624037301248860617e-05 2.612050356860515803e-12
2.685158981851265889e-05 3.608676459791104971e-12
2.747704369288123718e-05 4.783046682787174818e-12
2.811706625951745011e-05 6.148422681455374952e-12
2.877199686685783203e-05 7.715934409052513502e-12
2.944218276777941663e-05 9.503597836182686581e-12
3.012797930371789959e-05 1.152712466841423326e-11
3.082975009307410534e-05 1.381096139973339374e-11
3.154786722400964650e-05 1.637286522689828535e-11
3.228271145173280656e-05 1.923561589586409899e-11
3.303467240037981687e-05 2.243258650807655337e-11
3.380414876959908759e-05 2.599056416561687577e-11
3.459154854594680595e-05 2.992589144275082040e-11
3.539728921920685885e-05 3.428346253312787473e-11
3.622179800374952406e-05 3.911216137129989107e-11
3.706551206504588155e-05 4.442936555310628857e-11
3.792887875145917236e-05 5.029649624685737471e-11
3.881235583143463039e-05 5.674846911220907226e-11
3.971641173621410364e-05 6.383734756181315839e-11
4.064152580820496591e-05 7.165986148550468286e-11
4.158818855513353842e-05 8.017806673850539967e-11
4.255690191011878395e-05 8.952204528039808728e-11
4.354817949780398050e-05 9.973463697315516740e-11
4.456254690668729390e-05 1.108904667174536069e-10
4.560054196779547508e-05 1.230699601203299871e-10
4.666271503984952289e-05 1.362963220100870735e-10
4.774962930107183736e-05 1.507437949471460163e-10
4.886186104779054808e-05 1.664689472453837629e-10
4.999999999999998884e-05 1.835113447076754983e-10
5.057897271299490442e-05 1.925403659121948615e-10
5.116464961403767209e-05 2.019579999492774161e-10
5.175710833396714221e-05 2.118314843515710285e-10
5.235642740254491318e-05 2.220092997768796110e-10
5.296268625886447866e-05 2.326135508824683107e-10
5.357596526188034854e-05 2.436546192408205982e-10
5.419634570106018624e-05 2.551551706626840811e-10
5.482390980715924394e-05 2.670750767409223196e-10
5.545874076312003680e-05 2.794763650977637941e-10
5.610092271509813691e-05 2.923363687004554756e-10
5.675054078361571342e-05 3.057456525570537214e-10
5.740768107484408596e-05 3.195684728283974062e-10
5.807243069201718186e-05 3.339603847327460725e-10
5.874487774697652071e-05 3.488665630690061139e-10
5.942511137185094486e-05 3.643547686437431272e-10
6.011322173087064200e-05 3.804555843241679792e-10
6.080930003231838695e-05 3.970142637414682023e-10
6.151343854061905325e-05 4.141455030976848164e-10
6.222573058856921034e-05 4.319544161246160598e-10
6.294627058970830402e-05 4.503902176895246765e-10
6.367515405083314138e-05 4.694144441587902860e-10
6.441247758465673719e-05 4.891609174663821362e-10
6.515833892261499124e-05 5.094477035947064204e-10
6.591283692782035650e-05 5.305408415822801162e-10
6.667607160816619769e-05 5.522088355307006551e-10
6.744814412958265366e-05 5.746707976763642409e-10
6.822915682944618535e-05 5.976586246817855395e-10
6.901921323014417829e-05 6.214917038921382255e-10
6.981841805279679497e-05 6.461278624432256957e-10
7.062687723113775782e-05 6.713871402855833548e-10
7.144469792555517389e-05 6.975489159358058267e-10
7.227198853729638578e-05 7.242188384554825800e-10
7.310885872283590017e-05 7.517122094207209749e-10
7.395541940841035122e-05 7.800798746045205239e-10
7.481178280472162371e-05 8.091825846712424717e-10
7.567806242181034505e-05 8.390851276825159571e-10
7.655437308410142656e-05 8.696349103179208490e-10
7.744083094562412067e-05 9.010760312683087444e-10
7.833755350540748852e-05 9.333355874982315339e-10
7.924465962305569597e-05 9.661835137027387570e-10
8.016226953450208102e-05 1.000166948850893029e-09
8.109050486794647857e-05 1.034549455619624310e-09
8.202948865997692718e-05 1.069738075249676275e-09
8.297934537187796715e-05 1.105525773034125352e-09
8.394020090612792852e-05 1.142395813543554531e-09
8.491218262308728262e-05 1.179554463202880700e-09
8.589541935787945305e-05 1.217507690123190473e-09
8.689004143746881595e-05 1.256203425699554213e-09
8.789618069793464267e-05 1.295917995902496720e-09
8.891397050194613488e-05 1.335629262234844195e-09
8.994354575643936521e-05 1.376099666786373761e-09
9.098504293049911853e-05 1.417062645691392464e-09
9.203860007344770748e-05 1.459098552773895807e-09
9.310435683314326931e-05 1.500747686183551257e-09
9.418245447449007861e-05 1.543348776857733580e-09
9.527303589816239347e-05 1.586374557890345764e-09
9.637624565954680924e-05 1.629030078622453995e-09
9.749222998790226565e-05 1.672549746497467583e-09
9.862113680574266798e-05 1.715895884071565254e-09
9.976311574844392432e-05 1.759695279003779961e-09
1.009183181840780691e-04 1.803469032502849802e-09
1.020868972334764785e-04 1.846937085486603652e-09
1.032690077905264333e-04 1.890446049776619672e-09
1.044648065427019099e-04 1.933802324713407972e-09
1.056744519918323676e-04 1.977240404258749529e-09
1.068981044751116051e-04 2.019567265464747294e-09
1.081359261863509824e-04 2.061957480676829085e-09
1.093880811974775783e-04 2.103434552513669788e-09
1.106547354802819166e-04 2.144668264166906931e-09
1.119360569284169843e-04 2.184536591197240430e-09
1.132322153796529580e-04 2.223942614323324322e-09
1.145433826383885891e-04 2.262513488291639507e-09
1.158697324984239615e-04 2.298608060008057389e-09
1.172114407659961160e-04 2.334613535610260971e-09
1.185686852830827691e-04 2.369219605443058214e-09
1.199416459509744813e-04 2.402178538911142642e-09
1.213305047541207081e-04 2.432535562213386870e-09
1.227354457842515364e-04 2.462136921467000546e-09
1.241566552647784948e-04 2.489718318458580695e-09
1.255943215754789502e-04 2.515717638731144135e-09
1.270486352774653110e-04 2.538256452629128629e-09
1.285197891384432108e-04 2.559096695317513117e-09
1.300079781582635788e-04 2.577129304589431258e-09
1.315133995947690435e-04 2.593441915809635327e-09
1.330362529899403897e-04 2.606405100106528856e-09
1.345767401963458333e-04 2.616520311466938138e-09
1.361350654038956344e-04 2.624058465455670867e-09
1.377114351669082826e-04 2.628567513750387292e-09
1.393060584314884456e-04 2.630447336082689640e-09
1.409191465632227234e-04 2.628123238491714505e-09
1.425509133751954596e-04 2.623626758497980636e-09
1.442015751563302474e-04 2.615951356036700277e-09
1.458713507000582675e-04 2.603732146722736393e-09
1.475604613333193142e-04 2.589888310702858837e-09
1.492691309458979746e-04 2.570711097309600069e-09
1.509975860201007907e-04 2.549544154856712743e-09
1.527460556607755941e-04 2.524791251909733708e-09
1.545147716256795760e-04 2.497009142000047177e-09
1.563039683561977700e-04 2.465842201218342035e-09
1.581138830084189426e-04 2.431365354150665566e-09
1.599447554845698401e-04 2.394274235165456585e-09
1.617968284648140247e-04 2.354677427110291584e-09
1.636703474394191234e-04 2.312276496910074186e-09
1.655655607412955237e-04 2.267122678308245114e-09
1.674827195789137550e-04 2.220414913256639789e-09
1.694220780696013395e-04 2.171457646642351410e-09
1.713838932732251867e-04 2.121360104370819290e-09
1.733684252262658175e-04 2.069534220322850008e-09
1.753759369762839622e-04 2.016843507202114475e-09
1.774066946167876340e-04 1.962778845649480961e-09
1.794609673225026631e-04 1.909571373461739031e-09
1.815390273850506729e-04 1.856023678700242647e-09
1.836411502490422785e-04 1.803061951474835091e-09
1.857676145485863753e-04 1.750989238838099196e-09
1.879187021442221307e-04 1.700512538711043015e-09
1.900946981602805912e-04 1.651879940046566783e-09
1.922958910226767171e-04 1.605386755202937695e-09
1.945225724971401675e-04 1.561517758103991970e-09
1.967750377278885748e-04 1.521387680776098550e-09
1.990535852767485949e-04 1.485022047431766055e-09
2.013585171627295303e-04 1.452515992323802619e-09
2.036901389020563029e-04 1.424397974845022686e-09
2.060487595486651640e-04 1.401396156710798388e-09
2.084346917351676985e-04 1.383461535507785923e-09
2.108482517142910915e-04 1.371421284349599095e-09
2.132897594007962582e-04 1.364809016590895608e-09
2.157595384138824807e-04 1.364493984050883844e-09
2.182579161200830003e-04 1.370112755683388401e-09
2.207852236766561979e-04 1.382115626959210194e-09
2.233417960754814971e-04 1.400077471609105024e-09
2.259279721874612654e-04 1.424356854750523549e-09
2.285440948074375482e-04 1.454710278098885671e-09
2.311905106996301417e-04 1.490608957785550650e-09
2.338675706435990400e-04 1.531936009467198694e-09
2.365756294807400931e-04 1.578392623943460582e-09
2.393150461613192145e-04 1.629090594734061919e-09
2.420861837920496398e-04 1.683915363982900625e-09
2.448894096842230486e-04 1.741840719115935993e-09
2.477250954023952571e-04 1.802023538118771463e-09
2.505936168136362096e-04 1.864166079290092191e-09
2.534953541373521587e-04 1.926758890328952660e-09
2.564306919956823639e-04 1.989558036307145895e-09
2.594000194644803916e-04 2.050736603649439018e-09
2.624037301248860888e-04 2.110154993780414229e-09
2.654422221154941939e-04 2.166207268144075277e-09
2.685158981851263043e-04 2.218440757312424964e-09
2.716251657462165044e-04 2.264832469060786424e-09
2.747704369288123854e-04 2.306197356458597004e-09
2.779521286352018127e-04 2.340653730842666724e-09
2.811706625951744943e-04 2.367731968592110410e-09
2.844264654219205712e-04 2.386644836878817999e-09
2.877199686685782661e-04 2.397249846056402908e-09
2.910516088854357393e-04 2.399245472784133859e-09
2.944218276777944170e-04 2.391842928962283628e-09
2.978310717645051204e-04 2.376276468469197824e-09
3.012797930371790027e-04 2.351914915296749466e-09
3.047684486200846234e-04 2.319936512077194156e-09
3.082975009307410263e-04 2.280877589956681692e-09
3.118674177412095313e-04 2.235216190258400311e-09
3.154786722400964379e-04 2.184993618088933524e-09
3.191317430952743915e-04 2.130395274333793437e-09
3.228271145173277267e-04 2.073447273650124858e-09
3.265652763237360972e-04 2.015788234953326148e-09
3.303467240037981823e-04 1.959107254134668312e-09
3.341719587843073962e-04 1.905042223004042708e-09
3.380414876959908759e-04 1.854780807637671814e-09
3.419558236407145655e-04 1.810460989120669824e-09
3.459154854594681137e-04 1.773915377930756937e-09
3.499209980011365223e-04 1.745865619484522156e-09
3.539728921920690086e-04 1.726888466330767866e-09
3.580717051064509905e-04 1.718933165738233999e-09
3.622179800374948611e-04 1.722250388659579463e-09
3.664122665694521551e-04 1.736691023035461806e-09
3.706551206504588155e-04 1.762459709832570251e-09
3.749471046662278739e-04 1.798097279826714664e-09
3.792887875145917100e-04 1.843282567144262271e-09
3.836807446809091808e-04 1.896452433790144328e-09
3.881235583143459109e-04 1.955213020057813849e-09
3.926178173050358768e-04 2.018308759328713661e-09
3.971641173621406028e-04 2.082627971146658990e-09
4.017630610928088399e-04 2.145955167460992366e-09
4.064152580820496320e-04 2.205615626351245368e-09
4.111213249735355181e-04 2.259205388660328096e-09
4.158818855513353842e-04 2.304413818162837199e-09
4.206975708225973477e-04 2.349957837260831431e-09
4.255690191011882867e-04 2.361570919423849376e-09
4.304968760923002613e-04 2.370831582902004131e-09
4.354817949780401981e-04 2.366372386484075491e-09
4.405244365040073364e-04 2.348625780948900864e-09
4.456254690668728035e-04 2.317982348430079664e-09
4.507855688029784470e-04 2.276496026065891001e-09
4.560054196779547643e-04 2.225729260135336196e-09
4.612857135773813463e-04 2.169102363747636532e-09
4.666271503984952018e-04 2.109335398291030647e-09
4.720304381429617636e-04 2.050476306805301955e-09
4.774962930107178993e-04 1.995805283182209334e-09
4.830254394949064960e-04 1.948727525754011305e-09
4.886186104779055486e-04 1.912731693457954675e-09
4.942765473284694211e-04 1.889938710578120286e-09
4.999999999999999020e-04 1.882585443777474706e-09
5.057897271299491120e-04 1.891507644221243750e-09
5.116464961403766531e-04 1.915286520138262947e-09
5.175710833396719507e-04 1.954491375779037422e-09
5.235642740254497010e-04 2.004840146486649116e-09
5.296268625886442309e-04 2.064780502389486285e-09
5.357596526188034176e-04 2.128799193304258405e-09
5.419634570106019031e-04 2.192846315787394213e-09
5.482390980715924666e-04 2.251927143749221124e-09
5.545874076312004358e-04 2.301648953654633546e-09
5.610092271509814097e-04 2.337093190198174055e-09
5.675054078361570394e-04 2.356481973378512507e-09
5.740768107484413340e-04 2.357570738503583273e-09
5.807243069201711546e-04 2.340158703803602185e-09
5.874487774697650716e-04 2.305922392986659194e-09
5.942511137185093944e-04 2.258115827114371219e-09
6.011322173087063929e-04 2.200960817474196710e-09
6.080930003231838424e-04 2.140035190770511153e-09
6.151343854061905054e-04 2.081459639373813952e-09
6.222573058856920762e-04 2.031655954676878712e-09
6.294627058970836365e-04 1.995104572579533123e-09
6.367515405083307633e-04 1.977277145727886286e-09
6.441247758465673719e-04 1.979658478585666341e-09
6.515833892261498582e-04 2.002374360156824312e-09
6.591283692782036463e-04 2.043756460334094042e-09
6.667607160816619227e-04 2.099064632614696549e-09
6.744814412958264824e-04 2.162567032413212286e-09
6.822915682944617451e-04 2.226427472371459229e-09
6.901921323014424334e-04 2.283195193378297037e-09
6.981841805279687899e-04 2.325365522669493096e-09
7.062687723113776324e-04 2.348129073738040386e-09
7.144469792555517389e-04 2.348222690280770094e-09
7.227198853729638849e-04 2.325056761363507021e-09
7.310885872283591101e-04 2.282413621313414103e-09
7.395541940841035122e-04 2.226181398697926613e-09
7.481178280472161558e-04 2.164583693395885865e-09
7.567806242181032879e-04 2.106944312099349378e-09
7.655437308410149161e-04 2.062059981156240221e-09
7.744083094562403393e-04 2.037674440056822329e-09
7.833755350540748310e-04 2.037789456714754512e-09
7.924465962305569326e-04 2.062998331422181776e-09
8.016226953450208102e-04 2.109812932445498063e-09
8.109050486794647586e-04 2.170163270767667209e-09
8.202948865997691363e-04 2.234245946298340046e-09
8.297934537187795631e-04 2.290847400777731965e-09
8.394020090612802068e-04 2.329697113726250631e-09
8.491218262308721215e-04 2.344085269808175720e-09
8.589541935787945847e-04 2.329866536893416331e-09
8.689004143746880239e-04 2.291177773442871019e-09
8.789618069793463453e-04 2.234692800732568859e-09
8.891397050194612675e-04 2.172841044005458537e-09
8.994354575643936792e-04 2.118331286384016991e-09
9.098504293049911040e-04 2.082667952380098034e-09
9.203860007344780506e-04 2.075747844568397637e-09
9.310435683314336689e-04 2.098129304922340745e-09
9.418245447449009487e-04 2.144754672456869916e-09
9.527303589816240974e-04 2.206629886240695298e-09
9.637624565954682008e-04 2.270163573692525493e-09
9.749222998790226836e-04 2.314583399089082997e-09
9.862113680574266256e-04 2.334900839547090378e-09
9.976311574844392432e-04 2.325684100131318066e-09
1.009183181840779715e-03 2.285746046588442739e-09
1.020868972334764650e-03 2.226387455558040584e-09
1.032690077905264224e-03 2.164594289450156245e-09
1.044648065427020156e-03 2.122056656275614351e-09
1.056744519918323541e-03 2.103293423317696550e-09
1.068981044751116105e-03 2.121492529609789728e-09
1.081359261863509879e-03 2.169951973116709661e-09
1.093880811974775810e-03 2.232171998991656879e-09
1.106547354802818028e-03 2.285079042627056966e-09
1.119360569284169734e-03 2.325581246513014474e-09
1.132322153796529608e-03 2.326534692402108753e-09
1.145433826383887056e-03 2.294249295061600011e-09
1.158697324984239588e-03 2.235513647667165169e-09
1.172114407659961052e-03 2.174251046700757802e-09
1.185686852830827474e-03 2.132171706574485910e-09
1.199416459509744732e-03 2.127713242332729818e-09
1.213305047541206891e-03 2.154746508059151173e-09
1.227354457842515364e-03 2.213321751170931340e-09
1.241566552647784894e-03 2.276117105783662663e-09
1.255943215754790803e-03 2.314968163615454248e-09
1.270486352774652947e-03 2.318189316540756843e-09
1.285197891384432054e-03 2.287214778077235828e-09
1.300079781582635843e-03 2.227777679450946397e-09
1.315133995947690435e-03 2.171456695060574567e-09
1.330362529899403951e-03 2.139762454104141826e-09
1.345767401963456761e-03 2.152711039017760022e-09
1.361350654038956127e-03 2.200564236971197088e-09
1.377114351669082772e-03 2.260326597945039694e-09
1.393060584314885974e-03 2.310498296796624491e-09
1.409191465632227396e-03 2.314098533777017900e-09
1.425509133751954758e-03 2.279397433420456493e-09
1.442015751563302745e-03 2.220493752720421680e-09
1.458713507000582730e-03 2.166694024581175017e-09
1.475604613333191895e-03 2.150443492934914885e-09
1.492691309458979909e-03 2.182587415774627937e-09
1.509975860201007635e-03 2.246065604388069200e-09
1.527460556607757513e-03 2.298866956467957857e-09
1.545147716256795815e-03 2.314463091889357241e-09
1.563039683561977646e-03 2.279362703614200569e-09
1.581138830084189697e-03 2.219063060173535844e-09
1.599447554845698401e-03 2.169307901126075276e-09
1.617968284648140355e-03 2.163627110560845053e-09
1.636703474394191017e-03 2.206827989520360830e-09
1.655655607412955237e-03 2.270443615661732851e-09
1.674827195789139285e-03 2.306937608522243697e-09
1.694220780696013666e-03 2.298651101440217872e-09
1.713838932732251975e-03 2.241722924751583694e-09
1.733684252262658338e-03 2.185357641920760761e-09
1.753759369762839405e-03 2.169805258708989807e-09
1.774066946167876177e-03 2.207451854970304583e-09
1.794609673225024517e-03 2.268461545749912842e-09
1.815390273850506784e-03 2.303451113128983263e-09
1.836411502490422568e-03 2.284624411225338123e-09
1.857676145485863536e-03 2.227102986397313456e-09
1.879187021442221524e-03 2.179967279960448930e-09
1.900946981602806129e-03 2.185908840166996759e-09
1.922958910226767442e-03 2.238084888170634506e-09
1.945225724971402434e-03 2.292743184818271425e-09
1.967750377278885965e-03 2.296018835960233833e-09
1.990535852767486274e-03 2.242104123497558367e-09
2.013585171627295303e-03 2.186833162557228863e-09
2.036901389020564709e-03 2.185900065048321254e-09
2.060487595486651478e-03 2.237648338292671991e-09
2.084346917351677202e-03 2.288570697471154912e-09
2.108482517142910590e-03 2.286565631640556064e-09
2.132897594007962527e-03 2.231741444564852658e-09
2.157595384138824915e-03 2.183843145849586896e-09
2.182579161200830058e-03 2.199995482262693401e-09
2.207852236766562250e-03 2.258361281931013394e-09
2.233417960754816977e-03 2.293592951561780944e-09
2.259279721874612491e-03 2.260917912747164919e-09
2.285440948074375211e-03 2.202149945618161950e-09
2.311905106996301092e-03 2.189755436184845783e-09
2.338675706435990129e-03 2.240876413720953030e-09
2.365756294807400822e-03 2.286899209083219213e-09
2.393150461613189652e-03 2.267491649398129844e-09
2.420861837920496723e-03 2.209523599311023842e-09
2.448894096842230052e-03 2.191742553975007033e-09
2.477250954023952137e-03 2.240333827272523881e-09
2.505936168136361879e-03 2.284713661309647179e-09
2.534953541373521912e-03 2.258998710143088595e-09
2.564306919956823531e-03 2.203530798714089821e-09
2.594000194644804132e-03 2.200147740288469685e-09
2.624037301248860997e-03 2.257465864053276638e-09
2.654422221154941613e-03 2.281448777276792548e-09
2.685158981851263043e-03 2.233144771851443990e-09
2.716251657462167429e-03 2.192816801180265238e-09
2.747704369288123637e-03 2.226061996445715212e-09
2.779521286352018561e-03 2.276970215596008108e-09
2.811706625951745052e-03 2.255235585616914857e-09
2.844264654219206146e-03 2.199071096823206525e-09
2.877199686685782878e-03 2.210628662551004819e-09
2.910516088854357610e-03 2.265984751763910886e-09
2.944218276777944496e-03 2.262036045532387337e-09
2.978310717645054131e-03 2.204558111049926023e-09
3.012797930371789810e-03 2.206874668028767565e-09
3.047684486200846234e-03 2.263577272362630274e-09
3.082975009307410696e-03 2.259662085520393917e-09
3.118674177412094663e-03 2.201804294465618774e-09
3.154786722400964704e-03 2.212625728413062104e-09
3.191317430952741313e-03 2.265141885880829808e-09
3.228271145173277918e-03 2.247762823067028806e-09
3.265652763237360864e-03 2.197171819501974006e-09
3.303467240037981714e-03 2.228515240605670295e-09
3.341719587843073637e-03 2.268137787778818911e-09
3.380414876959909193e-03 2.221316558694422289e-09
3.419558236407145655e-03 2.199178346485146354e-09
3.459154854594681354e-03 2.253227906932638595e-09
3.499209980011365115e-03 2.254245116505623812e-09
3.539728921920690195e-03 2.198369475812893101e-09
3.580717051064509580e-03 2.227589927758432828e-09
3.622179800374952623e-03 2.260756266887714424e-09
3.664122665694521334e-03 2.214377250447355313e-09
3.706551206504587938e-03 2.210489971368880470e-09
3.749471046662278956e-03 2.256918202272276665e-09
3.792887875145917534e-03 2.224014383218494960e-09
3.836807446809092567e-03 2.200994759633630513e-09
3.881235583143459976e-03 2.253015854963141642e-09
3.926178173050358551e-03 2.230199528266935214e-09
3.971641173621410364e-03 2.201141739198635288e-09
4.017630610928087966e-03 2.250967508127915331e-09
4.064152580820497296e-03 2.231340239073741042e-09
4.111213249735355506e-03 2.199518424612791569e-09
4.158818855513353625e-03 2.249231981557783161e-09
4.206975708225972610e-03 2.228366516705216821e-09
4.255690191011878530e-03 2.203823631595296171e-09
4.304968760923003589e-03 2.251076404715739442e-09
4.354817949780402306e-03 2.210377078430334823e-09
4.405244365040072822e-03 2.213571300773242480e-09
4.456254690668728577e-03 2.247147371795753802e-09
4.507855688029784036e-03 2.195312092699406265e-09
4.560054196779547535e-03 2.230338514018900179e-09
4.612857135773812921e-03 2.229448888181035424e-09
4.666271503984951476e-03 2.197921430195873222e-09
4.720304381429616877e-03 2.247482599263739957e-09
4.774962930107178559e-03 2.207137918031783010e-09
4.830254394949069947e-03 2.221884955508151972e-09
4.886186104779055052e-03 2.230070199448569138e-09
4.942765473284694427e-03 2.196934406591618190e-09
4.999999999999999237e-03 2.250946032369424395e-09
5.057897271299490252e-03 2.196317280661932262e-09
5.116464961403772820e-03 2.227833177198365992e-09
5.175710833396719723e-03 2.211048034475925004e-09
5.235642740254497010e-03 2.210056020172063669e-09
5.296268625886442309e-03 2.229587448113723351e-09
5.357596526188034176e-03 2.190266660260716717e-09
5.419634570106018380e-03 2.238676875731088492e-09
5.482390980715924449e-03 2.190311774192542480e-09
5.545874076312003707e-03 2.235685863840275664e-09
5.610092271509814314e-03 2.192711161480710545e-09
5.675054078361577332e-03 2.227778115623140708e-09
5.740768107484413990e-03 2.198557035762944694e-09
5.807243069201712196e-03 2.222071829456608557e-09
5.874487774697644861e-03 2.201177646114798959e-09
5.942511137185093294e-03 2.217276667548823417e-09
6.011322173087065880e-03 2.201998112987348413e-09
6.080930003231838424e-03 2.215995522282354779e-09
6.151343854061904620e-03 2.198663022484698510e-09
6.222573058856926617e-03 2.215357307060745112e-09
6.294627058970836582e-03 2.190392251765895173e-09
6.367515405083306983e-03 2.218022763449612039e-09
6.441247758465665912e-03 2.188112530459939826e-09
6.515833892261499449e-03 2.219479818522594107e-09
6.591283692782035596e-03 2.186047178147642926e-09
6.667607160816618576e-03 2.219688920906454253e-09
6.744814412958265691e-03 2.190020780275966904e-09
6.822915682944625040e-03 2.213890063324603854e-09
6.901921323014425201e-03 2.204615350986809875e-09
6.981841805279688333e-03 2.193633499494815862e-09
7.062687723113770036e-03 2.215454717287285760e-09
7.144469792555517389e-03 2.185885556156682567e-09
7.227198853729638849e-03 2.213576988700884055e-09
7.310885872283591318e-03 2.195915771273148813e-09
7.395541940841034688e-03 2.189875715658959300e-09
7.481178280472170448e-03 2.208455887828438033e-09
7.567806242181043287e-03 2.187564455460159681e-09
7.655437308410150896e-03 2.203870970247910310e-09
7.744083094562405345e-03 2.202965378998346306e-09
7.833755350540741805e-03 2.180228907002193165e-09
7.924465962305568892e-03 2.206254574790965376e-09
8.016226953450207235e-03 2.196234544377781772e-09
8.109050486794647586e-03 2.185209018859265743e-09
8.202948865997691796e-03 2.196699926927007865e-09
8.297934537187804521e-03 2.200701443857938804e-09
8.394020090612802285e-03 2.178273874093631486e-09
8.491218262308719913e-03 2.187349179953553774e-09
8.589541935787937607e-03 2.203811620123081003e-09
8.689004143746880890e-03 2.183033383033466749e-09
8.789618069793463453e-03 2.176577333635736561e-09
8.891397050194612892e-03 2.200513993325157365e-09
8.994354575643934840e-03 2.195026407534886333e-09
9.098504293049919714e-03 2.178429694133526116e-09
9.203860007344778771e-03 2.175588406116828409e-09
9.310435683314336255e-03 2.192774447490949692e-09
9.418245447448998428e-03 2.201847552677918078e-09
9.527303589816240106e-03 2.188380353625613227e-09
9.637624565954681574e-03 2.174596958130111097e-09
9.749222998790225969e-03 2.177686305772994218e-09
9.862113680574265823e-03 2.190748152158947125e-09
9.976311574844402841e-03 2.196817170871033052e-09
1.009183181840780756e-02 2.186441201059652817e-09
1.020868972334764563e-02 2.175488410017921334e-09
1.032690077905264354e-02 2.174763602248044834e-09
1.044648065427019115e-02 2.168373164992623581e-09
1.056744519918323584e-02 2.180419636205437001e-09
1.068981044751115932e-02 2.185683360386758553e-09
1.081359261863509835e-02 2.187159523103472114e-09
1.093880811974775637e-02 2.184462415518331459e-09
1.106547354802819329e-02 2.183130599964138280e-09
1.119360569284169951e-02 2.177283565158250210e-09
1.132322153796529694e-02 2.172287202624367484e-09
1.145433826383886189e-02 2.171009761280888453e-09
1.158697324984239718e-02 2.168117702861009957e-09
1.172114407659961138e-02 2.165818408508108237e-09
1.185686852830827517e-02 2.163789933991848245e-09
1.199416459509744862e-02 2.163438795472963919e-09
1.213305047541208236e-02 2.163047550131243305e-09
1.227354457842515234e-02 2.162241659487096862e-09
1.241566552647785024e-02 2.163009845229869347e-09
1.255943215754789545e-02 2.163832051703470312e-09
1.270486352774653077e-02 2.165304092634539831e-09
1.285197891384432141e-02 2.171077021218523353e-09
1.300079781582635929e-02 2.173030577741952428e-09
1.315133995947690565e-02 2.175153724880447823e-09
1.330362529899405295e-02 2.173002400525216037e-09
1.345767401963458149e-02 2.171439346772149240e-09
1.361350654038956040e-02 2.163964395703471488e-09
1.377114351669083032e-02 2.151574010927486727e-09
1.393060584314884283e-02 2.155585926492398374e-09
1.409191465632227309e-02 2.159234477688330350e-09
1.425509133751954628e-02 2.169327266940740367e-09
1.442015751563302528e-02 2.166609124281154775e-09
1.458713507000582686e-02 2.155576243524514760e-09
1.475604613333193239e-02 2.151980542356325070e-09
1.492691309458979952e-02 2.159936911851020495e-09
1.509975860201007679e-02 2.166152733918525759e-09
1.527460556607755995e-02 2.150534228824460586e-09
1.545147716256795728e-02 2.149572487146303587e-09
1.563039683561977602e-02 2.156507928509738704e-09
1.581138830084189567e-02 2.158679763071939105e-09
1.599447554845698227e-02 2.148505510426695032e-09
1.617968284648142047e-02 2.156142105792445365e-09
1.636703474394191060e-02 2.155050099911970145e-09
1.655655607412955324e-02 2.141244247758094920e-09
1.674827195789137593e-02 2.157980481956509721e-09
1.694220780696013146e-02 2.144861801685556822e-09
1.713838932732252018e-02 2.151394199894741729e-09
1.733684252262658251e-02 2.151216461470292746e-09
1.753759369762839665e-02 2.145520317030154865e-09
1.774066946167878259e-02 2.152070057782588773e-09
1.794609673225026208e-02 2.143126396518589443e-09
1.815390273850506567e-02 2.151062572990075403e-09
1.836411502490422828e-02 2.140558822060712890e-09
1.857676145485861671e-02 2.147662537280352722e-09
1.879187021442221134e-02 2.143751621341743972e-09
1.900946981602805869e-02 2.141747618777258019e-09
1.922958910226767182e-02 2.147001147498264703e-09
1.945225724971402087e-02 2.135481854471347468e-09
1.967750377278887700e-02 2.144641917009838061e-09
1.990535852767486361e-02 2.141726160696073791e-09
2.013585171627295042e-02 2.133600496058150933e-09
2.036901389020562628e-02 2.143094632022000032e-09
2.060487595486651738e-02 2.140855347821845423e-09
2.084346917351677028e-02 2.132508921140993765e-09
2.108482517142910850e-02 2.133153246631824794e-09
2.132897594007962527e-02 2.140626621285983906e-09
2.157595384138826650e-02 2.138057773403195730e-09
2.182579161200829884e-02 2.131813897156073961e-09
2.207852236766562337e-02 2.128294004524836286e-09
2.233417960754814982e-02 2.129079919806350720e-09
2.259279721874613012e-02 2.133361530050993363e-09
2.285440948074375644e-02 2.135283871936768716e-09
2.311905106996301265e-02 2.135111881201857636e-09
2.338675706435990390e-02 2.135191315451958781e-09
2.365756294807403598e-02 2.133613201830016982e-09
2.393150461613192601e-02 2.132409977616598174e-09
2.420861837920496376e-02 2.131985416914429439e-09
2.448894096842230486e-02 2.129512403843368117e-09
2.477250954023949361e-02 2.130519373792361809e-09
2.505936168136362052e-02 2.129141300448355003e-09
2.534953541373522259e-02 2.127953646002340121e-09
2.564306919956823444e-02 2.123402394924841487e-09
2.594000194644804219e-02 2.119172869167266522e-09
2.624037301248863946e-02 2.119022007408935777e-09
2.654422221154941960e-02 2.123100178648042581e-09
2.685158981851262783e-02 2.125058445368381268e-09
2.716251657462164654e-02 2.120181506389313942e-09
2.747704369288123810e-02 2.116652209190199949e-09
2.779521286352017867e-02 2.120907931418090268e-09
2.811706625951744878e-02 2.119972748147270233e-09
2.844264654219206406e-02 2.113899686656348995e-09
2.877199686685785740e-02 2.117801381130067903e-09
2.910516088854357350e-02 2.114306612040437340e-09
2.944218276777944496e-02 2.114831207379754903e-09
2.978310717645051356e-02 2.115072780064550894e-09
3.012797930371790070e-02 2.112414853025493785e-09
3.047684486200846407e-02 2.113060091012174520e-09
3.082975009307411043e-02 2.112652787068029325e-09
3.118674177412095530e-02 2.109548884407731150e-09
3.154786722400967913e-02 2.113626273307843157e-09
3.191317430952744089e-02 2.106455875231259135e-09
3.228271145173277484e-02 2.108261865913785029e-09
3.265652763237360950e-02 2.111936075576732697e-09
3.303467240037977898e-02 2.106751538042561684e-09
3.341719587843073463e-02 2.102829185230332841e-09
3.380414876959908499e-02 2.105053504987068774e-09
3.419558236407146262e-02 2.105413072609300605e-09
3.459154854594680834e-02 2.107451976870738444e-09
3.499209980011368931e-02 2.105782281860296073e-09
3.539728921920690108e-02 2.103949120422189435e-09
3.580717051064509493e-02 2.102399746133827736e-09
3.622179800374948633e-02 2.101151252999933356e-09
3.664122665694521247e-02 2.101481240891121062e-09
3.706551206504588025e-02 2.101771293743156084e-09
3.749471046662278262e-02 2.101599340912078933e-09
3.792887875145917187e-02 2.100260739627097810e-09
3.836807446809096384e-02 2.095404443641506672e-09
3.881235583143458762e-02 2.093481619736593714e-09
3.926178173050358378e-02 2.095524832132053507e-09
3.971641173621406201e-02 2.096266313848345451e-09
4.017630610928087792e-02 2.092865891672634600e-09
4.064152580820496602e-02 2.092707411024145288e-09
4.111213249735355679e-02 2.094187275117709190e-09
4.158818855513353452e-02 2.089253120364157827e-09
4.206975708225977467e-02 2.093112697161323817e-09
4.255690191011882867e-02 2.087959894348891752e-09
4.304968760923003068e-02 2.090723052666833328e-09
4.354817949780401959e-02 2.088864036199023988e-09
4.405244365040068139e-02 2.085730014555876552e-09
4.456254690668728924e-02 2.089077066702173135e-09
4.507855688029784730e-02 2.087610705359694659e-09
4.560054196779547708e-02 2.083709892881547109e-09
4.612857135773813788e-02 2.082750054984654152e-09
4.666271503984956853e-02 2.083039288071670576e-09
4.720304381429617224e-02 2.084032853626237763e-09
4.774962930107179426e-02 2.083758802319721610e-09
4.830254394949064917e-02 2.083098348993546874e-09
4.886186104779054878e-02 2.081619048943708350e-09
4.942765473284694427e-02 2.079096758430974064e-09
4.999999999999999584e-02 2.077407140060223963e-09
5.057897271299491293e-02 2.076129636054325311e-09
5.116464961403772993e-02 2.078934624671309239e-09
5.175710833396719723e-02 2.078240977269807126e-09
5.235642740254497357e-02 2.074261086050784494e-09
5.296268625886442483e-02 2.076274601641195948e-09
5.357596526188034003e-02 2.074298786417644496e-09
5.419634570106018207e-02 2.073803431502792984e-09
5.482390980715924622e-02 2.072616594323993731e-09
5.545874076312004575e-02 2.073464786272565786e-09
5.610092271509820733e-02 2.069264315720699966e-09
5.675054078361576465e-02 2.070891348113695767e-09
5.740768107484413296e-02 2.071513935369283481e-09
5.807243069201711849e-02 2.069313500588774795e-09
5.874487774697650933e-02 2.067388973388974681e-09
5.942511137185093467e-02 2.066256321278373725e-09
6.011322173087065013e-02 2.065018527292133933e-09
6.080930003231839465e-02 2.064583927188322367e-09
6.151343854061905314e-02 2.064287622098909034e-09
6.222573058856928352e-02 2.065085749105317562e-09
6.294627058970836408e-02 2.065494543480668927e-09
6.367515405083307156e-02 2.062265302871762125e-09
6.441247758465666606e-02 2.060696777274653972e-09
6.515833892261499449e-02 2.063327096033604085e-09
6.591283692782035075e-02 2.058118682181656849e-09
6.667607160816618750e-02 2.061265995415145718e-09
6.744814412958265171e-02 2.057332874671383533e-09
6.822915682944626081e-02 2.057898682322324056e-09
6.901921323014426068e-02 2.058532522507823414e-09
6.981841805279687119e-02 2.055920900307988652e-09
7.062687723113769689e-02 2.053918809085437009e-09
7.144469792555516174e-02 2.053579374263400279e-09
7.227198853729638328e-02 2.052551534379658612e-09
7.310885872283590103e-02 2.051621512215279326e-09
7.395541940841034168e-02 2.051671365572565724e-09
7.481178280472169928e-02 2.051801703335956143e-09
7.567806242181042420e-02 2.051573036429721465e-09
7.655437308410149855e-02 2.048361475592882740e-09
7.744083094562403957e-02 2.050003358712002682e-09
7.833755350540749784e-02 2.048063318743599050e-09
7.924465962305569933e-02 2.048943418125606761e-09
8.016226953450207582e-02 2.045287324753562683e-09
8.109050486794647239e-02 2.046192331506200957e-09
8.202948865997691796e-02 2.047314170674896870e-09
8.297934537187805215e-02 2.045458133769404800e-09
8.394020090612801244e-02 2.045584952588287643e-09
8.491218262308719567e-02 2.044068494870462658e-09
8.589541935787936566e-02 2.043503186494680054e-09
8.689004143746879849e-02 2.041752965746297838e-09
8.789618069793463107e-02 2.039271352255703070e-09
8.891397050194613239e-02 2.039947560609892735e-09
8.994354575643936922e-02 2.038733544582425189e-09
9.098504293049920755e-02 2.038989170571255513e-09
9.203860007344781546e-02 2.036501676137571726e-09
9.310435683314335908e-02 2.037146411440772515e-09
9.418245447449000163e-02 2.036736495695753958e-09
9.527303589816239759e-02 2.035479492569271464e-09
9.637624565954681921e-02 2.034745229153569115e-09
9.749222998790225969e-02 2.034138628506432415e-09
9.862113680574266517e-02 2.033621206541755625e-09
9.976311574844400065e-02 2.031533354840880713e-09
1.009183181840780652e-01 2.030360848505172415e-09
1.020868972334764563e-01 2.030814933002278276e-09
1.032690077905264459e-01 2.028222935660789300e-09
1.044648065427020434e-01 2.028474443687014535e-09
1.056744519918323688e-01 2.028944624996664034e-09
1.068981044751115966e-01 2.027904474842340385e-09
1.081359261863509835e-01 2.027788521035332454e-09
1.093880811974775602e-01 2.026205248080496278e-09
1.106547354802819294e-01 2.025910504811292560e-09
1.119360569284169882e-01 2.023995004001933407e-09
1.132322153796529590e-01 2.022515493075337298e-09
1.145433826383885911e-01 2.022859646231296136e-09
1.158697324984239718e-01 2.021731502049901902e-09
1.172114407659961138e-01 2.019672588240044697e-09
1.185686852830827448e-01 2.020106418596081088e-09
1.199416459509744654e-01 2.019243204375418105e-09
1.213305047541208270e-01 2.018575503857668544e-09
1.227354457842515234e-01 2.016778687410674352e-09
1.241566552647785093e-01 2.016602868489645553e-09
1.255943215754789510e-01 2.017166810745823709e-09
1.270486352774652938e-01 2.014683623624263638e-09
1.285197891384432245e-01 2.014501131200895323e-09
1.300079781582635929e-01 2.014186093675799361e-09
1.315133995947690426e-01 2.013058091822726028e-09
1.330362529899405399e-01 2.012788647851810728e-09
1.345767401963458010e-01 2.011700536181026555e-09
1.361350654038956109e-01 2.010126826560071514e-09
1.377114351669082859e-01 2.009235170932240173e-09
1.393060584314886052e-01 2.008887646339615519e-09
1.409191465632227414e-01 2.008855102798931575e-09
1.425509133751954594e-01 2.007013571596346976e-09
1.442015751563302528e-01 2.005853063687938066e-09
1.458713507000582721e-01 2.005394540765497133e-09
1.475604613333193205e-01 2.005654845518284458e-09
1.492691309458979987e-01 2.003873885302343061e-09
1.509975860201007714e-01 2.003831230836909079e-09
1.527460556607755926e-01 2.003468322207350771e-09
1.545147716256795867e-01 2.001804015522472972e-09
1.563039683561977533e-01 2.001592447381672958e-09
1.581138830084189428e-01 2.000473927160904123e-09
1.599447554845698227e-01 1.999280406980419891e-09
1.617968284648141908e-01 1.999005990953868938e-09
1.636703474394191060e-01 1.997252322856892308e-09
1.655655607412955255e-01 1.997734251314344909e-09
1.674827195789137801e-01 1.996493812136454715e-09
1.694220780696013284e-01 1.996264599130289595e-09
1.713838932732252018e-01 1.994887294556217157e-09
1.733684252262658043e-01 1.993506374430014405e-09
1.753759369762839249e-01 1.993637526225666798e-09
1.774066946167878189e-01 1.992481126916026242e-09
1.794609673225026625e-01 1.990878300711384354e-09
1.815390273850506775e-01 1.990477575562411667e-09
1.836411502490422898e-01 1.990071727447963750e-09
1.857676145485863684e-01 1.989387800984433452e-09
1.879187021442221273e-01 1.988445178534149233e-09
1.900946981602806285e-01 1.986781606237468042e-09
1.922958910226767737e-01 1.986270272150852990e-09
1.945225724971401948e-01 1.985031600293483901e-09
1.967750377278888185e-01 1.985280422724350990e-09
1.990535852767486291e-01 1.984159550033808281e-09
2.013585171627295389e-01 1.983616201850582373e-09
2.036901389020562836e-01 1.983212729147588498e-09
2.060487595486651391e-01 1.982662334469893463e-09
2.084346917351677098e-01 1.981675234787052791e-09
2.108482517142910850e-01 1.980413396563590680e-09
2.132897594007961972e-01 1.978998786028635649e-09
2.157595384138826788e-01 1.979233227090748829e-09
2.182579161200829954e-01 1.978189552347078699e-09
2.207852236766562337e-01 1.976605159824477040e-09
2.233417960754814635e-01 1.976805416139885766e-09
2.259279721874612734e-01 1.975292907982080950e-09
2.285440948074375644e-01 1.974530216435691099e-09
2.311905106996301196e-01 1.973808146406277495e-09
2.338675706435990043e-01 1.973531258288706969e-09
2.365756294807403737e-01 1.972200123984079014e-09
2.393150461613191837e-01 1.971792467233196567e-09
2.420861837920496862e-01 1.970364518548121092e-09
2.448894096842230417e-01 1.970276162782762760e-09
2.477250954023952345e-01 1.970631350632617252e-09
2.505936168136362330e-01 1.968085207328558936e-09
2.534953541373521912e-01 1.968133748450994145e-09
2.564306919956823583e-01 1.967014050092088634e-09
2.594000194644804358e-01 1.966022705344460086e-09
2.624037301248863807e-01 1.964789047052521698e-09
2.654422221154941752e-01 1.964702714087890526e-09
2.685158981851262783e-01 1.964374107209948557e-09
2.716251657462164792e-01 1.963133799846774298e-09
2.747704369288123671e-01 1.962146533558781157e-09
2.779521286352018006e-01 1.961939877067854246e-09
2.811706625951744809e-01 1.961391440653228862e-09
2.844264654219206268e-01 1.959768230993628294e-09
2.877199686685785740e-01 1.958809325306067552e-09
2.910516088854357419e-01 1.957967406724506898e-09
2.944218276777944010e-01 1.958191371644880846e-09
2.978310717645051287e-01 1.956323651154525809e-09
3.012797930371790001e-01 1.954791576984534620e-09
3.047684486200846199e-01 1.955105736323043552e-09
3.082975009307410419e-01 1.954231355140405761e-09
3.118674177412095183e-01 1.953826958172185790e-09
3.154786722400967358e-01 1.952795424657169109e-09
3.191317430952744227e-01 1.952503930072003137e-09
3.228271145173277623e-01 1.951743079396461514e-09
3.265652763237361089e-01 1.955260595647760993e-09
3.303467240037981645e-01 1.949897609185799879e-09
3.341719587843073880e-01 1.949157536821377881e-09
3.380414876959909054e-01 1.945669464893962847e-09
3.419558236407145846e-01 1.947229789048300789e-09
3.459154854594680417e-01 1.950211766593644445e-09
3.499209980011368515e-01 1.945585423737424072e-09
3.539728921920690108e-01 1.944439937721708949e-09
3.580717051064509771e-01 1.945913240766630902e-09
3.622179800374948910e-01 1.943500621604543890e-09
3.664122665694521941e-01 1.939367822321859482e-09
3.706551206504588025e-01 1.941733177850646632e-09
3.749471046662278817e-01 1.941501490638313550e-09
3.792887875145918297e-01 1.940080878982490067e-09
3.836807446809095690e-01 1.939469550450474274e-09
3.881235583143459178e-01 1.937531758424981537e-09
3.926178173050358655e-01 1.937039468571446343e-09
3.971641173621405785e-01 1.938320817627142990e-09
4.017630610928088486e-01 1.936130915363644370e-09
4.064152580820497018e-01 1.935723832426620676e-09
4.111213249735355402e-01 1.934766807443992454e-09
4.158818855513353729e-01 1.933308221810789503e-09
4.206975708225977328e-01 1.933715222749072752e-09
4.255690191011883283e-01 1.931134083289617171e-09
4.304968760923003068e-01 1.932256000017850632e-09
4.354817949780401820e-01 1.930471403182482990e-09
4.405244365040072441e-01 1.930781698759039605e-09
4.456254690668729479e-01 1.929802234449726187e-09
4.507855688029784869e-01 1.928311320717250811e-09
4.560054196779547153e-01 1.927577515201528360e-09
4.612857135773818507e-01 1.926903238728041884e-09
4.666271503984956714e-01 1.925988738979192181e-09
4.720304381429617502e-01 1.924509346932510098e-09
4.774962930107178871e-01 1.924301103681138190e-09
4.830254394949065055e-01 1.924197265204983783e-09
4.886186104779055572e-01 1.923019032883011740e-09
4.942765473284694844e-01 1.921241689080375912e-09
5.000000000000000000e-01 1.921219434691516820e-09
5.235642740254496941e-01 1.915291519117531937e-09
5.482390980715925455e-01 1.914665200365312413e-09
5.740768107484413019e-01 1.912299803291603163e-09
6.011322173087064735e-01 1.908644427991500238e-09
6.294627058970835298e-01 1.899674833479380280e-09
6.591283692782035075e-01 1.902757625437269407e-09
6.901921323014423848e-01 1.899887656244167052e-09
7.227198853729638328e-01 1.896616612598364976e-09
7.567806242181042142e-01 1.893409586291145899e-09
7.924465962305567990e-01 1.890770369397755718e-09
8.297934537187802162e-01 1.887427651308941811e-09
8.689004143746876796e-01 1.876782793544187710e-09
9.098504293049917147e-01 1.879476155168027412e-09
9.527303589816236151e-01 1.876934442487032228e-09
9.976311574844398677e-01 1.874707494680458619e-09
1.044648065427019601e+00 1.871978017335647371e-09
1.093880811974776268e+00 1.868562890422471185e-09
1.145433826383886355e+00 1.865868148290930413e-09
1.199416459509745181e+00 1.861954903563332238e-09
1.255943215754790065e+00 1.859489773716676726e-09
1.315133995947690870e+00 1.853733331950693215e-09
1.377114351669083137e+00 1.852253707093386871e-09
1.442015751563303194e+00 1.850432571794267102e-09
1.509975860201008047e+00 1.846745363448142778e-09
1.581138830084189317e+00 1.837161774508980046e-09
1.655655607412955588e+00 1.840698935155011966e-09
1.733684252262658321e+00 1.838964716527653327e-09
1.815390273850506997e+00 1.834184338746923804e-09
1.900946981602805730e+00 1.830882269948567118e-09
1.990535852767485903e+00 1.828780950278097770e-09
2.084346917351676876e+00 1.819520612877350415e-09
2.182579161200830065e+00 1.822456500965050789e-09
2.285440948074374923e+00 1.819634391546279496e-09
2.393150461613192004e+00 1.812892339118408495e-09
2.505936168136361886e+00 1.812920714153752835e-09
2.624037301248862697e+00 1.814601437639135670e-09
2.747704369288122450e+00 1.808244849310986517e-09
2.877199686685784741e+00 1.804009703731511383e-09
3.012797930371788446e+00 1.812367394738287804e-09
3.154786722400966248e+00 1.798640063795772975e-09
3.303467240037980091e+00 1.795401545993667234e-09
3.459154854594682416e+00 1.791328032014939769e-09
3.622179800374950354e+00 1.788447209108972978e-09
3.792887875145919185e+00 1.786065609450953805e-09
3.971641173621408338e+00 1.782953084622385972e-09
4.158818855513356283e+00 1.773670213064268909e-09
4.354817949780404263e+00 1.776716820825367993e-09
4.560054196779547375e+00 1.775344761336997770e-09
4.774962930107178316e+00 1.766698269340096459e-09
5.000000000000000000e+00 1.763878012853395029e-09
6.294627058970836408e+00 1.751573404223803027e-09
7.924465962305568212e+00 1.738340324455646001e-09
9.976311574844396901e+00 1.722446584523468042e-09
1.255943215754790110e+01 1.708535154040462427e-09
1.581138830084189628e+01 1.693381568765201907e-09
1.990535852767486347e+01 1.709480732177812821e-09
2.505936168136361886e+01 1.663815672613406726e-09
3.154786722400966070e+01 1.647843676554131649e-09
3.971641173621406296e+01 1.633657474088663421e-09
4.999999999999999289e+01 1.620045291912646213e-09
