3.459154854594680595e-05 1.105080244390833276e-13
3.539728921920686563e-05 3.283345248823362967e-13
3.622179800374952406e-05 7.438537711400219169e-13
3.706551206504588155e-05 1.354256793994507697e-12
3.792887875145917236e-05 2.159664471530579406e-12
3.881235583143463039e-05 3.166969103615000279e-12
3.971641173621410364e-05 4.381224726025856316e-12
4.064152580820496591e-05 5.813970589779823314e-12
4.158818855513353842e-05 7.478152585623304781e-12
4.255690191011878395e-05 9.391506582675317500e-12
4.354817949780398050e-05 1.157304838607531965e-11
4.456254690668729390e-05 1.404072741551110243e-11
4.560054196779548185e-05 1.682091698781669835e-11
4.666271503984952289e-05 1.993469948616036805e-11
4.774962930107183736e-05 2.342685128339909744e-11
4.886186104779054808e-05 2.730156208936156132e-11
4.999999999999998884e-05 3.161949290586997520e-11
5.057897271299490442e-05 3.393523411839535918e-11
5.116464961403767209e-05 3.639244484709575993e-11
5.175710833396714221e-05 3.896487990892139152e-11
5.235642740254491318e-05 4.167313858257735879e-11
5.296268625886447866e-05 4.451972405986044443e-11
5.357596526188034176e-05 4.751173464576958893e-11
5.419634570106018624e-05 5.064997636249630974e-11
5.482390980715923717e-05 5.394515565459516141e-11
5.545874076312003680e-05 5.739202582515720044e-11
5.610092271509813691e-05 6.102322789466993760e-11
5.675054078361570665e-05 6.481207105376921519e-11
5.740768107484407241e-05 6.879858818430755998e-11
5.807243069201718186e-05 7.296621388871826111e-11
5.874487774697651393e-05 7.732876177789371001e-11
5.942511137185093809e-05 8.189941827343639985e-11
6.011322173087064200e-05 8.668836150167034994e-11
6.080930003231838695e-05 9.169277137442936499e-11
6.151343854061905325e-05 9.693290519220665814e-11
6.222573058856921034e-05 1.023829144928670780e-10
6.294627058970830402e-05 1.080901214421530698e-10
6.367515405083314138e-05 1.140634644682834765e-10
6.441247758465673719e-05 1.203126898619645822e-10
6.515833892261499124e-05 1.268120701002854829e-10
6.591283692782035650e-05 1.336252583994155819e-10
6.667607160816619769e-05 1.406873052724525329e-10
6.744814412958265366e-05 1.480846182711251033e-10
6.822915682944618535e-05 1.558095303671651074e-10
6.901921323014417829e-05 1.638154517412458273e-10
6.981841805279679497e-05 1.721732316701126328e-10
7.062687723113775782e-05 1.809378634943563618e-10
7.144469792555517389e-05 1.900004884426856222e-10
7.227198853729638578e-05 1.994688321134527662e-10
7.310885872283590017e-05 2.092930616593406884e-10
7.395541940841035122e-05 2.195347646048826219e-10
7.481178280472162371e-05 2.301718837478588513e-10
7.567806242181034505e-05 2.412240319663383724e-10
7.655437308410142656e-05 2.527501321419405014e-10
7.744083094562412067e-05 2.647077833135087184e-10
7.833755350540748852e-05 2.771518911434877187e-10
7.924465962305569597e-05 2.900318435671442280e-10
8.016226953450208102e-05 3.033872622521770295e-10
8.109050486794647857e-05 3.172260770622372534e-10
8.202948865997692718e-05 3.316308846817509802e-10
8.297934537187796715e-05 3.465919175478127978e-10
8.394020090612792852e-05 3.620512398031759902e-10
8.491218262308728262e-05 3.780583789822437530e-10
8.589541935787945305e-05 3.946995026799853490e-10
8.689004143746881595e-05 4.119653538593550685e-10
8.789618069793464267e-05 4.295827403287567658e-10
8.891397050194613488e-05 4.480726257707860169e-10
8.994354575643936521e-05 4.670034011950980261e-10
9.098504293049911853e-05 4.866502205737457259e-10
9.203860007344770748e-05 5.069383848662242682e-10
9.310435683314326931e-05 5.278708861937893047e-10
9.418245447449009216e-05 5.494575001940292874e-10
9.527303589816239347e-05 5.717190682642827284e-10
9.637624565954680924e-05 5.946780017174245871e-10
9.749222998790225210e-05 6.182805374777394580e-10
9.862113680574265443e-05 6.426650049647301506e-10
9.976311574844391077e-05 6.677328099416729465e-10
1.009183181840780691e-04 6.935503501511446714e-10
1.020868972334764785e-04 7.201842033058350559e-10
1.032690077905264333e-04 7.473633695290067827e-10
1.044648065427019099e-04 7.753750309938883724e-10
1.056744519918323676e-04 8.040765758097298134e-10
1.068981044751116051e-04 8.336359132392196404e-10
1.081359261863509824e-04 8.638264558637704621e-10
1.093880811974775783e-04 8.946716593180319002e-10
1.106547354802819166e-04 9.263795111576986682e-10
1.119360569284169978e-04 9.585425977457095771e-10
1.132322153796529580e-04 9.918261683503952451e-10
1.145433826383886026e-04 1.025562410743853856e-09
1.158697324984239615e-04 1.060146414713024740e-09
1.172114407659961296e-04 1.095106095389116753e-09
1.185686852830827555e-04 1.131033185185712174e-09
1.199416459509744813e-04 1.167350785140093158e-09
1.213305047541207081e-04 1.204346710570538634e-09
1.227354457842515364e-04 1.242058461989210880e-09
1.241566552647784948e-04 1.280218099587374563e-09
1.255943215754789502e-04 1.319112671858564315e-09
1.270486352774653110e-04 1.358357061064753486e-09
1.285197891384432108e-04 1.397748704683738637e-09
1.300079781582635788e-04 1.437780408072222432e-09
1.315133995947690435e-04 1.478227371770157248e-09
1.330362529899403897e-04 1.519089986740823322e-09
1.345767401963458333e-04 1.560183268935561211e-09
1.361350654038956615e-04 1.600890288336407946e-09
1.377114351669082826e-04 1.642760713170829044e-09
1.393060584314884456e-04 1.683736156436934478e-09
1.409191465632227234e-04 1.725383366939115762e-09
1.425509133751954596e-04 1.766795123019316061e-09
1.442015751563302474e-04 1.807327074567007450e-09
1.458713507000582675e-04 1.848456501372309351e-09
1.475604613333193142e-04 1.888812819582209647e-09
1.492691309458979746e-04 1.928773954448632928e-09
1.509975860201007635e-04 1.968318225902000686e-09
1.527460556607755941e-04 2.007506983778791839e-09
1.545147716256795760e-04 2.045519992777528093e-09
1.563039683561977700e-04 2.083179632081875920e-09
1.581138830084189426e-04 2.119424440634878115e-09
1.599447554845698130e-04 2.154848797436221405e-09
1.617968284648140247e-04 2.189206997097687522e-09
1.636703474394191234e-04 2.221843143423235038e-09
1.655655607412955237e-04 2.254700530714562209e-09
1.674827195789137550e-04 2.283812507585607040e-09
1.694220780696013395e-04 2.311807705791016808e-09
1.713838932732251867e-04 2.338183603328341308e-09
1.733684252262658446e-04 2.362921341191622450e-09
1.753759369762839622e-04 2.385407479127304477e-09
1.774066946167876340e-04 2.406211910554901847e-09
1.794609673225026631e-04 2.424336755980771555e-09
1.815390273850506729e-04 2.439865323512093913e-09
1.836411502490422785e-04 2.453309224534885276e-09
1.857676145485863753e-04 2.463800892728684530e-09
1.879187021442221307e-04 2.471763073083049360e-09
1.900946981602805912e-04 2.476704546341888186e-09
1.922958910226766900e-04 2.479322349877731539e-09
1.945225724971401946e-04 2.478478894118974940e-09
1.967750377278885748e-04 2.474941394685547545e-09
1.990535852767486220e-04 2.468137873572370081e-09
2.013585171627295032e-04 2.459062957549747446e-09
2.036901389020562758e-04 2.444691593673227045e-09
2.060487595486651640e-04 2.428731872488766437e-09
2.084346917351676985e-04 2.409896668478935182e-09
2.108482517142910915e-04 2.387475113163449727e-09
2.132897594007962310e-04 2.362180569421438509e-09
2.157595384138824807e-04 2.334014393708845224e-09
2.182579161200830003e-04 2.302533703753515922e-09
2.207852236766562250e-04 2.268126989160731524e-09
2.233417960754814700e-04 2.230926474126486087e-09
2.259279721874612383e-04 2.192196223184051498e-09
2.285440948074375482e-04 2.150399193438192189e-09
2.311905106996301688e-04 2.107132101981280570e-09
2.338675706435990400e-04 2.061246063543458023e-09
2.365756294807401202e-04 2.014157106455272323e-09
2.393150461613192416e-04 1.965650176318895837e-09
2.420861837920496669e-04 1.916317850702270129e-09
2.448894096842230486e-04 1.866102487553567146e-09
2.477250954023952571e-04 1.815543282685455145e-09
2.505936168136362096e-04 1.765188528934245246e-09
2.534953541373521587e-04 1.715249029944292971e-09
2.564306919956823639e-04 1.665844765353609308e-09
2.594000194644803916e-04 1.618101446262231449e-09
2.624037301248860888e-04 1.571601293663405491e-09
2.654422221154941939e-04 1.527271109812351413e-09
2.685158981851263043e-04 1.485625898040492988e-09
2.716251657462165044e-04 1.447027154570465125e-09
2.747704369288123854e-04 1.411743615349203810e-09
2.779521286352018127e-04 1.380347736857122463e-09
2.811706625951744943e-04 1.353015328326158080e-09
2.844264654219205712e-04 1.330135405509820180e-09
2.877199686685782661e-04 1.312772559245611318e-09
2.910516088854357393e-04 1.300235682380344187e-09
2.944218276777944170e-04 1.293230129922173730e-09
2.978310717645051204e-04 1.291649058283741399e-09
3.012797930371790027e-04 1.296024915135985094e-09
3.047684486200846234e-04 1.306238839318228053e-09
3.082975009307410263e-04 1.322502642707786392e-09
3.118674177412095313e-04 1.344827623657635240e-09
3.154786722400964379e-04 1.372522991763812951e-09
3.191317430952744457e-04 1.405891557221017159e-09
3.228271145173277267e-04 1.444287428597057749e-09
3.265652763237360972e-04 1.487892646864454568e-09
3.303467240037981823e-04 1.536030754068146579e-09
3.341719587843073962e-04 1.587828696646391923e-09
3.380414876959908759e-04 1.642798945316514156e-09
3.419558236407145655e-04 1.700506457024712713e-09
3.459154854594681137e-04 1.759895449762693762e-09
3.499209980011365223e-04 1.820243227604889674e-09
3.539728921920690086e-04 1.880767770604169516e-09
3.580717051064509905e-04 1.940121135894732634e-09
3.622179800374948611e-04 1.998621546649463931e-09
3.664122665694521551e-04 2.053722143538144547e-09
3.706551206504588155e-04 2.105362727041942385e-09
3.749471046662278739e-04 2.152634071206774183e-09
3.792887875145917100e-04 2.194487939774959996e-09
3.836807446809091808e-04 2.229936647852987395e-09
3.881235583143459109e-04 2.258606967021036684e-09
3.926178173050358226e-04 2.279885015613682294e-09
3.971641173621406028e-04 2.293069567032592712e-09
4.017630610928088399e-04 2.297770191002084061e-09
4.064152580820496862e-04 2.294316253218729374e-09
4.111213249735355181e-04 2.282295577661849534e-09
4.158818855513353300e-04 2.262112111305545208e-09
4.206975708225972935e-04 2.234568737441287422e-09
4.255690191011882867e-04 2.198892470665559948e-09
4.304968760923003155e-04 2.157760485861868629e-09
4.354817949780401981e-04 2.110665603561596480e-09
4.405244365040072822e-04 2.059862969189103424e-09
4.456254690668728577e-04 2.006457129437543190e-09
4.507855688029784470e-04 1.951169096365114979e-09
4.560054196779547643e-04 1.895861824720100557e-09
4.612857135773813463e-04 1.842582427170237385e-09
4.666271503984952018e-04 1.793214657848313317e-09
4.720304381429617636e-04 1.748455729736336368e-09
4.774962930107178993e-04 1.710453530452928980e-09
4.830254394949064960e-04 1.680042796458645601e-09
4.886186104779055486e-04 1.658789372480402089e-09
4.942765473284694211e-04 1.647709693287304836e-09
4.999999999999999020e-04 1.646749491109350870e-09
5.057897271299491120e-04 1.656775225201228092e-09
5.116464961403766531e-04 1.677725104393619708e-09
5.175710833396719507e-04 1.708844993420463966e-09
5.235642740254497010e-04 1.749507568793647054e-09
5.296268625886442309e-04 1.797737949638085327e-09
5.357596526188034176e-04 1.853529881232148379e-09
5.419634570106019031e-04 1.913198532027338036e-09
5.482390980715924666e-04 1.975339553230868817e-09
5.545874076312004358e-04 2.037587417806184953e-09
5.610092271509814097e-04 2.097185401462576148e-09
5.675054078361570394e-04 2.151985582960632324e-09
5.740768107484413340e-04 2.199630596008499064e-09
5.807243069201711546e-04 2.238439449109747907e-09
5.874487774697650716e-04 2.265749694297965139e-09
5.942511137185093944e-04 2.280451718843532568e-09
6.011322173087063929e-04 2.281989157079893905e-09
6.080930003231838424e-04 2.271036816437634141e-09
6.151343854061905054e-04 2.246238202571162034e-09
6.222573058856920762e-04 2.210794923074438814e-09
6.294627058970836365e-04 2.165512367234190422e-09
6.367515405083307633e-04 2.113228287136864220e-09
6.441247758465673719e-04 2.056634343152194296e-09
6.515833892261498582e-04 1.998957313295132392e-09
6.591283692782036463e-04 1.943551935885689176e-09
6.667607160816619227e-04 1.895099229778186849e-09
6.744814412958264824e-04 1.854560925510457229e-09
6.822915682944617451e-04 1.826728386841163733e-09
6.901921323014424334e-04 1.812976389312955908e-09
6.981841805279687899e-04 1.814248987049714208e-09
7.062687723113776324e-04 1.831565680413761638e-09
7.144469792555517389e-04 1.862963166842430541e-09
7.227198853729638849e-04 1.907640229678170733e-09
7.310885872283591101e-04 1.962113997592349372e-09
7.395541940841035122e-04 2.023534713003775320e-09
7.481178280472162642e-04 2.086166415216021834e-09
7.567806242181033963e-04 2.147150719622212010e-09
7.655437308410150245e-04 2.200408747193467036e-09
7.744083094562404478e-04 2.241741726631248855e-09
7.833755350540749394e-04 2.268809045213369514e-09
7.924465962305569326e-04 2.279028526957479992e-09
8.016226953450208102e-04 2.270487172285527424e-09
8.109050486794647586e-04 2.245220398821768434e-09
8.202948865997692447e-04 2.204853368458949088e-09
8.297934537187796715e-04 2.153054523865505163e-09
8.394020090612802068e-04 2.095053095766209907e-09
8.491218262308719046e-04 2.036484533155647404e-09
8.589541935787946931e-04 1.983263275609961582e-09
8.689004143746880239e-04 1.940799893880051430e-09
8.789618069793462369e-04 1.914756656038856754e-09
8.891397050194611591e-04 1.907206738254943827e-09
8.994354575643935708e-04 1.920079202115904024e-09
9.098504293049911040e-04 1.951789800923299286e-09
9.203860007344779421e-04 2.000218342613323284e-09
9.310435683314336689e-04 2.059192346835542527e-09
9.418245447449009487e-04 2.121793831500183311e-09
9.527303589816240974e-04 2.182018566917484065e-09
9.637624565954682008e-04 2.231132659244926156e-09
9.749222998790226836e-04 2.263724611747305903e-09
9.862113680574266256e-04 2.275271987018704707e-09
9.976311574844392432e-04 2.264503133764320992e-09
1.009183181840779715e-03 2.232454635827418167e-09
1.020868972334764650e-03 2.183315016983395979e-09
1.032690077905264224e-03 2.125130468656532857e-09
1.044648065427020156e-03 2.066128009144064733e-09
1.056744519918323541e-03 2.015249034746789248e-09
1.068981044751116105e-03 1.980556382973996409e-09
1.081359261863509879e-03 1.968166833373007599e-09
1.093880811974775810e-03 1.980492517425192007e-09
1.106547354802817811e-03 2.015997534117199708e-09
1.119360569284169734e-03 2.069096183095588366e-09
1.132322153796529608e-03 2.131471634488085036e-09
1.145433826383887056e-03 2.192107068925361450e-09
1.158697324984239588e-03 2.240481315080507283e-09
1.172114407659961052e-03 2.267915226034373112e-09
1.185686852830827257e-03 2.268012210285278908e-09
1.199416459509744732e-03 2.243287725318583354e-09
1.213305047541206891e-03 2.196725879137886281e-09
1.227354457842515364e-03 2.137842713602555210e-09
1.241566552647784894e-03 2.079764433877978581e-09
1.255943215754790803e-03 2.037331139980327315e-09
1.270486352774652947e-03 2.010716110451943881e-09
1.285197891384432054e-03 2.017319311473773890e-09
1.300079781582635626e-03 2.051672047478174095e-09
1.315133995947690435e-03 2.103616020597406251e-09
1.330362529899403951e-03 2.166477251941000918e-09
1.345767401963456761e-03 2.218168055844168962e-09
1.361350654038956127e-03 2.258890903079620428e-09
1.377114351669082772e-03 2.266867159779753044e-09
1.393060584314885974e-03 2.240236967148187776e-09
1.409191465632227179e-03 2.193919220771049427e-09
1.425509133751954758e-03 2.134946314753677379e-09
1.442015751563302528e-03 2.079428768640167004e-09
1.458713507000582730e-03 2.045924521066749671e-09
1.475604613333191678e-03 2.044115477202408059e-09
1.492691309458979909e-03 2.075081139954590623e-09
1.509975860201007635e-03 2.128627576768138649e-09
1.527460556607757513e-03 2.193546157961722741e-09
1.545147716256795815e-03 2.241910059468363601e-09
1.563039683561977646e-03 2.264375861387975314e-09
1.581138830084189480e-03 2.244657883151259571e-09
1.599447554845698401e-03 2.205022816323003145e-09
1.617968284648140355e-03 2.144311772533897239e-09
1.636703474394191234e-03 2.090870968956573093e-09
1.655655607412955237e-03 2.062964503059970489e-09
1.674827195789139285e-03 2.073096651783271092e-09
1.694220780696013449e-03 2.115140721678500940e-09
1.713838932732251975e-03 2.175706300617779206e-09
1.733684252262657904e-03 2.233971044976298682e-09
1.753759369762839622e-03 2.260030500344361343e-09
1.774066946167876177e-03 2.247463516141492759e-09
1.794609673225024300e-03 2.200152880001556449e-09
1.815390273850506567e-03 2.139816145339053734e-09
1.836411502490422785e-03 2.093393514351723240e-09
1.857676145485863536e-03 2.074886601175031783e-09
1.879187021442221524e-03 2.109683360816881980e-09
1.900946981602806129e-03 2.166695646850039806e-09
1.922958910226767442e-03 2.225353346115046791e-09
1.945225724971402217e-03 2.257228062791323988e-09
1.967750377278885965e-03 2.243176021875068890e-09
1.990535852767486274e-03 2.193375769036394665e-09
2.013585171627295303e-03 2.131916139974955024e-09
2.036901389020564709e-03 2.094167271875109318e-09
2.060487595486651478e-03 2.101787096436303203e-09
2.084346917351677202e-03 2.147302963353134368e-09
2.108482517142910590e-03 2.211112073941616686e-09
2.132897594007962527e-03 2.251119986849167443e-09
2.157595384138824915e-03 2.241496857368585687e-09
2.182579161200829624e-03 2.200869821717956623e-09
2.207852236766562250e-03 2.137723233554893109e-09
2.233417960754816977e-03 2.103118024980171098e-09
2.259279721874612491e-03 2.118530092323629658e-09
2.285440948074375644e-03 2.173338892294544509e-09
2.311905106996301092e-03 2.232272925902779014e-09
2.338675706435990129e-03 2.249860746878522450e-09
2.365756294807401256e-03 2.216458979213652353e-09
2.393150461613189652e-03 2.154094926634422730e-09
2.420861837920496723e-03 2.115926746327549639e-09
2.448894096842230052e-03 2.122962674162041537e-09
2.477250954023952137e-03 2.174857483393969634e-09
2.505936168136361879e-03 2.233193247419425226e-09
2.534953541373521912e-03 2.244321137480287160e-09
2.564306919956823531e-03 2.209113343597205437e-09
2.594000194644804132e-03 2.144179494503310568e-09
2.624037301248860997e-03 2.118898143637589795e-09
2.654422221154941613e-03 2.148673527984365981e-09
2.685158981851263043e-03 2.209460669919907643e-09
2.716251657462167429e-03 2.242846358222727472e-09
2.747704369288123637e-03 2.219609365628111238e-09
2.779521286352018561e-03 2.160314279075184776e-09
2.811706625951745052e-03 2.124655218252618374e-09
2.844264654219206146e-03 2.146296299529406177e-09
2.877199686685782878e-03 2.208815378102224672e-09
2.910516088854358044e-03 2.239529554355949526e-09
2.944218276777944496e-03 2.207859294429391920e-09
2.978310717645054565e-03 2.152781767406147208e-09
3.012797930371789810e-03 2.126480502655416067e-09
3.047684486200846234e-03 2.167924838076418108e-09
3.082975009307410696e-03 2.224466068510059471e-09
3.118674177412095096e-03 2.231846830534715649e-09
3.154786722400964270e-03 2.177617278686584482e-09
3.191317430952740879e-03 2.130281136206530604e-09
3.228271145173277484e-03 2.150391398081500243e-09
3.265652763237360864e-03 2.212008672653086860e-09
3.303467240037981714e-03 2.233295401757936142e-09
3.341719587843073637e-03 2.190440530037950860e-09
3.380414876959908759e-03 2.138145756733574848e-09
3.419558236407145655e-03 2.152376755758281932e-09
3.459154854594680920e-03 2.210174098365528429e-09
3.499209980011365115e-03 2.229344903978761481e-09
3.539728921920689761e-03 2.181156252277151285e-09
3.580717051064509580e-03 2.137810872234027097e-09
3.622179800374952623e-03 2.171617566142808128e-09
3.664122665694521767e-03 2.219962174161608324e-09
3.706551206504587938e-03 2.213814362290748714e-09
3.749471046662278956e-03 2.156894582651207868e-09
3.792887875145917534e-03 2.144357284573609931e-09
3.836807446809092567e-03 2.197250969439463556e-09
3.881235583143459542e-03 2.225528519844448986e-09
3.926178173050358551e-03 2.178183750932897992e-09
3.971641173621410364e-03 2.143244541095693462e-09
4.017630610928087966e-03 2.181861572171884620e-09
4.064152580820497296e-03 2.222995304869653653e-09
4.111213249735355506e-03 2.187645890697918837e-09
4.158818855513353625e-03 2.143656414745320058e-09
4.206975708225972610e-03 2.177180766716936320e-09
4.255690191011878530e-03 2.220193341233226982e-09
4.304968760923003589e-03 2.184214201253005275e-09
4.354817949780402306e-03 2.144596658846059706e-09
4.405244365040072822e-03 2.184625383446040458e-09
4.456254690668728577e-03 2.218785337568293178e-09
4.507855688029784036e-03 2.172921714194574101e-09
4.560054196779547535e-03 2.148816266370437103e-09
4.612857135773812921e-03 2.202551113838426365e-09
4.666271503984951476e-03 2.208252393030552981e-09
4.720304381429616877e-03 2.152182935585054767e-09
4.774962930107178559e-03 2.167942474424157208e-09
4.830254394949069947e-03 2.213103333294465460e-09
4.886186104779055052e-03 2.177884710050886107e-09
4.942765473284694427e-03 2.149318606343612700e-09
4.999999999999999237e-03 2.201225827443813065e-09
5.057897271299489385e-03 2.198413665875405398e-09
5.116464961403772820e-03 2.149208785408681538e-09
5.175710833396719723e-03 2.182624981418412000e-09
5.235642740254497010e-03 2.208619204504516171e-09
5.296268625886442309e-03 2.154182097348563068e-09
5.357596526188034176e-03 2.172244438062304048e-09
5.419634570106017513e-03 2.207885278241973583e-09
5.482390980715924449e-03 2.157606225093127709e-09
5.545874076312003707e-03 2.167485360365093470e-09
5.610092271509814314e-03 2.206935252576844177e-09
5.675054078361577332e-03 2.157646140309229952e-09
5.740768107484413990e-03 2.169341903630911845e-09
5.807243069201712196e-03 2.204600140565840157e-09
5.874487774697644861e-03 2.155712522240657176e-09
5.942511137185094161e-03 2.176409959739885779e-09
6.011322173087065013e-03 2.199238350306867710e-09
6.080930003231838424e-03 2.147651411355131531e-09
6.151343854061904620e-03 2.190613811967806389e-09
6.222573058856926617e-03 2.181953935312979244e-09
6.294627058970836582e-03 2.152150407873413175e-09
6.367515405083306983e-03 2.201698830533392856e-09
6.441247758465666780e-03 2.159684037668830433e-09
6.515833892261499449e-03 2.172298554848204819e-09
6.591283692782035596e-03 2.191228192119871273e-09
6.667607160816619444e-03 2.147116846331291188e-09
6.744814412958264824e-03 2.194881611564565507e-09
6.822915682944625040e-03 2.160640950036900516e-09
6.901921323014425201e-03 2.171000810872576015e-09
6.981841805279687466e-03 2.184438372588359738e-09
7.062687723113769168e-03 2.150618322301596270e-09
7.144469792555517389e-03 2.190517255714219043e-09
7.227198853729638849e-03 2.146235358058700815e-09
7.310885872283590450e-03 2.185478612219860352e-09
7.395541940841034688e-03 2.162496711868346598e-09
7.481178280472170448e-03 2.170912774812614597e-09
7.567806242181043287e-03 2.175637712206665667e-09
7.655437308410150896e-03 2.158109344706366582e-09
7.744083094562405345e-03 2.183037425391327099e-09
7.833755350540741805e-03 2.155447943453948856e-09
7.924465962305568892e-03 2.189105206506838261e-09
8.016226953450207235e-03 2.147569719527170588e-09
8.109050486794647586e-03 2.181432898831138867e-09
8.202948865997691796e-03 2.148660627142035993e-09
8.297934537187804521e-03 2.179627066758154923e-09
8.394020090612802285e-03 2.136667204030347126e-09
8.491218262308719913e-03 2.183560915423340178e-09
8.589541935787937607e-03 2.145280164692624720e-09
8.689004143746880890e-03 2.182508058797424752e-09
8.789618069793463453e-03 2.144265366675492392e-09
8.891397050194612892e-03 2.176327452573397437e-09
8.994354575643934840e-03 2.155229045808392442e-09
9.098504293049919714e-03 2.169875772420685677e-09
9.203860007344778771e-03 2.145422290757024413e-09
9.310435683314336255e-03 2.159898934566303278e-09
9.418245447448998428e-03 2.173479524275349333e-09
9.527303589816240106e-03 2.147631105488326299e-09
9.637624565954683309e-03 2.175724292874455412e-09
9.749222998790225969e-03 2.144559139957707683e-09
9.862113680574264088e-03 2.169748061958683785e-09
9.976311574844402841e-03 2.157586655678441420e-09
1.009183181840780756e-02 2.154098379376760826e-09
1.020868972334764736e-02 2.172981886623681197e-09
1.032690077905264354e-02 2.137186129228800558e-09
1.044648065427018942e-02 2.164372398746547971e-09
1.056744519918323584e-02 2.160879934930304561e-09
1.068981044751115932e-02 2.141815168878807700e-09
1.081359261863509835e-02 2.168526393071704603e-09
1.093880811974775637e-02 2.156244999227870255e-09
1.106547354802819329e-02 2.142260290358974313e-09
1.119360569284169951e-02 2.161132273952730059e-09
1.132322153796529694e-02 2.150000992768975401e-09
1.145433826383886189e-02 2.143325386201212141e-09
1.158697324984239718e-02 2.167702197008223536e-09
1.172114407659961138e-02 2.156833853270468524e-09
1.185686852830827517e-02 2.139114802062123991e-09
1.199416459509744862e-02 2.152344763320934677e-09
1.213305047541208236e-02 2.161042644774175877e-09
1.227354457842515234e-02 2.148140224999918168e-09
1.241566552647785024e-02 2.133989679945507214e-09
1.255943215754789545e-02 2.154536529294498417e-09
1.270486352774653077e-02 2.162402134496931909e-09
1.285197891384431967e-02 2.139371648303553412e-09
1.300079781582636103e-02 2.140340311514039143e-09
1.315133995947690565e-02 2.151764833826621711e-09
1.330362529899405295e-02 2.163863578009055091e-09
1.345767401963458149e-02 2.150438927905120700e-09
1.361350654038955867e-02 2.135012363967524886e-09
1.377114351669082859e-02 2.128514329099529716e-09
1.393060584314884456e-02 2.141168741297554109e-09
1.409191465632227309e-02 2.148849310918549438e-09
1.425509133751954628e-02 2.155730207759871097e-09
1.442015751563302701e-02 2.148377736093099659e-09
1.458713507000582686e-02 2.143044157144041473e-09
1.475604613333193239e-02 2.136413264486623623e-09
1.492691309458979952e-02 2.130425961248919318e-09
1.509975860201008026e-02 2.129860938458904176e-09
1.527460556607755995e-02 2.137938500713331712e-09
1.545147716256795901e-02 2.139507880433867661e-09
1.563039683561977602e-02 2.145406237959389826e-09
1.581138830084189567e-02 2.147115769784686439e-09
1.599447554845698227e-02 2.148018370849656940e-09
1.617968284648142047e-02 2.145699845798559932e-09
1.636703474394191060e-02 2.144550778555790382e-09
1.655655607412955324e-02 2.148934094219453436e-09
1.674827195789137593e-02 2.143014420033479586e-09
1.694220780696013146e-02 2.143592733509185122e-09
1.713838932732252018e-02 2.140008353633285610e-09
1.733684252262658251e-02 2.142530199053280731e-09
1.753759369762839665e-02 2.142633095383370821e-09
1.774066946167878259e-02 2.138899901652119251e-09
1.794609673225026208e-02 2.135405774460640675e-09
1.815390273850506567e-02 2.129746427924896698e-09
1.836411502490422828e-02 2.124120542224089966e-09
1.857676145485861671e-02 2.121883545465187858e-09
1.879187021442221134e-02 2.121980479169039808e-09
1.900946981602805869e-02 2.126748860603032255e-09
1.922958910226767182e-02 2.132361495266227674e-09
1.945225724971402087e-02 2.135439796155526893e-09
1.967750377278887700e-02 2.131138430995317460e-09
1.990535852767486361e-02 2.121400934398563453e-09
2.013585171627295042e-02 2.119802743120106933e-09
2.036901389020562628e-02 2.126731291366326093e-09
2.060487595486651738e-02 2.132265732219041781e-09
2.084346917351677028e-02 2.123684324934450884e-09
2.108482517142910850e-02 2.118066237381154564e-09
2.132897594007962527e-02 2.124826563797798749e-09
2.157595384138826650e-02 2.132947047544412662e-09
2.182579161200829884e-02 2.119352153796316873e-09
2.207852236766562337e-02 2.117417513547172344e-09
2.233417960754814982e-02 2.129803186787143410e-09
2.259279721874613012e-02 2.116458623549603653e-09
2.285440948074375991e-02 2.117852114302260843e-09
2.311905106996301265e-02 2.121544509784824811e-09
2.338675706435990390e-02 2.111287343751621622e-09
2.365756294807403598e-02 2.122899380985075649e-09
2.393150461613192254e-02 2.113036495161373605e-09
2.420861837920496376e-02 2.115593318738922660e-09
2.448894096842230139e-02 2.117302987524494513e-09
2.477250954023950055e-02 2.112568099186089112e-09
2.505936168136362052e-02 2.117138048659750056e-09
2.534953541373521912e-02 2.110889312698042264e-09
2.564306919956823791e-02 2.114583740597853954e-09
2.594000194644804219e-02 2.112551830717945409e-09
2.624037301248863946e-02 2.108510698051011110e-09
2.654422221154941960e-02 2.115684738793439513e-09
2.685158981851263130e-02 2.105699904796155574e-09
2.716251657462164654e-02 2.114849803644306244e-09
2.747704369288123810e-02 2.108814793572581399e-09
2.779521286352018214e-02 2.105502407359657684e-09
2.811706625951744878e-02 2.112594206611402487e-09
2.844264654219206059e-02 2.107459425569989380e-09
2.877199686685785740e-02 2.101387062941153632e-09
2.910516088854357350e-02 2.107085377601846763e-09
2.944218276777944496e-02 2.111985002860375175e-09
2.978310717645051356e-02 2.104591871057583422e-09
3.012797930371790070e-02 2.099374349498890367e-09
3.047684486200846754e-02 2.100527729091115040e-09
3.082975009307410696e-02 2.106228816312480725e-09
3.118674177412095530e-02 2.107135108699642047e-09
3.154786722400967913e-02 2.106507728206339097e-09
3.191317430952744089e-02 2.103137671537819748e-09
3.228271145173277484e-02 2.100326269156328357e-09
3.265652763237360950e-02 2.097913937323726633e-09
3.303467240037977898e-02 2.096669108282156720e-09
3.341719587843073463e-02 2.095438273351365162e-09
3.380414876959908499e-02 2.095375285052119247e-09
3.419558236407146262e-02 2.095553458846253417e-09
3.459154854594680834e-02 2.096388316120884816e-09
3.499209980011368931e-02 2.097516712734263750e-09
3.539728921920690108e-02 2.099146658511456791e-09
3.580717051064509493e-02 2.098242962483619237e-09
3.622179800374948633e-02 2.094672577485255630e-09
3.664122665694521247e-02 2.089025041232336988e-09
3.706551206504588025e-02 2.090180066633960980e-09
3.749471046662278262e-02 2.094987416417183090e-09
3.792887875145917187e-02 2.094871018657154807e-09
3.836807446809096384e-02 2.087575267552983196e-09
3.881235583143459456e-02 2.088873963101053283e-09
3.926178173050358378e-02 2.093938287220246670e-09
3.971641173621406201e-02 2.085766963823178362e-09
4.017630610928087792e-02 2.089016745862405857e-09
4.064152580820496602e-02 2.087179436932107267e-09
4.111213249735355679e-02 2.084677629038532272e-09
4.158818855513353452e-02 2.088891873351287993e-09
4.206975708225977467e-02 2.082680226258862349e-09
4.255690191011882173e-02 2.086527475566811713e-09
4.304968760923003068e-02 2.084937626959077302e-09
4.354817949780401959e-02 2.081150417797745981e-09
4.405244365040068139e-02 2.086428334285242670e-09
4.456254690668728924e-02 2.079676436979685507e-09
4.507855688029784730e-02 2.080533178059106048e-09
4.560054196779547708e-02 2.084175594806482394e-09
4.612857135773813788e-02 2.080445713008277531e-09
4.666271503984956853e-02 2.076617734264509621e-09
4.720304381429617224e-02 2.077478143736529646e-09
4.774962930107178732e-02 2.079500143652300094e-09
4.830254394949064223e-02 2.079685401459593343e-09
4.886186104779054878e-02 2.079291163001701503e-09
4.942765473284694427e-02 2.078385739961760621e-09
4.999999999999998890e-02 2.078027225176819010e-09
5.057897271299491293e-02 2.076960716394166819e-09
5.116464961403772299e-02 2.077471500019842331e-09
5.175710833396719723e-02 2.076813292747209463e-09
5.235642740254497357e-02 2.074754424744158268e-09
5.296268625886442483e-02 2.070709980112311783e-09
5.357596526188034003e-02 2.069276390186509335e-09
5.419634570106018207e-02 2.070175810578970727e-09
5.482390980715924622e-02 2.073200959313778379e-09
5.545874076312003881e-02 2.069185296418492944e-09
5.610092271509820039e-02 2.066945032035782653e-09
5.675054078361576465e-02 2.070893063186214989e-09
5.740768107484413296e-02 2.065491323762472536e-09
5.807243069201711849e-02 2.068661208117895668e-09
5.874487774697650933e-02 2.064043621543181776e-09
5.942511137185093467e-02 2.067919097464121239e-09
6.011322173087065013e-02 2.062528999947371050e-09
6.080930003231838771e-02 2.066195248922374218e-09
6.151343854061904620e-02 2.063927792206246829e-09
6.222573058856927658e-02 2.060198062701450721e-09
6.294627058970836408e-02 2.062511330954482959e-09
6.367515405083307156e-02 2.063804376850279776e-09
6.441247758465666606e-02 2.062682093698610888e-09
6.515833892261499449e-02 2.059495301127760596e-09
6.591283692782035075e-02 2.057906027118045542e-09
6.667607160816618750e-02 2.057123633285943824e-09
6.744814412958265171e-02 2.056315887479713727e-09
6.822915682944626081e-02 2.056583017818209139e-09
6.901921323014426068e-02 2.057422185197478027e-09
6.981841805279688506e-02 2.058566084311514093e-09
7.062687723113769689e-02 2.056595999104115501e-09
7.144469792555516174e-02 2.053446575579610750e-09
7.227198853729638328e-02 2.053620762654899312e-09
7.310885872283590103e-02 2.055069757142788073e-09
7.395541940841034168e-02 2.050721514991083773e-09
7.481178280472169928e-02 2.053506690048241395e-09
7.567806242181042420e-02 2.049467848025912472e-09
7.655437308410149855e-02 2.052971825966351225e-09
7.744083094562403957e-02 2.048454401699809475e-09
7.833755350540749784e-02 2.049164346492017314e-09
7.924465962305569933e-02 2.050369741591321690e-09
8.016226953450207582e-02 2.048075898984270350e-09
8.109050486794647239e-02 2.045755480552484170e-09
8.202948865997691796e-02 2.044817955175292048e-09
8.297934537187805215e-02 2.044942523754183022e-09
8.394020090612801244e-02 2.044823777925612034e-09
8.491218262308719567e-02 2.042982673946149086e-09
8.589541935787936566e-02 2.042333618485764323e-09
8.689004143746879849e-02 2.043330157121151428e-09
8.789618069793463107e-02 2.044533224024979842e-09
8.891397050194613239e-02 2.041794693007456492e-09
8.994354575643938310e-02 2.040183812071594533e-09
9.098504293049920755e-02 2.042350811060420496e-09
9.203860007344781546e-02 2.038505621227553560e-09
9.310435683314335908e-02 2.040968053791633008e-09
9.418245447449000163e-02 2.037758897193966234e-09
9.527303589816239759e-02 2.037149020558019266e-09
9.637624565954681921e-02 2.038184087151272593e-09
9.749222998790225969e-02 2.037935854217623561e-09
9.862113680574265129e-02 2.035657599202084665e-09
9.976311574844401453e-02 2.034521671057846871e-09
1.009183181840780652e-01 2.033582216279262078e-09
1.020868972334764563e-01 2.033525452576300241e-09
1.032690077905264320e-01 2.033404585848553804e-09
1.044648065427020434e-01 2.033217889792861200e-09
1.056744519918323688e-01 2.030228104101407711e-09
1.068981044751115966e-01 2.031173757690584859e-09
1.081359261863509835e-01 2.030173105594451184e-09
1.093880811974775741e-01 2.029993407928459775e-09
1.106547354802819155e-01 2.028013797220247435e-09
1.119360569284169882e-01 2.029783483448776730e-09
1.132322153796529590e-01 2.027511141411438827e-09
1.145433826383886050e-01 2.025611347904443812e-09
1.158697324984239718e-01 2.024931267245774793e-09
1.172114407659961277e-01 2.024100145450634551e-09
1.185686852830827448e-01 2.023518802572597143e-09
1.199416459509744792e-01 2.023540824503632570e-09
1.213305047541208270e-01 2.024529643689331294e-09
1.227354457842515373e-01 2.023283596080725589e-09
1.241566552647785093e-01 2.021075298671637236e-09
1.255943215754789510e-01 2.022517535328068559e-09
1.270486352774652938e-01 2.019919506595510589e-09
1.285197891384432245e-01 2.019885195990399001e-09
1.300079781582635929e-01 2.021457291071393582e-09
1.315133995947690426e-01 2.019296335827128662e-09
1.330362529899405399e-01 2.018163699856913397e-09
1.345767401963458010e-01 2.016865667937132145e-09
1.361350654038956109e-01 2.017954614340983167e-09
1.377114351669082859e-01 2.017021849187650632e-09
1.393060584314886052e-01 2.013898640305500946e-09
1.409191465632227136e-01 2.014804683988200321e-09
1.425509133751954594e-01 2.013938730859494945e-09
1.442015751563302528e-01 2.012959809344551002e-09
1.458713507000582721e-01 2.011070330461099617e-09
1.475604613333193205e-01 2.011107684839752805e-09
1.492691309458979987e-01 2.011492523947890396e-09
1.509975860201007714e-01 2.011131171692565289e-09
1.527460556607755926e-01 2.009649170878245995e-09
1.545147716256795589e-01 2.007335739953517273e-09
1.563039683561977533e-01 2.008492333881603131e-09
1.581138830084189428e-01 2.007905604762738246e-09
1.599447554845697950e-01 2.006502975404634593e-09
1.617968284648141908e-01 2.005677616718959761e-09
1.636703474394191060e-01 2.006612890861508000e-09
1.655655607412955255e-01 2.005709143018116106e-09
1.674827195789137801e-01 2.003959444564390646e-09
1.694220780696013284e-01 2.004365056955849298e-09
1.713838932732252018e-01 2.003585749904535494e-09
1.733684252262658043e-01 2.001104026758401198e-09
1.753759369762839249e-01 2.002525233165135229e-09
1.774066946167878189e-01 1.999854243882251585e-09
1.794609673225026625e-01 2.000305819862774959e-09
1.815390273850506775e-01 1.997250217114009083e-09
1.836411502490422898e-01 1.999419966618262916e-09
1.857676145485863684e-01 1.998659694368506941e-09
1.879187021442221273e-01 1.997892929818055873e-09
1.900946981602806007e-01 1.996222917068570901e-09
1.922958910226767459e-01 1.996024920470070092e-09
1.945225724971401948e-01 1.994470691856038625e-09
1.967750377278887908e-01 1.994702297899798410e-09
1.990535852767486291e-01 1.994013929829583583e-09
2.013585171627295112e-01 1.993469108465805897e-09
2.036901389020562836e-01 1.992714240170625962e-09
2.060487595486651946e-01 1.991048331012145508e-09
2.084346917351677098e-01 1.991694618189893569e-09
2.108482517142910573e-01 1.990006477233619626e-09
2.132897594007962250e-01 1.990245571161351801e-09
2.157595384138826788e-01 1.988327516267999732e-09
2.182579161200829954e-01 1.988143392589920000e-09
2.207852236766562337e-01 1.988294952016459014e-09
2.233417960754814635e-01 1.987383716748987298e-09
2.259279721874612734e-01 1.986356236546501044e-09
2.285440948074375644e-01 1.985461755765317375e-09
2.311905106996301196e-01 1.985042812878168230e-09
2.338675706435990320e-01 1.984528160406422004e-09
2.365756294807403737e-01 1.984439607894325666e-09
2.393150461613191837e-01 1.982139125409070253e-09
2.420861837920496862e-01 1.982804634890425335e-09
2.448894096842230417e-01 1.981658804342606802e-09
2.477250954023952345e-01 1.981120865932538510e-09
2.505936168136362330e-01 1.980627462151285709e-09
2.534953541373521912e-01 1.979563525887641749e-09
2.564306919956823583e-01 1.977877219681239149e-09
2.594000194644804358e-01 1.977760038912085622e-09
2.624037301248863807e-01 1.977093459991047787e-09
2.654422221154941752e-01 1.976634177504484224e-09
2.685158981851262783e-01 1.975533655471511921e-09
2.716251657462164792e-01 1.974982599367310787e-09
2.747704369288123671e-01 1.974916194321582183e-09
2.779521286352018006e-01 1.973223099282793145e-09
2.811706625951744809e-01 1.973415590243960374e-09
2.844264654219206268e-01 1.972853147055952569e-09
2.877199686685785740e-01 1.971947712974524043e-09
2.910516088854357419e-01 1.970831141312373760e-09
2.944218276777944565e-01 1.971166519441152368e-09
2.978310717645051287e-01 1.969808970535851744e-09
3.012797930371790001e-01 1.968836867211761006e-09
3.047684486200846199e-01 1.968671301675604864e-09
3.082975009307409864e-01 1.968073105094882461e-09
3.118674177412095183e-01 1.969203311391213404e-09
3.154786722400967358e-01 1.966354520824229451e-09
3.191317430952744227e-01 1.967667850921577871e-09
3.228271145173277068e-01 1.964979391963026507e-09
3.265652763237361089e-01 1.964181449536480432e-09
3.303467240037981645e-01 1.963432114365175817e-09
3.341719587843073880e-01 1.962929557786186818e-09
3.380414876959909054e-01 1.963104208614599768e-09
3.419558236407145846e-01 1.961015546104766940e-09
3.459154854594680417e-01 1.962617280602981034e-09
3.499209980011369070e-01 1.960132635171247671e-09
3.539728921920690108e-01 1.959903070132382865e-09
3.580717051064509771e-01 1.958777049113902231e-09
3.622179800374948910e-01 1.957884685874774051e-09
3.664122665694521941e-01 1.957136492543336369e-09
3.706551206504587470e-01 1.956008624816555046e-09
3.749471046662278262e-01 1.956269943734139008e-09
3.792887875145917742e-01 1.955858427528063944e-09
3.836807446809096245e-01 1.954538062740114978e-09
3.881235583143459178e-01 1.954029237630006827e-09
3.926178173050358100e-01 1.953455832109088286e-09
3.971641173621405785e-01 1.952112004529035962e-09
4.017630610928087931e-01 1.952031534259761698e-09
4.064152580820497018e-01 1.951060203797564007e-09
4.111213249735355402e-01 1.950377030644064171e-09
4.158818855513353174e-01 1.950470579298636749e-09
4.206975708225977328e-01 1.947513539314987829e-09
4.255690191011883283e-01 1.948565034140604355e-09
4.304968760923003068e-01 1.947734394709519490e-09
4.354817949780401820e-01 1.947017950843498334e-09
4.405244365040072441e-01 1.946293196148809292e-09
4.456254690668728924e-01 1.945391303535798046e-09
4.507855688029784313e-01 1.945083326309313475e-09
4.560054196779547708e-01 1.944216955987903371e-09
4.612857135773818507e-01 1.943399804482563361e-09
4.666271503984956714e-01 1.942669418463422443e-09
4.720304381429616947e-01 1.942351531192345708e-09
4.774962930107178871e-01 1.941215723593597666e-09
4.830254394949065055e-01 1.936198226492090150e-09
4.886186104779055572e-01 1.940669133294298211e-09
4.942765473284694844e-01 1.939305697017703979e-09
5.000000000000000000e-01 1.939286797484255116e-09
5.235642740254496941e-01 1.935817411111131329e-09
5.482390980715925455e-01 1.933544223384021224e-09
5.740768107484413019e-01 1.929550395982310088e-09
6.011322173087064735e-01 1.927721263743882594e-09
6.294627058970835298e-01 1.924955530177329823e-09
6.591283692782035075e-01 1.922216423992752615e-09
6.901921323014423848e-01 1.919892104264929510e-09
7.227198853729638328e-01 1.916061801964887571e-09
7.567806242181041032e-01 1.914449796887008004e-09
7.924465962305566880e-01 1.911287586133255864e-09
8.297934537187802162e-01 1.907887130316001554e-09
8.689004143746876796e-01 1.910805458387575159e-09
9.098504293049917147e-01 1.903392514184225500e-09
9.527303589816237261e-01 1.900862643235090310e-09
9.976311574844398677e-01 1.898280247575612063e-09
1.044648065427019601e+00 1.895606945079388008e-09
1.093880811974776268e+00 1.893028777733505652e-09
1.145433826383886355e+00 1.888718650424984359e-09
1.199416459509745181e+00 1.887201803761531056e-09
1.255943215754790065e+00 1.885812682444198842e-09
1.315133995947690870e+00 1.881489939790770066e-09
1.377114351669083137e+00 1.879207889343983815e-09
1.442015751563303416e+00 1.875513890321218250e-09
1.509975860201008047e+00 1.874147474982967325e-09
1.581138830084189539e+00 1.870848836286147036e-09
1.655655607412955588e+00 1.867934521315215989e-09
1.733684252262658321e+00 1.864815997892194229e-09
1.815390273850506997e+00 1.862035767304080130e-09
1.900946981602805730e+00 1.861117763260878975e-09
1.990535852767486125e+00 1.856901800037049651e-09
2.084346917351676876e+00 1.854025680065551629e-09
2.182579161200830065e+00 1.852152815688071051e-09
2.285440948074374923e+00 1.848020897045002801e-09
2.393150461613192004e+00 1.845598595710659157e-09
2.505936168136361886e+00 1.845853703985089975e-09
2.624037301248862697e+00 1.839782824733553028e-09
2.747704369288122450e+00 1.839279281722425967e-09
2.877199686685784741e+00 1.835240311288284895e-09
3.012797930371788890e+00 1.833406439612477094e-09
3.154786722400966248e+00 1.830166553870125832e-09
3.303467240037980091e+00 1.827132603072140811e-09
3.459154854594682416e+00 1.828121619050417202e-09
3.622179800374950354e+00 1.822551870480986433e-09
3.792887875145919185e+00 1.818615404415046383e-09
3.971641173621408338e+00 1.817009185966232469e-09
4.158818855513356283e+00 1.813632553265922738e-09
4.354817949780404263e+00 1.811375084881673394e-09
4.560054196779547375e+00 1.821145939186036463e-09
4.774962930107178316e+00 1.806382272470203571e-09
5.000000000000000000e+00 1.803152838945869729e-09
6.294627058970836408e+00 1.789333107812674583e-09
7.924465962305568212e+00 1.778323362595991574e-09
9.976311574844396901e+00 1.763707585274874184e-09
1.255943215754790110e+01 1.751220073957649341e-09
1.581138830084189451e+01 1.733841368304699108e-09
1.990535852767486347e+01 1.724340104490287600e-09
2.505936168136361886e+01 1.709570275938826013e-09
3.154786722400966426e+01 1.698831586164566227e-09
3.971641173621406296e+01 1.686927306768817973e-09
4.999999999999999289e+01 1.668443139559941990e-09
