1.733684252262658040e-05 3.354062156908875365e-14
1.774066946167876001e-05 5.004964127042401142e-14
1.815390273850508356e-05 9.029388741670921003e-14
1.857676145485863550e-05 1.528345443204588831e-13
1.900946981602805844e-05 2.379521474209678186e-13
1.945225724971401946e-05 3.444795832774531270e-13
1.990535852767484390e-05 4.734232468312512862e-13
2.036901389020564723e-05 6.259435811925841577e-13
2.084346917351677256e-05 8.035774452886874416e-13
2.132897594007962175e-05 1.007936321400383355e-12
2.182579161200832375e-05 1.241036128530899523e-12
2.233417960754817411e-05 1.507204407211182861e-12
2.285440948074375482e-05 1.805948211282319024e-12
2.338675706435990129e-05 2.142878882848595816e-12
2.393150461613189502e-05 2.519892879501083636e-12
2.448894096842227708e-05 2.942931388866124178e-12
2.505936168136361892e-05 3.416309048518100952e-12
2.564306919956823707e-05 3.939812365758247572e-12
2.624037301248860956e-05 4.530705603925610640e-12
2.685158981851265889e-05 5.182069981511467571e-12
2.747704369288123718e-05 5.903643146465311714e-12
2.811706625951744672e-05 6.704599360922121844e-12
2.877199686685782864e-05 7.591694241348216228e-12
2.944218276777941663e-05 8.572643006269114446e-12
3.012797930371790298e-05 9.659858131564120959e-12
3.082975009307410534e-05 1.085716501015801563e-11
3.154786722400964650e-05 1.217919746314125743e-11
3.228271145173280656e-05 1.364976635653531191e-11
3.303467240037981687e-05 1.526199911340599147e-11
3.380414876959908759e-05 1.703198164942684788e-11
3.459154854594680595e-05 1.898220836751742558e-11
3.539728921920685885e-05 2.112718053363815904e-11
3.622179800374952406e-05 2.348948611106135165e-11
3.706551206504588155e-05 2.608481424043690418e-11
3.792887875145917236e-05 2.892503678855159563e-11
3.881235583143463039e-05 3.204723239563825757e-11
3.971641173621410364e-05 3.548224922578497355e-11
4.064152580820496591e-05 3.924272346871410045e-11
4.158818855513353165e-05 4.334943347600328061e-11
4.255690191011878395e-05 4.785067029238481118e-11
4.354817949780398050e-05 5.277581548960512721e-11
4.456254690668729390e-05 5.815405615958471432e-11
4.560054196779547508e-05 6.405639364598114333e-11
4.666271503984952289e-05 7.046676262958235888e-11
4.774962930107183736e-05 7.748800556565307738e-11
4.886186104779054808e-05 8.514172021612280405e-11
4.999999999999998884e-05 9.348890706704552271e-11
5.057897271299490442e-05 9.794825654892514194e-11
5.116464961403767209e-05 1.025655781191118443e-10
5.175710833396714221e-05 1.074207852398805907e-10
5.235642740254491318e-05 1.124735007003716579e-10
5.296268625886447866e-05 1.177570070714163442e-10
5.357596526188034176e-05 1.232584101643841516e-10
5.419634570106018624e-05 1.289710780208507258e-10
5.482390980715924394e-05 1.349624534171580454e-10
5.545874076312003680e-05 1.411723713005719414e-10
5.610092271509813691e-05 1.476474895042335010e-10
5.675054078361570665e-05 1.544104866400563015e-10
5.740768107484407919e-05 1.614318818381764783e-10
5.807243069201718186e-05 1.688062031768773959e-10
5.874487774697651393e-05 1.764227924105700947e-10
5.942511137185093809e-05 1.843821511908002929e-10
6.011322173087064877e-05 1.926895018370170035e-10
6.080930003231838017e-05 2.012390334295412424e-10
6.151343854061905325e-05 2.102160252931239854e-10
6.222573058856921034e-05 2.195558743624496309e-10
6.294627058970830402e-05 2.292080176942007972e-10
6.367515405083314138e-05 2.393539210488992870e-10
6.441247758465673719e-05 2.497907890368538245e-10
6.515833892261499124e-05 2.607224083425697676e-10
6.591283692782035650e-05 2.719869410314647816e-10
6.667607160816619769e-05 2.837959729687126819e-10
6.744814412958265366e-05 2.960312131818240245e-10
6.822915682944618535e-05 3.086363414754544279e-10
6.901921323014417829e-05 3.217804813076388733e-10
6.981841805279679497e-05 3.354689706854943892e-10
7.062687723113775782e-05 3.496333822232128395e-10
7.144469792555517389e-05 3.643492740778091272e-10
7.227198853729638578e-05 3.794950024137546357e-10
7.310885872283590017e-05 3.953184447347263170e-10
7.395541940841035122e-05 4.116783519915628084e-10
7.481178280472162371e-05 4.286509072617369041e-10
7.567806242181034505e-05 4.462095665994102508e-10
7.655437308410142656e-05 4.644252831467541612e-10
7.744083094562412067e-05 4.832323652713854316e-10
7.833755350540748852e-05 5.026284166445046667e-10
7.924465962305569597e-05 5.228010264996804254e-10
8.016226953450208102e-05 5.435398600435809035e-10
8.109050486794647857e-05 5.651648946425677399e-10
8.202948865997692718e-05 5.873938058232732888e-10
8.297934537187796715e-05 6.103768666642935022e-10
8.394020090612792852e-05 6.339501177064970827e-10
8.491218262308728262e-05 6.585920485343410370e-10
8.589541935787943950e-05 6.836763314080340240e-10
8.689004143746881595e-05 7.096749252433907704e-10
8.789618069793464267e-05 7.363880997033889472e-10
8.891397050194613488e-05 7.640285933218727842e-10
8.994354575643936521e-05 7.925741513657850651e-10
9.098504293049910498e-05 8.219116791294826155e-10
9.203860007344770748e-05 8.520196122299169490e-10
9.310435683314325576e-05 8.827938013966958914e-10
9.418245447449009216e-05 9.148432583582085719e-10
9.527303589816239347e-05 9.473741681180819804e-10
9.637624565954680924e-05 9.809469144480743012e-10
9.749222998790223855e-05 1.015371914700898036e-09
9.862113680574266798e-05 1.050512726131015596e-09
9.976311574844392432e-05 1.086622576815752135e-09
1.009183181840780691e-04 1.123855371643737059e-09
1.020868972334764650e-04 1.161487242955537212e-09
1.032690077905264333e-04 1.200373356649325780e-09
1.044648065427019099e-04 1.239870266719815016e-09
1.056744519918323676e-04 1.280092078664299594e-09
1.068981044751116051e-04 1.321532394539917908e-09
1.081359261863509824e-04 1.363440259314414219e-09
1.093880811974775783e-04 1.406277199467063417e-09
1.106547354802819166e-04 1.449821144139240504e-09
1.119360569284169843e-04 1.494312684042604667e-09
1.132322153796529580e-04 1.539464621332503471e-09
1.145433826383886026e-04 1.584944755036040978e-09
1.158697324984239615e-04 1.631488533034977764e-09
1.172114407659961296e-04 1.678255570398448008e-09
1.185686852830827555e-04 1.725909757322729915e-09
1.199416459509744813e-04 1.774004566792470860e-09
1.213305047541207081e-04 1.822359353262421534e-09
1.227354457842515364e-04 1.871093191965624680e-09
1.241566552647784948e-04 1.920133548996180717e-09
1.255943215754789502e-04 1.969578223074213094e-09
1.270486352774653110e-04 2.019352545370490604e-09
1.285197891384432108e-04 2.068754800263566002e-09
1.300079781582635788e-04 2.118599574627747604e-09
1.315133995947690435e-04 2.168326829602609861e-09
1.330362529899403897e-04 2.218043084787716830e-09
1.345767401963458333e-04 2.267457159679674008e-09
1.361350654038956344e-04 2.316394368909613337e-09
1.377114351669082826e-04 2.365003528664195345e-09
1.393060584314884456e-04 2.412592675133295466e-09
1.409191465632227234e-04 2.459695931381544610e-09
1.425509133751954596e-04 2.506385344422830086e-09
1.442015751563302474e-04 2.551403558930518992e-09
1.458713507000582675e-04 2.596154276442555935e-09
1.475604613333193142e-04 2.639066449488977095e-09
1.492691309458979746e-04 2.680840461700587801e-09
1.509975860201007907e-04 2.721599019804176538e-09
1.527460556607755941e-04 2.759929131192210922e-09
1.545147716256795760e-04 2.797059020962272063e-09
1.563039683561977700e-04 2.831733209773928366e-09
1.581138830084189426e-04 2.865090257653241865e-09
1.599447554845698401e-04 2.896010442025514795e-09
1.617968284648140247e-04 2.924055535565744385e-09
1.636703474394191234e-04 2.949850108801067853e-09
1.655655607412955237e-04 2.972913414212267462e-09
1.674827195789137550e-04 2.993383584529674618e-09
1.694220780696013395e-04 3.011059427171627004e-09
1.713838932732251867e-04 3.024597495798018553e-09
1.733684252262658175e-04 3.036329478691159311e-09
1.753759369762839622e-04 3.043627445026184254e-09
1.774066946167876340e-04 3.048697588285395051e-09
1.794609673225026631e-04 3.048409720572136237e-09
1.815390273850506729e-04 3.045734542872607547e-09
1.836411502490422785e-04 3.039546785505194316e-09
1.857676145485863753e-04 3.028653170740352433e-09
1.879187021442221307e-04 3.014061984107043519e-09
1.900946981602805912e-04 2.996449003270253195e-09
1.922958910226767171e-04 2.975607116348004851e-09
1.945225724971401946e-04 2.949447290130113142e-09
1.967750377278885748e-04 2.919217584400354101e-09
1.990535852767486220e-04 2.886486292936847527e-09
2.013585171627295032e-04 2.849654186117798018e-09
2.036901389020562758e-04 2.809480095994532703e-09
2.060487595486651640e-04 2.766244815967330855e-09
2.084346917351676985e-04 2.718387045797963484e-09
2.108482517142910915e-04 2.668476862110597597e-09
2.132897594007962310e-04 2.615971618107199614e-09
2.157595384138824535e-04 2.560918269871847627e-09
2.182579161200830003e-04 2.503575411212943919e-09
2.207852236766562250e-04 2.444261661998576252e-09
2.233417960754814700e-04 2.383201446300691806e-09
2.259279721874612654e-04 2.321265482198662937e-09
2.285440948074375482e-04 2.258293245682845397e-09
2.311905106996301417e-04 2.194790566508904369e-09
2.338675706435990400e-04 2.132427392459920580e-09
2.365756294807401202e-04 2.070005990092406097e-09
2.393150461613192416e-04 2.008302205643800857e-09
2.420861837920496669e-04 1.948186701582800851e-09
2.448894096842230486e-04 1.891047001031863430e-09
2.477250954023952571e-04 1.835651166182213028e-09
2.505936168136362096e-04 1.783871402343895877e-09
2.534953541373521587e-04 1.735493571184479780e-09
2.564306919956823639e-04 1.691083685118087159e-09
2.594000194644803916e-04 1.651267630892984707e-09
2.624037301248860888e-04 1.616858900105130519e-09
2.654422221154941939e-04 1.587441883364095316e-09
2.685158981851263043e-04 1.564065646375523288e-09
2.716251657462165044e-04 1.547343504122415917e-09
2.747704369288123311e-04 1.536783563139665426e-09
2.779521286352018127e-04 1.532734226371159443e-09
2.811706625951744943e-04 1.535771710692549243e-09
2.844264654219205712e-04 1.545433645531675831e-09
2.877199686685783203e-04 1.562041245039649020e-09
2.910516088854357393e-04 1.585295024748299653e-09
2.944218276777943628e-04 1.615166786749561406e-09
2.978310717645051204e-04 1.651357829915654486e-09
3.012797930371790027e-04 1.693311636177454339e-09
3.047684486200846234e-04 1.740922296005914914e-09
3.082975009307410263e-04 1.793215373288288804e-09
3.118674177412095313e-04 1.849419169846918682e-09
3.154786722400963837e-04 1.909409773260221475e-09
3.191317430952743915e-04 1.971377668627424501e-09
3.228271145173277810e-04 2.035254052185421545e-09
3.265652763237360972e-04 2.099242744226959607e-09
3.303467240037981823e-04 2.163422204235418101e-09
3.341719587843073962e-04 2.225754882586322787e-09
3.380414876959908759e-04 2.285649974871848065e-09
3.419558236407145655e-04 2.342047391022089541e-09
3.459154854594681137e-04 2.393357909730351208e-09
3.499209980011365223e-04 2.439134945839912202e-09
3.539728921920690628e-04 2.478246571121905913e-09
3.580717051064509905e-04 2.509639047367958996e-09
3.622179800374948611e-04 2.532997904810031266e-09
3.664122665694521551e-04 2.547562968113569155e-09
3.706551206504588155e-04 2.553325738123331460e-09
3.749471046662278739e-04 2.549628453792466292e-09
3.792887875145917642e-04 2.536752726142450983e-09
3.836807446809091808e-04 2.514708740361288158e-09
3.881235583143459651e-04 2.483891710578613002e-09
3.926178173050358226e-04 2.445133854691308315e-09
3.971641173621406028e-04 2.399880400157514123e-09
4.017630610928087857e-04 2.348110899819949611e-09
4.064152580820496862e-04 2.291254313611813722e-09
4.111213249735355181e-04 2.232104155646299970e-09
4.158818855513352758e-04 2.171518869753566037e-09
4.206975708225972935e-04 2.110112722624019960e-09
4.255690191011882867e-04 2.051258345816041154e-09
4.304968760923003155e-04 1.995939665095615557e-09
4.354817949780401981e-04 1.946308344851007858e-09
4.405244365040072822e-04 1.903436832332662911e-09
4.456254690668728577e-04 1.869479918402277585e-09
4.507855688029784470e-04 1.844857970403898883e-09
4.560054196779547643e-04 1.831754329212861818e-09
4.612857135773814005e-04 1.829975205661434674e-09
4.666271503984952018e-04 1.839790333455894564e-09
4.720304381429617636e-04 1.861003835113575524e-09
4.774962930107178993e-04 1.893737234224819585e-09
4.830254394949064960e-04 1.935406208646933017e-09
4.886186104779055486e-04 1.985865980605618806e-09
4.942765473284694211e-04 2.043487007752384075e-09
4.999999999999999020e-04 2.105062070199186835e-09
5.057897271299491120e-04 2.169040552348127901e-09
5.116464961403766531e-04 2.232319486644948408e-09
5.175710833396719507e-04 2.291881298633109422e-09
5.235642740254497010e-04 2.345989436110478958e-09
5.296268625886442309e-04 2.391263455462190535e-09
5.357596526188034176e-04 2.426609421329126691e-09
5.419634570106019031e-04 2.449744538059033742e-09
5.482390980715924666e-04 2.459091018193536834e-09
5.545874076312004358e-04 2.454561178912848240e-09
5.610092271509814097e-04 2.436694762958190083e-09
5.675054078361570394e-04 2.404987576358041594e-09
5.740768107484413340e-04 2.362580050324660469e-09
5.807243069201711546e-04 2.310627814759961077e-09
5.874487774697650716e-04 2.252507829233947374e-09
5.942511137185093944e-04 2.191147423269859759e-09
6.011322173087063929e-04 2.130926633270602125e-09
6.080930003231838424e-04 2.074713956065829771e-09
6.151343854061905054e-04 2.026125130648611685e-09
6.222573058856920762e-04 1.989304821730430938e-09
6.294627058970836365e-04 1.965949295850644502e-09
6.367515405083307633e-04 1.958163111201726119e-09
6.441247758465673719e-04 1.966557099158180551e-09
6.515833892261498582e-04 1.990907383947183063e-09
6.591283692782035379e-04 2.029667296082516925e-09
6.667607160816619227e-04 2.080350041065243947e-09
6.744814412958263740e-04 2.139172883568897817e-09
6.822915682944617451e-04 2.202072557118108801e-09
6.901921323014424334e-04 2.264643726336735137e-09
6.981841805279687899e-04 2.321128597627223516e-09
7.062687723113776324e-04 2.367425776245109336e-09
7.144469792555517389e-04 2.399834646074580290e-09
7.227198853729638849e-04 2.415213692046908961e-09
7.310885872283591101e-04 2.412011023954865303e-09
7.395541940841035122e-04 2.390346394959444048e-09
7.481178280472162642e-04 2.352556064724365778e-09
7.567806242181033963e-04 2.301393647464408089e-09
7.655437308410150245e-04 2.242576099103824172e-09
7.744083094562404478e-04 2.181121491416536698e-09
7.833755350540749394e-04 2.123551629668594839e-09
7.924465962305569326e-04 2.075730564303836277e-09
8.016226953450207018e-04 2.043274336352211683e-09
8.109050486794647586e-04 2.029555803958654879e-09
8.202948865997692447e-04 2.036455684891381597e-09
8.297934537187796715e-04 2.063338096755653134e-09
8.394020090612803152e-04 2.107702851714102845e-09
8.491218262308721215e-04 2.164696338558980248e-09
8.589541935787946931e-04 2.227087019189946131e-09
8.689004143746880239e-04 2.288197192639341131e-09
8.789618069793463453e-04 2.339304873034773837e-09
8.891397050194612675e-04 2.374477844643380589e-09
8.994354575643936792e-04 2.388695868452918971e-09
9.098504293049911040e-04 2.380019153605889107e-09
9.203860007344780506e-04 2.349405182249677829e-09
9.310435683314336689e-04 2.301139912258435085e-09
9.418245447449009487e-04 2.241842313495632943e-09
9.527303589816242058e-04 2.180540992446873111e-09
9.637624565954682008e-04 2.127099092919721851e-09
9.749222998790226836e-04 2.089215566163434020e-09
9.862113680574266256e-04 2.073647577030103285e-09
9.976311574844392432e-04 2.082772515164621319e-09
1.009183181840779715e-03 2.116189316765006412e-09
1.020868972334764650e-03 2.167768517934279659e-09
1.032690077905264224e-03 2.229302830636494944e-09
1.044648065427020156e-03 2.289693465370433614e-09
1.056744519918323541e-03 2.338046788411533406e-09
1.068981044751116105e-03 2.365368277515010330e-09
1.081359261863509879e-03 2.366460636870492508e-09
1.093880811974775810e-03 2.340389447064811895e-09
1.106547354802818245e-03 2.292677618087045296e-09
1.119360569284169734e-03 2.231735609342654534e-09
1.132322153796529608e-03 2.173051530992743345e-09
1.145433826383887056e-03 2.125241672527750410e-09
1.158697324984239588e-03 2.106327226361079013e-09
1.172114407659961052e-03 2.107095027816248022e-09
1.185686852830827474e-03 2.144770377011823133e-09
1.199416459509744732e-03 2.200908788267190816e-09
1.213305047541206891e-03 2.260694274559078090e-09
1.227354457842515364e-03 2.315338765359864686e-09
1.241566552647785111e-03 2.348114771044064496e-09
1.255943215754790803e-03 2.351958411389519461e-09
1.270486352774652947e-03 2.322897152453936167e-09
1.285197891384432054e-03 2.269792886972328838e-09
1.300079781582635843e-03 2.210642415319239018e-09
1.315133995947690435e-03 2.156923068586571112e-09
1.330362529899403951e-03 2.124565552871196498e-09
1.345767401963456761e-03 2.128981843593288453e-09
1.361350654038956127e-03 2.160356918953698523e-09
1.377114351669082772e-03 2.218806932251233544e-09
1.393060584314885974e-03 2.280118016666893972e-09
1.409191465632227396e-03 2.322858743203135483e-09
1.425509133751954758e-03 2.333577370422054628e-09
1.442015751563302745e-03 2.319910078826171205e-09
1.458713507000582730e-03 2.268739672544342365e-09
1.475604613333191895e-03 2.214720670996470017e-09
1.492691309458979909e-03 2.161284337891553122e-09
1.509975860201007635e-03 2.139251978012809173e-09
1.527460556607757513e-03 2.154546695941341908e-09
1.545147716256795815e-03 2.203248961505329889e-09
1.563039683561977646e-03 2.261516879388947228e-09
1.581138830084189480e-03 2.312532383238474477e-09
1.599447554845698401e-03 2.330389481916548956e-09
1.617968284648140572e-03 2.306805400504023068e-09
1.636703474394191234e-03 2.257119374265705117e-09
1.655655607412955237e-03 2.197596546813946033e-09
1.674827195789139285e-03 2.154443315680077954e-09
1.694220780696013449e-03 2.152684550098002971e-09
1.713838932732251975e-03 2.185776965642102568e-09
1.733684252262658121e-03 2.245656131806258681e-09
1.753759369762839405e-03 2.294023107598561819e-09
1.774066946167876177e-03 2.319684491119072737e-09
1.794609673225024517e-03 2.298290491574646080e-09
1.815390273850506567e-03 2.241792289631003451e-09
1.836411502490422785e-03 2.183810445635497994e-09
1.857676145485863536e-03 2.156844104759606171e-09
1.879187021442221524e-03 2.172547081095698876e-09
1.900946981602806129e-03 2.225529189927069322e-09
1.922958910226767659e-03 2.282949871122414919e-09
1.945225724971402217e-03 2.311426102818822816e-09
1.967750377278885965e-03 2.292693250247926370e-09
1.990535852767486274e-03 2.239622178028675115e-09
2.013585171627295303e-03 2.183861490027096125e-09
2.036901389020564709e-03 2.163089961426786106e-09
2.060487595486651478e-03 2.192167297070904913e-09
2.084346917351677202e-03 2.248758738727613586e-09
2.108482517142910590e-03 2.294116533692845258e-09
2.132897594007962527e-03 2.294431173656858727e-09
2.157595384138824915e-03 2.255241801738062303e-09
2.182579161200830058e-03 2.197926403764257192e-09
2.207852236766562250e-03 2.167561438003052115e-09
2.233417960754816977e-03 2.191426344252561153e-09
2.259279721874612491e-03 2.248364102473102882e-09
2.285440948074375211e-03 2.294085849836806577e-09
2.311905106996301092e-03 2.285043831485153677e-09
2.338675706435990129e-03 2.237983864635440319e-09
2.365756294807400822e-03 2.184439282192180054e-09
2.393150461613189652e-03 2.172859661126411975e-09
2.420861837920496723e-03 2.221489227919120908e-09
2.448894096842230052e-03 2.275748870096762612e-09
2.477250954023952137e-03 2.289932192879141715e-09
2.505936168136361879e-03 2.249841644562171591e-09
2.534953541373521912e-03 2.184982449879119953e-09
2.564306919956823531e-03 2.173932576501667150e-09
2.594000194644804132e-03 2.216370546607129333e-09
2.624037301248860563e-03 2.272571447142224768e-09
2.654422221154941613e-03 2.283300619910623171e-09
2.685158981851263043e-03 2.237362496306450161e-09
2.716251657462167429e-03 2.185189948333016788e-09
2.747704369288123637e-03 2.184724497933171849e-09
2.779521286352018561e-03 2.236758267665108170e-09
2.811706625951745052e-03 2.280535777390200380e-09
2.844264654219206580e-03 2.262898919185520187e-09
2.877199686685782878e-03 2.204072528854895125e-09
2.910516088854357610e-03 2.178795310788375458e-09
2.944218276777944496e-03 2.218767698722548865e-09
2.978310717645054565e-03 2.272307262766033838e-09
3.012797930371789810e-03 2.265153434026405399e-09
3.047684486200846234e-03 2.209538578430182512e-09
3.082975009307410696e-03 2.179169037987365652e-09
3.118674177412095096e-03 2.217424854659767997e-09
3.154786722400964270e-03 2.267693931835091075e-09
3.191317430952740879e-03 2.256033621912447481e-09
3.228271145173277484e-03 2.198438678708985741e-09
3.265652763237360864e-03 2.183656633192535799e-09
3.303467240037981281e-03 2.231349908038624451e-09
3.341719587843073637e-03 2.268452219571051352e-09
3.380414876959908759e-03 2.232546133119386635e-09
3.419558236407145655e-03 2.181758707299819813e-09
3.459154854594680920e-03 2.203655735025037458e-09
3.499209980011365115e-03 2.256752032709210722e-09
3.539728921920690195e-03 2.249554169781476788e-09
3.580717051064509580e-03 2.193065997730111061e-09
3.622179800374952623e-03 2.190342555987821170e-09
3.664122665694521767e-03 2.245254797041981198e-09
3.706551206504587938e-03 2.254077934260494473e-09
3.749471046662278956e-03 2.200332688886555938e-09
3.792887875145917534e-03 2.186498251401029416e-09
3.836807446809092567e-03 2.241642142355497033e-09
3.881235583143459542e-03 2.249576141699615626e-09
3.926178173050358551e-03 2.195922585372513178e-09
3.971641173621410364e-03 2.190832286368922409e-09
4.017630610928087966e-03 2.243637235767227499e-09
4.064152580820497296e-03 2.239093471059652609e-09
4.111213249735355506e-03 2.186203150049040571e-09
4.158818855513353625e-03 2.207243311905597050e-09
4.206975708225972610e-03 2.249057788470827975e-09
4.255690191011878530e-03 2.217070137641457313e-09
4.304968760923003589e-03 2.180749115388794977e-09
4.354817949780402306e-03 2.228507170092421922e-09
4.405244365040072822e-03 2.240804614066335951e-09
4.456254690668728577e-03 2.187704642341488780e-09
4.507855688029784036e-03 2.201950944453948508e-09
4.560054196779548402e-03 2.245475486980649269e-09
4.612857135773812921e-03 2.202919467901164435e-09
4.666271503984951476e-03 2.187517180973652545e-09
4.720304381429616877e-03 2.239797715662186117e-09
4.774962930107178559e-03 2.215182270647283487e-09
4.830254394949070815e-03 2.181274478084909334e-09
4.886186104779054185e-03 2.233050614660366885e-09
4.942765473284694427e-03 2.220539935628326482e-09
4.999999999999999237e-03 2.178817445461945032e-09
5.057897271299490252e-03 2.226781626839531952e-09
5.116464961403772820e-03 2.217046395624191813e-09
5.175710833396719723e-03 2.180648046473526918e-09
5.235642740254497010e-03 2.228253059019424550e-09
5.296268625886442309e-03 2.210684145610983537e-09
5.357596526188034176e-03 2.181827424550115602e-09
5.419634570106018380e-03 2.229823933787205479e-09
5.482390980715924449e-03 2.197130825468780309e-09
5.545874076312003707e-03 2.190044591582773285e-09
5.610092271509814314e-03 2.230454782912953832e-09
5.675054078361577332e-03 2.182400142547032658e-09
5.740768107484413990e-03 2.207825583702422757e-09
5.807243069201712196e-03 2.217719975338320657e-09
5.874487774697644861e-03 2.176444077812784700e-09
5.942511137185094161e-03 2.224494939546716730e-09
6.011322173087065013e-03 2.189318873390821962e-09
6.080930003231838424e-03 2.196051219257080696e-09
6.151343854061904620e-03 2.215230848311311061e-09
6.222573058856926617e-03 2.169857502995373014e-09
6.294627058970836582e-03 2.221166293262850228e-09
6.367515405083306983e-03 2.181108445970937706e-09
6.441247758465665912e-03 2.204644658227771354e-09
6.515833892261499449e-03 2.196596316919712771e-09
6.591283692782035596e-03 2.185323097431180075e-09
6.667607160816618576e-03 2.214179474910617900e-09
6.744814412958264824e-03 2.167666068334614825e-09
6.822915682944625908e-03 2.216679192081161762e-09
6.901921323014425201e-03 2.176453154429574553e-09
6.981841805279687466e-03 2.211617110875429240e-09
7.062687723113769168e-03 2.175900316532314200e-09
7.144469792555517389e-03 2.204354087287784749e-09
7.227198853729638849e-03 2.185899075736623138e-09
7.310885872283590450e-03 2.199038248463998134e-09
7.395541940841034688e-03 2.187733673767755024e-09
7.481178280472170448e-03 2.192071046599946247e-09
7.567806242181043287e-03 2.190200950486132845e-09
7.655437308410150896e-03 2.195255174646763933e-09
7.744083094562405345e-03 2.189378007932257920e-09
7.833755350540741805e-03 2.193935388681691149e-09
7.924465962305568892e-03 2.179960986490207782e-09
8.016226953450207235e-03 2.206240533340933801e-09
8.109050486794647586e-03 2.175007838950260046e-09
8.202948865997691796e-03 2.200783557578396974e-09
8.297934537187804521e-03 2.163129533971057888e-09
8.394020090612802285e-03 2.201589757320473114e-09
8.491218262308719913e-03 2.167080171046489415e-09
8.589541935787937607e-03 2.193281924673230873e-09
8.689004143746880890e-03 2.179253374928823318e-09
8.789618069793463453e-03 2.178378892304587532e-09
8.891397050194612892e-03 2.193024163263633936e-09
8.994354575643934840e-03 2.167357721551465775e-09
9.098504293049919714e-03 2.194487576697198417e-09
9.203860007344778771e-03 2.173502178397751756e-09
9.310435683314336255e-03 2.176798991730317104e-09
9.418245447448998428e-03 2.194630693703410307e-09
9.527303589816240106e-03 2.160071974922273742e-09
9.637624565954681574e-03 2.180389812651940978e-09
9.749222998790225969e-03 2.185402524020837668e-09
9.862113680574265823e-03 2.166085190852308074e-09
9.976311574844402841e-03 2.187146100234053068e-09
1.009183181840780756e-02 2.177129436528725698e-09
1.020868972334764563e-02 2.158923053260862158e-09
1.032690077905264354e-02 2.183826710563728469e-09
1.044648065427019115e-02 2.180674765571407793e-09
1.056744519918323411e-02 2.158263725492206687e-09
1.068981044751115932e-02 2.177984142293652101e-09
1.081359261863510009e-02 2.180308825003956745e-09
1.093880811974775810e-02 2.162967081897896688e-09
1.106547354802819329e-02 2.161090180878047676e-09
1.119360569284169951e-02 2.180379687775985891e-09
1.132322153796529694e-02 2.174444583901130099e-09
1.145433826383886189e-02 2.160074521256727481e-09
1.158697324984239718e-02 2.158660358648024594e-09
1.172114407659960965e-02 2.173994255341067130e-09
1.185686852830827517e-02 2.173011358941013172e-09
1.199416459509744862e-02 2.157867526459541736e-09
1.213305047541208236e-02 2.152705152027051388e-09
1.227354457842515234e-02 2.158271776057713761e-09
1.241566552647785024e-02 2.170317454064404488e-09
1.255943215754789545e-02 2.173777905047478914e-09
1.270486352774653077e-02 2.163651905133889291e-09
1.285197891384432141e-02 2.156766646125838343e-09
1.300079781582635929e-02 2.150810151557634432e-09
1.315133995947690565e-02 2.157703618764254720e-09
1.330362529899405122e-02 2.162097769912835017e-09
1.345767401963458149e-02 2.167196145096969777e-09
1.361350654038956040e-02 2.164601857525431878e-09
1.377114351669082859e-02 2.165483446538192180e-09
1.393060584314884456e-02 2.159347244032996524e-09
1.409191465632227309e-02 2.155497199002730982e-09
1.425509133751954628e-02 2.151230065606951637e-09
1.442015751563302701e-02 2.149641618419641053e-09
1.458713507000582686e-02 2.144809467785071788e-09
1.475604613333193239e-02 2.144584121298845410e-09
1.492691309458979952e-02 2.143598016183406221e-09
1.509975860201008026e-02 2.140283814400820259e-09
1.527460556607755995e-02 2.141265690225992382e-09
1.545147716256795901e-02 2.141392135558324046e-09
1.563039683561977602e-02 2.141316489146551525e-09
1.581138830084189567e-02 2.143441668775512533e-09
1.599447554845698227e-02 2.145150224709852183e-09
1.617968284648142047e-02 2.147474439389767105e-09
1.636703474394191060e-02 2.151239780554619596e-09
1.655655607412955324e-02 2.154107021427406109e-09
1.674827195789137593e-02 2.155414682714490237e-09
1.694220780696013146e-02 2.152570223683154326e-09
1.713838932732252018e-02 2.144852418333292399e-09
1.733684252262658251e-02 2.139173759313429717e-09
1.753759369762839665e-02 2.132786130038903091e-09
1.774066946167878259e-02 2.140428916320370557e-09
1.794609673225026208e-02 2.145882528920791866e-09
1.815390273850506567e-02 2.149124680751687024e-09
1.836411502490422482e-02 2.138304987441453073e-09
1.857676145485861671e-02 2.131868963269086355e-09
1.879187021442221134e-02 2.138417060970202909e-09
1.900946981602805869e-02 2.145197394329965994e-09
1.922958910226767182e-02 2.137340224561189425e-09
1.945225724971402087e-02 2.130067972654204335e-09
1.967750377278887700e-02 2.140546526321729717e-09
1.990535852767486014e-02 2.139625636550894659e-09
2.013585171627295042e-02 2.127187668751450414e-09
2.036901389020562628e-02 2.136651201584274242e-09
2.060487595486651738e-02 2.137245976476041140e-09
2.084346917351677028e-02 2.127324250454532191e-09
2.108482517142910850e-02 2.138740534269523423e-09
2.132897594007962527e-02 2.129803195541561860e-09
2.157595384138826650e-02 2.130574359128172727e-09
2.182579161200829884e-02 2.133659415203292283e-09
2.207852236766562337e-02 2.124798320275868773e-09
2.233417960754814982e-02 2.133707584354653913e-09
2.259279721874613012e-02 2.122654284930149009e-09
2.285440948074375644e-02 2.133522729845817103e-09
2.311905106996301265e-02 2.121897318490076439e-09
2.338675706435990043e-02 2.130947287173016054e-09
2.365756294807403598e-02 2.122892013105022149e-09
2.393150461613192254e-02 2.125082538312050703e-09
2.420861837920496376e-02 2.128653641734575584e-09
2.448894096842230139e-02 2.116371346522497363e-09
2.477250954023949708e-02 2.127297140080113645e-09
2.505936168136362399e-02 2.122539999842509767e-09
2.534953541373521912e-02 2.117202476615743938e-09
2.564306919956823791e-02 2.125897032230406985e-09
2.594000194644804566e-02 2.120882363795832971e-09
2.624037301248863946e-02 2.113543547342052816e-09
2.654422221154941960e-02 2.117685798241140903e-09
2.685158981851263130e-02 2.122627099992880917e-09
2.716251657462164654e-02 2.120283207059285730e-09
2.747704369288123810e-02 2.113331456738111762e-09
2.779521286352018214e-02 2.111639560682516302e-09
2.811706625951744878e-02 2.113721322061919010e-09
2.844264654219206059e-02 2.117055396849147358e-09
2.877199686685785740e-02 2.118530929837417165e-09
2.910516088854357350e-02 2.123567365938919981e-09
2.944218276777944496e-02 2.115842606995049135e-09
2.978310717645051703e-02 2.115669770662743315e-09
3.012797930371790070e-02 2.113374965025215571e-09
3.047684486200846407e-02 2.112368777503596374e-09
3.082975009307410696e-02 2.112980763667412315e-09
3.118674177412095530e-02 2.112834510411062921e-09
3.154786722400967913e-02 2.113026530134752832e-09
3.191317430952744089e-02 2.111494531248765859e-09
3.228271145173277484e-02 2.106966742723718162e-09
3.265652763237360950e-02 2.101668354509120062e-09
3.303467240037977898e-02 2.101112759052432645e-09
3.341719587843073463e-02 2.104312142159277405e-09
3.380414876959908499e-02 2.108671032329857754e-09
3.419558236407146262e-02 2.104149858034541331e-09
3.459154854594680834e-02 2.097894534937488843e-09
3.499209980011368931e-02 2.102483563302401239e-09
3.539728921920690108e-02 2.103736053394258300e-09
3.580717051064509493e-02 2.096337984611481786e-09
3.622179800374948633e-02 2.102362095842486858e-09
3.664122665694521247e-02 2.098376754451936250e-09
3.706551206504588025e-02 2.096331185297840176e-09
3.749471046662278262e-02 2.099392939222537483e-09
3.792887875145917187e-02 2.094571706717218454e-09
3.836807446809096384e-02 2.097540610067390616e-09
3.881235583143458762e-02 2.094886531984726037e-09
3.926178173050358378e-02 2.092447304527436303e-09
3.971641173621406201e-02 2.096736949156288802e-09
4.017630610928087792e-02 2.090736638807397135e-09
4.064152580820495908e-02 2.092621954843477452e-09
4.111213249735355679e-02 2.094445339052397879e-09
4.158818855513353452e-02 2.090304225595655046e-09
4.206975708225977467e-02 2.087958057013888263e-09
4.255690191011882867e-02 2.089617558737920448e-09
4.304968760923003068e-02 2.092061509306105705e-09
4.354817949780401959e-02 2.091660106481999683e-09
4.405244365040068832e-02 2.088943289687709126e-09
4.456254690668728924e-02 2.087035043244362104e-09
4.507855688029784730e-02 2.085312966067263977e-09
4.560054196779547708e-02 2.085347240295314800e-09
4.612857135773813788e-02 2.084571023864652718e-09
4.666271503984956853e-02 2.085129034228160829e-09
4.720304381429617224e-02 2.086017876580547705e-09
4.774962930107178732e-02 2.085071684126532921e-09
4.830254394949064223e-02 2.082243129784438927e-09
4.886186104779054878e-02 2.078137103329604136e-09
4.942765473284694427e-02 2.079678618996390503e-09
4.999999999999998890e-02 2.081757702143667660e-09
5.057897271299490599e-02 2.077091723813477697e-09
5.116464961403772299e-02 2.077114646601879912e-09
5.175710833396719723e-02 2.080316402939207427e-09
5.235642740254498051e-02 2.074385002640777381e-09
5.296268625886442483e-02 2.078712788800363502e-09
5.357596526188034003e-02 2.073118998879085137e-09
5.419634570106018207e-02 2.076771104392204142e-09
5.482390980715924622e-02 2.073226241046653638e-09
5.545874076312003881e-02 2.071699259437534764e-09
5.610092271509820039e-02 2.075768075894504806e-09
5.675054078361576465e-02 2.071887634092868119e-09
5.740768107484413296e-02 2.069138814662949901e-09
5.807243069201711849e-02 2.069652267554230997e-09
5.874487774697650933e-02 2.070243321318946499e-09
5.942511137185093467e-02 2.070337978521120391e-09
6.011322173087065013e-02 2.070141977629505690e-09
6.080930003231838771e-02 2.068882981430985684e-09
6.151343854061905314e-02 2.068899022562083109e-09
6.222573058856927658e-02 2.066626918539546307e-09
6.294627058970836408e-02 2.063935838054529398e-09
6.367515405083307156e-02 2.062594534375501847e-09
6.441247758465666606e-02 2.064151643501632981e-09
6.515833892261499449e-02 2.066196596102485335e-09
6.591283692782035075e-02 2.061012576083277895e-09
6.667607160816618750e-02 2.062147743930531303e-09
6.744814412958265171e-02 2.061446281864181505e-09
6.822915682944626081e-02 2.059624527629345533e-09
6.901921323014426068e-02 2.060092309420944433e-09
6.981841805279687119e-02 2.060022220599394976e-09
7.062687723113769689e-02 2.056930489664396448e-09
7.144469792555516174e-02 2.058481610963636509e-09
7.227198853729639716e-02 2.059036957982047461e-09
7.310885872283590103e-02 2.055552750659235287e-09
7.395541940841034168e-02 2.053611738446629464e-09
7.481178280472169928e-02 2.052400458046656046e-09
7.567806242181042420e-02 2.051750471877537344e-09
7.655437308410149855e-02 2.051600473520401746e-09
7.744083094562403957e-02 2.051658456119189193e-09
7.833755350540749784e-02 2.052267076988963522e-09
7.924465962305569933e-02 2.052933445660952263e-09
8.016226953450207582e-02 2.051143835285887510e-09
8.109050486794647239e-02 2.046701506692571963e-09
8.202948865997693184e-02 2.051017389953601756e-09
8.297934537187805215e-02 2.046793705553387949e-09
8.394020090612802631e-02 2.048991611030242607e-09
8.491218262308719567e-02 2.045529983915915600e-09
8.589541935787936566e-02 2.046456453875896713e-09
8.689004143746879849e-02 2.040901367420056298e-09
8.789618069793463107e-02 2.043840965148678171e-09
8.891397050194611851e-02 2.042254200880430519e-09
8.994354575643938310e-02 2.041658959529956766e-09
9.098504293049920755e-02 2.041578569810180180e-09
9.203860007344781546e-02 2.040599455790263042e-09
9.310435683314335908e-02 2.039901385461540130e-09
9.418245447449000163e-02 2.040858980065360015e-09
9.527303589816239759e-02 2.040943515595808093e-09
9.637624565954681921e-02 2.037684450327772500e-09
9.749222998790225969e-02 2.038506604320007387e-09
9.862113680574265129e-02 2.037644143255374929e-09
9.976311574844401453e-02 2.037985600757398988e-09
1.009183181840780652e-01 2.034287635997134717e-09
1.020868972334764563e-01 2.035819596489664253e-09
1.032690077905264459e-01 2.036148359795994078e-09
1.044648065427020295e-01 2.034443652611133932e-09
1.056744519918323688e-01 2.033472879592441513e-09
1.068981044751115966e-01 2.032941508551356234e-09
1.081359261863509835e-01 2.032965110766391310e-09
1.093880811974775741e-01 2.032424841082992370e-09
1.106547354802819155e-01 2.027248380197176516e-09
1.119360569284169882e-01 2.029726842030522607e-09
1.132322153796529590e-01 2.029065487285176556e-09
1.145433826383886050e-01 2.028015407428680340e-09
1.158697324984239718e-01 2.026739254575896294e-09
1.172114407659961138e-01 2.028079145789155231e-09
1.185686852830827448e-01 2.026413305752690490e-09
1.199416459509744792e-01 2.025031453043608203e-09
1.213305047541208270e-01 2.024243981121534466e-09
1.227354457842515373e-01 2.023886787184279778e-09
1.241566552647785093e-01 2.024389459844565266e-09
1.255943215754789510e-01 2.023118440976371754e-09
1.270486352774652938e-01 2.020806130757409687e-09
1.285197891384432245e-01 2.022342279100523482e-09
1.300079781582635929e-01 2.018863060538822741e-09
1.315133995947690426e-01 2.019715777790528981e-09
1.330362529899405399e-01 2.019456370023285273e-09
1.345767401963458010e-01 2.018122459051738193e-09
1.361350654038956109e-01 2.017189615300937180e-09
1.377114351669082859e-01 2.016651093359711679e-09
1.393060584314886052e-01 2.016687417598987583e-09
1.409191465632227414e-01 2.015472431832007918e-09
1.425509133751954316e-01 2.014475940599247236e-09
1.442015751563302528e-01 2.014852496709644161e-09
1.458713507000582721e-01 2.013065413750986127e-09
1.475604613333193482e-01 2.011694706160034244e-09
1.492691309458979987e-01 2.011937566406740358e-09
1.509975860201007436e-01 2.011183645309369355e-09
1.527460556607755926e-01 2.010537758796957944e-09
1.545147716256795867e-01 2.009091424751711995e-09
1.563039683561977533e-01 2.008136777039433922e-09
1.581138830084189428e-01 2.008879273654624205e-09
1.599447554845698227e-01 2.007036123441272573e-09
1.617968284648141908e-01 2.006642308644545620e-09
1.636703474394191060e-01 2.006906047904318513e-09
1.655655607412955255e-01 2.004856395336384381e-09
1.674827195789137801e-01 2.004826717713742128e-09
1.694220780696013562e-01 2.004534179577488461e-09
1.713838932732252018e-01 2.003218353908788970e-09
1.733684252262658043e-01 2.001089654614725304e-09
1.753759369762839249e-01 2.002171430500812661e-09
1.774066946167878189e-01 2.000486653776426243e-09
1.794609673225026625e-01 1.999569880363676404e-09
1.815390273850506775e-01 1.997981993997273522e-09
1.836411502490422898e-01 1.998333360050724515e-09
1.857676145485863684e-01 1.998711884890775390e-09
1.879187021442221273e-01 1.997499248967844391e-09
1.900946981602806007e-01 1.996221800153124484e-09
1.922958910226767459e-01 1.995420067892258417e-09
1.945225724971401948e-01 1.994714523436838980e-09
1.967750377278887908e-01 1.995354059217123215e-09
1.990535852767486291e-01 1.994220106101488715e-09
2.013585171627295112e-01 1.992415683498671470e-09
2.036901389020562836e-01 1.992327443183508456e-09
2.060487595486651669e-01 1.990568933274372196e-09
2.084346917351677098e-01 1.990757611930044975e-09
2.108482517142911128e-01 1.990669768033601145e-09
2.132897594007962250e-01 1.989983524405314706e-09
2.157595384138826788e-01 1.989490108057352059e-09
2.182579161200829954e-01 1.986269399074061697e-09
2.207852236766562615e-01 1.987932300005099247e-09
2.233417960754814635e-01 1.987020813023509044e-09
2.259279721874612734e-01 1.985907761115153792e-09
2.285440948074375644e-01 1.984085483368100832e-09
2.311905106996300918e-01 1.984367497769458957e-09
2.338675706435990320e-01 1.983619505750021607e-09
2.365756294807403182e-01 1.982490846976805520e-09
2.393150461613192115e-01 1.981715491472661519e-09
2.420861837920496862e-01 1.979206080778786974e-09
2.448894096842230417e-01 1.980810803730341117e-09
2.477250954023952345e-01 1.979960809360399078e-09
2.505936168136362330e-01 1.979474366913374115e-09
2.534953541373521912e-01 1.978874820594592911e-09
2.564306919956823583e-01 1.977729085775729060e-09
2.594000194644804358e-01 1.977065732619169680e-09
2.624037301248863807e-01 1.976650303341609379e-09
2.654422221154941752e-01 1.976349944260990810e-09
2.685158981851262783e-01 1.975167933072892840e-09
2.716251657462164792e-01 1.974513778682203598e-09
2.747704369288123671e-01 1.974314980123813877e-09
2.779521286352018006e-01 1.972749120204496879e-09
2.811706625951744809e-01 1.972387188383425774e-09
2.844264654219206823e-01 1.971173924505510125e-09
2.877199686685785740e-01 1.969881156162697995e-09
2.910516088854357419e-01 1.969598071552931291e-09
2.944218276777944010e-01 1.970176086196633954e-09
2.978310717645051287e-01 1.969075429659342311e-09
3.012797930371790001e-01 1.968043974224302473e-09
3.047684486200846199e-01 1.967846641619998392e-09
3.082975009307410419e-01 1.966097413636135741e-09
3.118674177412095183e-01 1.966299199654793828e-09
3.154786722400967358e-01 1.965661902059242352e-09
3.191317430952744227e-01 1.964908551786791542e-09
3.228271145173277623e-01 1.964329474367161974e-09
3.265652763237361089e-01 1.962715535430686149e-09
3.303467240037981645e-01 1.962247707967131117e-09
3.341719587843073880e-01 1.961905456969793751e-09
3.380414876959909054e-01 1.960423637693623398e-09
3.419558236407145846e-01 1.959952131626415979e-09
3.459154854594680417e-01 1.958983671607851551e-09
3.499209980011368515e-01 1.958583298062952996e-09
3.539728921920690108e-01 1.958510252202527788e-09
3.580717051064509771e-01 1.956632368438592891e-09
3.622179800374948910e-01 1.955569516737077746e-09
3.664122665694521941e-01 1.955150263709308377e-09
3.706551206504588025e-01 1.954937282729511306e-09
3.749471046662278817e-01 1.954580263046477251e-09
3.792887875145917742e-01 1.954054012819323693e-09
3.836807446809096245e-01 1.952662678316050217e-09
3.881235583143459178e-01 1.952664569531841049e-09
3.926178173050358100e-01 1.951379025032010273e-09
3.971641173621405785e-01 1.951787173577597452e-09
4.017630610928087931e-01 1.950754861884270129e-09
4.064152580820497018e-01 1.949579674563851344e-09
4.111213249735355402e-01 1.948596642566607020e-09
4.158818855513353729e-01 1.947567610217101027e-09
4.206975708225977328e-01 1.947296956510714558e-09
4.255690191011882728e-01 1.946672940456525246e-09
4.304968760923003068e-01 1.945680045601232030e-09
4.354817949780401820e-01 1.945444006819521699e-09
4.405244365040072441e-01 1.943567468280441061e-09
4.456254690668728369e-01 1.943530267495442659e-09
4.507855688029784313e-01 1.943273493456129434e-09
4.560054196779547708e-01 1.942267676621978590e-09
4.612857135773818507e-01 1.940869240996921863e-09
4.666271503984956714e-01 1.941862618385277518e-09
4.720304381429616947e-01 1.940763622329474011e-09
4.774962930107178871e-01 1.938995607804192517e-09
4.830254394949065055e-01 1.938862545003406461e-09
4.886186104779055572e-01 1.938167757345816973e-09
4.942765473284694844e-01 1.937035293181500904e-09
5.000000000000000000e-01 1.936313424372749936e-09
5.235642740254496941e-01 1.934089203410959535e-09
5.482390980715925455e-01 1.931233161756185270e-09
5.740768107484413019e-01 1.927836389072858830e-09
6.011322173087064735e-01 1.925217708493407592e-09
6.294627058970835298e-01 1.922900842985801962e-09
6.591283692782035075e-01 1.919308997451198612e-09
6.901921323014422738e-01 1.916850365805801639e-09
7.227198853729638328e-01 1.914574470581730270e-09
7.567806242181041032e-01 1.910908659160693124e-09
7.924465962305566880e-01 1.907889006464305032e-09
8.297934537187803272e-01 1.905059087449062584e-09
8.689004143746876796e-01 1.902378368478558612e-09
9.098504293049917147e-01 1.899751682956797030e-09
9.527303589816236151e-01 1.897460969814130614e-09
9.976311574844398677e-01 1.925217587986174115e-09
1.044648065427019601e+00 1.890986728507860074e-09
1.093880811974776268e+00 1.884760758249585826e-09
1.145433826383886355e+00 1.885864431767761923e-09
1.199416459509745181e+00 1.883116038284285285e-09
1.255943215754790065e+00 1.880045610086022671e-09
1.315133995947690870e+00 1.877300353382095261e-09
1.377114351669083137e+00 1.874162378208080627e-09
1.442015751563302972e+00 1.872305673333617345e-09
1.509975860201007825e+00 1.869183944935646638e-09
1.581138830084189539e+00 1.865497625155345230e-09
1.655655607412955588e+00 1.862768327419472741e-09
1.733684252262658321e+00 1.860514009821129529e-09
1.815390273850506775e+00 1.857813644680538941e-09
1.900946981602805730e+00 1.855275145747197842e-09
1.990535852767486125e+00 1.852428908076595268e-09
2.084346917351676876e+00 1.849436730337586560e-09
2.182579161200830065e+00 1.846520383731918584e-09
2.285440948074374923e+00 1.820217520683147853e-09
2.393150461613192004e+00 1.841020043402581280e-09
2.505936168136361886e+00 1.836292951051152568e-09
2.624037301248862697e+00 1.835065796547093825e-09
2.747704369288122450e+00 1.832552488924175484e-09
2.877199686685784741e+00 1.830702760345802428e-09
3.012797930371788890e+00 1.827862170682086601e-09
3.154786722400966248e+00 1.826034446759242971e-09
3.303467240037980091e+00 1.819039551225458790e-09
3.459154854594682416e+00 1.819076935521825839e-09
3.622179800374950354e+00 1.815622856535180197e-09
3.792887875145919185e+00 1.817111522430702586e-09
3.971641173621408338e+00 1.811095678189670634e-09
4.158818855513356283e+00 1.808942046538590341e-09
4.354817949780404263e+00 1.804353864434884092e-09
4.560054196779547375e+00 1.805245387938069604e-09
4.774962930107178316e+00 1.799310259586590830e-09
5.000000000000000000e+00 1.798213492633353648e-09
6.294627058970836408e+00 1.783158081798195113e-09
7.924465962305568212e+00 1.765684153515986125e-09
9.976311574844396901e+00 1.758115065313121117e-09
1.255943215754790110e+01 1.730695188946642056e-09
1.581138830084189451e+01 1.729967363395268289e-09
1.990535852767486347e+01 1.714416818091672675e-09
2.505936168136361886e+01 1.702040281481940859e-09
3.154786722400966426e+01 1.688404645014821208e-09
3.971641173621406296e+01 1.669439107599817726e-09
4.999999999999999289e+01 1.663112911767049897e-09
