3.622179800374951728e-05 8.555881710297932441e-14
3.706551206504588833e-05 7.458349978269090085e-13
3.792887875145917236e-05 3.054061632687884208e-12
3.881235583143463039e-05 7.157166026728103906e-12
3.971641173621410364e-05 1.319021464823220482e-11
4.064152580820496591e-05 2.129678808930263605e-11
4.158818855513353842e-05 3.160414482548844069e-11
4.255690191011878395e-05 4.420523474770584584e-11
4.354817949780398050e-05 5.920296939471109902e-11
4.456254690668729390e-05 7.670345379368127156e-11
4.560054196779547508e-05 9.674283732882256544e-11
4.666271503984952289e-05 1.193191604175925561e-10
4.774962930107183736e-05 1.444648802250802753e-10
4.886186104779054808e-05 1.721787620335731055e-10
4.999999999999998884e-05 2.023454251788334951e-10
5.057897271299490442e-05 2.182974781845965107e-10
5.116464961403767209e-05 2.349047800440227891e-10
5.175710833396714221e-05 2.519035040933242072e-10
5.235642740254491318e-05 2.695576710923151180e-10
5.296268625886447866e-05 2.876630952196040981e-10
5.357596526188033499e-05 3.062555448455815011e-10
5.419634570106018624e-05 3.252484488627639293e-10
5.482390980715924394e-05 3.446786355700391239e-10
5.545874076312003680e-05 3.645223081619525673e-10
5.610092271509813691e-05 3.846167001680281385e-10
5.675054078361570665e-05 4.050098674224965469e-10
5.740768107484407919e-05 4.256645881072999488e-10
5.807243069201718864e-05 4.464185308244211503e-10
5.874487774697651393e-05 4.672244064290033570e-10
5.942511137185093809e-05 4.883329899741137859e-10
6.011322173087064877e-05 5.091334228122647900e-10
6.080930003231838695e-05 5.299324175868109659e-10
6.151343854061905325e-05 5.507336268456431614e-10
6.222573058856921034e-05 5.709765505218204410e-10
6.294627058970830402e-05 5.913992008282018686e-10
6.367515405083314138e-05 6.109364242426860186e-10
6.441247758465673719e-05 6.305765167626683188e-10
6.515833892261499124e-05 6.492660688536839471e-10
6.591283692782035650e-05 6.676969491068319223e-10
6.667607160816619769e-05 6.852140377615839773e-10
6.744814412958265366e-05 7.021168471368549096e-10
6.822915682944618535e-05 7.181308175007806027e-10
6.901921323014417829e-05 7.332061823033280872e-10
6.981841805279679497e-05 7.474916985378460754e-10
7.062687723113775782e-05 7.603290447002123600e-10
7.144469792555517389e-05 7.722034673124181536e-10
7.227198853729638578e-05 7.832910502119917237e-10
7.310885872283590017e-05 7.925911489692271857e-10
7.395541940841035122e-05 8.010660663302874250e-10
7.481178280472161016e-05 8.076213056518822959e-10
7.567806242181034505e-05 8.133513833927461479e-10
7.655437308410142656e-05 8.171175563447535532e-10
7.744083094562412067e-05 8.198550417061886717e-10
7.833755350540748852e-05 8.207378040806984997e-10
7.924465962305569597e-05 8.204328848966022770e-10
8.016226953450208102e-05 8.185249389659414804e-10
8.109050486794647857e-05 8.148821778164546046e-10
8.202948865997692718e-05 8.102241308193453648e-10
8.297934537187796715e-05 8.039394772694235241e-10
8.394020090612792852e-05 7.964125771779211996e-10
8.491218262308729617e-05 7.873951329218248579e-10
8.589541935787945305e-05 7.772375447508496006e-10
8.689004143746881595e-05 7.659998396654825276e-10
8.789618069793464267e-05 7.537433742937429206e-10
8.891397050194613488e-05 7.410411759060519938e-10
8.994354575643936521e-05 7.271444009883829042e-10
9.098504293049910498e-05 7.126586823866459313e-10
9.203860007344770748e-05 6.979801944318334632e-10
9.310435683314326931e-05 6.830423554799727879e-10
9.418245447449009216e-05 6.681648935804661335e-10
9.527303589816239347e-05 6.535999116990097559e-10
9.637624565954680924e-05 6.391739689283666097e-10
9.749222998790225210e-05 6.255330970498818165e-10
9.862113680574265443e-05 6.129055285185632063e-10
9.976311574844392432e-05 6.012622400857166949e-10
1.009183181840780691e-04 5.911169876480197241e-10
1.020868972334764650e-04 5.826363109949221583e-10
1.032690077905264333e-04 5.761412035971321103e-10
1.044648065427019099e-04 5.715431165356116867e-10
1.056744519918323676e-04 5.695239425350212238e-10
1.068981044751116051e-04 5.700632110417211993e-10
1.081359261863509824e-04 5.732225961950207912e-10
1.093880811974775919e-04 5.794092381943521905e-10
1.106547354802819166e-04 5.887700502145657292e-10
1.119360569284169843e-04 6.012787320963780526e-10
1.132322153796529716e-04 6.172485656599187278e-10
1.145433826383886026e-04 6.366896542476011824e-10
1.158697324984239615e-04 6.593003883769716200e-10
1.172114407659961296e-04 6.853349142570757208e-10
1.185686852830827420e-04 7.148305584265884422e-10
1.199416459509744813e-04 7.475967270467692697e-10
1.213305047541206945e-04 7.832139322135334155e-10
1.227354457842515364e-04 8.218581829822851879e-10
1.241566552647784948e-04 8.627125644169400964e-10
1.255943215754789502e-04 9.060458201944436719e-10
1.270486352774653110e-04 9.513538154370036162e-10
1.285197891384432108e-04 9.977984851776310193e-10
1.300079781582635788e-04 1.045434180039072482e-09
1.315133995947690435e-04 1.093214227627093877e-09
1.330362529899403897e-04 1.141213307430874720e-09
1.345767401963458333e-04 1.188282063948487335e-09
1.361350654038956344e-04 1.234478227929537805e-09
1.377114351669082826e-04 1.278433139260828124e-09
1.393060584314884456e-04 1.319584433612174478e-09
1.409191465632227234e-04 1.358340591497844619e-09
1.425509133751954596e-04 1.392947798364440337e-09
1.442015751563302474e-04 1.423405193421508347e-09
1.458713507000582675e-04 1.449717966529520198e-09
1.475604613333193142e-04 1.470129394101469541e-09
1.492691309458980017e-04 1.485427468042207428e-09
1.509975860201007907e-04 1.494578358580474272e-09
1.527460556607756212e-04 1.498349321299153090e-09
1.545147716256795760e-04 1.495859606374760158e-09
1.563039683561977700e-04 1.487099731338369960e-09
1.581138830084189426e-04 1.473117899077224532e-09
1.599447554845698401e-04 1.453542774539955006e-09
1.617968284648140247e-04 1.429178720735855433e-09
1.636703474394191234e-04 1.400054138754239296e-09
1.655655607412955508e-04 1.367410338480701860e-09
1.674827195789137550e-04 1.332754556328034646e-09
1.694220780696013395e-04 1.295785843387040331e-09
1.713838932732251867e-04 1.258232863501554824e-09
1.733684252262658175e-04 1.221340513603813385e-09
1.753759369762839622e-04 1.185849811009140057e-09
1.774066946167876340e-04 1.153501562265760317e-09
1.794609673225026631e-04 1.124893030281849266e-09
1.815390273850506458e-04 1.101642795148599145e-09
1.836411502490422785e-04 1.084816483828695026e-09
1.857676145485863753e-04 1.075225823315640378e-09
1.879187021442221307e-04 1.073039896956288038e-09
1.900946981602805641e-04 1.079644458759489872e-09
1.922958910226767171e-04 1.094758744299547123e-09
1.945225724971401946e-04 1.119011065958999220e-09
1.967750377278885748e-04 1.151753750022007589e-09
1.990535852767486220e-04 1.192739343760570186e-09
2.013585171627294760e-04 1.240460599903158512e-09
2.036901389020562758e-04 1.294716625955197991e-09
2.060487595486651640e-04 1.353226169124636312e-09
2.084346917351676985e-04 1.415282859832275088e-09
2.108482517142910915e-04 1.478350870107386155e-09
2.132897594007962310e-04 1.540706694134226458e-09
2.157595384138825078e-04 1.600244406087841897e-09
2.182579161200830003e-04 1.655255458734522613e-09
2.207852236766562250e-04 1.703344125513747305e-09
2.233417960754814700e-04 1.742992203876485651e-09
2.259279721874612654e-04 1.772084204673619927e-09
2.285440948074375482e-04 1.790907506652789295e-09
2.311905106996301688e-04 1.796936938793004538e-09
2.338675706435990400e-04 1.791790424027870878e-09
2.365756294807401202e-04 1.774698218663041432e-09
2.393150461613192416e-04 1.746429026446368972e-09
2.420861837920496398e-04 1.709248114651727437e-09
2.448894096842230486e-04 1.664614750539242317e-09
2.477250954023952571e-04 1.615020597454626968e-09
2.505936168136362096e-04 1.563433318932386471e-09
2.534953541373521587e-04 1.512696448582597135e-09
2.564306919956823639e-04 1.466321364318757767e-09
2.594000194644803916e-04 1.426568227939827628e-09
2.624037301248860888e-04 1.397167046423562959e-09
2.654422221154941939e-04 1.379862229469232360e-09
2.685158981851263043e-04 1.376947443649562074e-09
2.716251657462165044e-04 1.388563928916814579e-09
2.747704369288123854e-04 1.415142141475124789e-09
2.779521286352018127e-04 1.455932176489055412e-09
2.811706625951744943e-04 1.509224075503064305e-09
2.844264654219205712e-04 1.571839269489715669e-09
2.877199686685782661e-04 1.640314796733276585e-09
2.910516088854357393e-04 1.710932054711237409e-09
2.944218276777944713e-04 1.779008574216233757e-09
2.978310717645051204e-04 1.840320291995731384e-09
3.012797930371790027e-04 1.890510379290913850e-09
3.047684486200846234e-04 1.926100165455963055e-09
3.082975009307410263e-04 1.945527984864188131e-09
3.118674177412094771e-04 1.945603223871150109e-09
3.154786722400964921e-04 1.928209180035165072e-09
3.191317430952743915e-04 1.894386212566173149e-09
3.228271145173277267e-04 1.846905306684055207e-09
3.265652763237360972e-04 1.790457449378817192e-09
3.303467240037981823e-04 1.730168497312865492e-09
3.341719587843073962e-04 1.672948703539299560e-09
3.380414876959908759e-04 1.623304199102285142e-09
3.419558236407146197e-04 1.587879452904796024e-09
3.459154854594680595e-04 1.570055647428464338e-09
3.499209980011365223e-04 1.573143652726357865e-09
3.539728921920690086e-04 1.597707267538925604e-09
3.580717051064509905e-04 1.642299190283826467e-09
3.622179800374948611e-04 1.703066944235858544e-09
3.664122665694521551e-04 1.774228000975236189e-09
3.706551206504588155e-04 1.848865363159960279e-09
3.749471046662278739e-04 1.919425154883155656e-09
3.792887875145917100e-04 1.978356963271918583e-09
3.836807446809091808e-04 2.018515790231395749e-09
3.881235583143459109e-04 2.035981621474571879e-09
3.926178173050358226e-04 2.028567565806183424e-09
3.971641173621406028e-04 1.997796757790084329e-09
4.017630610928087857e-04 1.947982225762667984e-09
4.064152580820496862e-04 1.885899488249068204e-09
4.111213249735355181e-04 1.820911852834167735e-09
4.158818855513353300e-04 1.762353423595184974e-09
4.206975708225972935e-04 1.719634155857543090e-09
4.255690191011883409e-04 1.700247314848321679e-09
4.304968760923003155e-04 1.708122147953474467e-09
4.354817949780401981e-04 1.742762786073747836e-09
4.405244365040072822e-04 1.801089205062994877e-09
4.456254690668728577e-04 1.874052046188676807e-09
4.507855688029784470e-04 1.950720067620961725e-09
4.560054196779547101e-04 2.019687779826418751e-09
4.612857135773814005e-04 2.069418736952096123e-09
4.666271503984952018e-04 2.092234907862271726e-09
4.720304381429617636e-04 2.083841718461396004e-09
4.774962930107178993e-04 2.046470566154221564e-09
4.830254394949064960e-04 1.987914229888793050e-09
4.886186104779055486e-04 1.919420258649628369e-09
4.942765473284694211e-04 1.855478414340891692e-09
4.999999999999999020e-04 1.809711943492330601e-09
5.057897271299491120e-04 1.794640339291243510e-09
5.116464961403766531e-04 1.810131733360779084e-09
5.175710833396719507e-04 1.859069201621055031e-09
5.235642740254497010e-04 1.932587448152891895e-09
5.296268625886442309e-04 2.008281543800212337e-09
5.357596526188034176e-04 2.077234408546691507e-09
5.419634570106019031e-04 2.121326978016884054e-09
5.482390980715924666e-04 2.131238578298714118e-09
5.545874076312004358e-04 2.103383842575970267e-09
5.610092271509814097e-04 2.046860458059895523e-09
5.675054078361570394e-04 1.976568832107003441e-09
5.740768107484413340e-04 1.911212147211087280e-09
5.807243069201711546e-04 1.872396517950665899e-09
5.874487774697650716e-04 1.864088708499724494e-09
5.942511137185093944e-04 1.900851602071153754e-09
6.011322173087063929e-04 1.966644284029191163e-09
6.080930003231838424e-04 2.046650196564254269e-09
6.151343854061905054e-04 2.116986385277761534e-09
6.222573058856920762e-04 2.145536091479151313e-09
6.294627058970836365e-04 2.152307980276137375e-09
6.367515405083307633e-04 2.112380013958652260e-09
6.441247758465673719e-04 2.044199191737602419e-09
6.515833892261498582e-04 1.969084817915535001e-09
6.591283692782036463e-04 1.923226092832650581e-09
6.667607160816619227e-04 1.919943940160142233e-09
6.744814412958264824e-04 1.963198519831057073e-09
6.822915682944617451e-04 2.031612688255413602e-09
6.901921323014424334e-04 2.113540792221980964e-09
6.981841805279687899e-04 2.171017689739329812e-09
7.062687723113776324e-04 2.179621646954182096e-09
7.144469792555517389e-04 2.141131414145142983e-09
7.227198853729639933e-04 2.073122105075248766e-09
7.310885872283591101e-04 2.002856133034282716e-09
7.395541940841035122e-04 1.962364241055174028e-09
7.481178280472163726e-04 1.972227058077134765e-09
7.567806242181033963e-04 2.024688008923266432e-09
7.655437308410150245e-04 2.106984452365179310e-09
7.744083094562404478e-04 2.170115377060433827e-09
7.833755350540748310e-04 2.194086572568246953e-09
7.924465962305569326e-04 2.156833824423072816e-09
8.016226953450207018e-04 2.096767082399464643e-09
8.109050486794647586e-04 2.029735723880334884e-09
8.202948865997691363e-04 1.998495038799524674e-09
8.297934537187797799e-04 2.015310465990545522e-09
8.394020090612802068e-04 2.082403202999221607e-09
8.491218262308720130e-04 2.166058834471521074e-09
8.589541935787945847e-04 2.203168948892008557e-09
8.689004143746880239e-04 2.173083520189091081e-09
8.789618069793463453e-04 2.124985290155992230e-09
8.891397050194612675e-04 2.050146323807897560e-09
8.994354575643935708e-04 2.010964045619941242e-09
9.098504293049911040e-04 2.037509661044824305e-09
9.203860007344780506e-04 2.115202156640061423e-09
9.310435683314336689e-04 2.169482909358733788e-09
9.418245447449009487e-04 2.214299646262761997e-09
9.527303589816240974e-04 2.161948184365313875e-09
9.637624565954682008e-04 2.102527645421059262e-09
9.749222998790226836e-04 2.049359831265735138e-09
9.862113680574266256e-04 2.056252104050411935e-09
9.976311574844392432e-04 2.118449144879356614e-09
1.009183181840779715e-03 2.202604446082865939e-09
1.020868972334764650e-03 2.222417490605686511e-09
1.032690077905264224e-03 2.174425810531418933e-09
1.044648065427020156e-03 2.105580061411582413e-09
1.056744519918323541e-03 2.057305392415147091e-09
1.068981044751116105e-03 2.091901255194097197e-09
1.081359261863509879e-03 2.172122317620143617e-09
1.093880811974775810e-03 2.225819280739525700e-09
1.106547354802818028e-03 2.210975913303475570e-09
1.119360569284169734e-03 2.132273686844880665e-09
1.132322153796529608e-03 2.078573581194566691e-09
1.145433826383887056e-03 2.094019186551242989e-09
1.158697324984239588e-03 2.169560727432916362e-09
1.172114407659961052e-03 2.235323611057932409e-09
1.185686852830827257e-03 2.216755480505983311e-09
1.199416459509744732e-03 2.141874531092126443e-09
1.213305047541207108e-03 2.092740562213907515e-09
1.227354457842515364e-03 2.112646899623857797e-09
1.241566552647784894e-03 2.203835304667200201e-09
1.255943215754790803e-03 2.240079164981599249e-09
1.270486352774652947e-03 2.183181611821756358e-09
1.285197891384432054e-03 2.124290603806434230e-09
1.300079781582635843e-03 2.114821293696142520e-09
1.315133995947690435e-03 2.180086172434093688e-09
1.330362529899403951e-03 2.245806973992660680e-09
1.345767401963456544e-03 2.208517305155429335e-09
1.361350654038956127e-03 2.133694486116562640e-09
1.377114351669082772e-03 2.117505328812918626e-09
1.393060584314885974e-03 2.179795024016855647e-09
1.409191465632227396e-03 2.230246263229012549e-09
1.425509133751954758e-03 2.202975452779536108e-09
1.442015751563302745e-03 2.138654429321057947e-09
1.458713507000582730e-03 2.137772786196308358e-09
1.475604613333191895e-03 2.206435162810964894e-09
1.492691309458979909e-03 2.251147730436269993e-09
1.509975860201007635e-03 2.188105363458033736e-09
1.527460556607757513e-03 2.128615648136706907e-09
1.545147716256796032e-03 2.170167825980149358e-09
1.563039683561977646e-03 2.240010568427718106e-09
1.581138830084189480e-03 2.218414877465340572e-09
1.599447554845698184e-03 2.153220321306581319e-09
1.617968284648140355e-03 2.160003808597118846e-09
1.636703474394191234e-03 2.237219810212030830e-09
1.655655607412955237e-03 2.232691580000902948e-09
1.674827195789139285e-03 2.162922112767804959e-09
1.694220780696013449e-03 2.141254905978992301e-09
1.713838932732251975e-03 2.232474109392399188e-09
1.733684252262658121e-03 2.237214534495818537e-09
1.753759369762839405e-03 2.174225112657319972e-09
1.774066946167876177e-03 2.159078068050769812e-09
1.794609673225024517e-03 2.228301865805399068e-09
1.815390273850506567e-03 2.223489656684747244e-09
1.836411502490422785e-03 2.159121555113614378e-09
1.857676145485863536e-03 2.180595189768169786e-09
1.879187021442221524e-03 2.253829865273928284e-09
1.900946981602806129e-03 2.206392391746808135e-09
1.922958910226767659e-03 2.157763906353451246e-09
1.945225724971402217e-03 2.180951163414305230e-09
1.967750377278885965e-03 2.237703811526039095e-09
1.990535852767486274e-03 2.165889204975616296e-09
2.013585171627295303e-03 2.188180343543973910e-09
2.036901389020564709e-03 2.250101880086898234e-09
2.060487595486651478e-03 2.203594711262202269e-09
2.084346917351677202e-03 2.166180274836800723e-09
2.108482517142910590e-03 2.234749396203294524e-09
2.132897594007962527e-03 2.221089240979632227e-09
2.157595384138824915e-03 2.151334726596701061e-09
2.182579161200830058e-03 2.223524856806610028e-09
2.207852236766562250e-03 2.232626494078890725e-09
2.233417960754816977e-03 2.167305132947790103e-09
2.259279721874612491e-03 2.220897898823774610e-09
2.285440948074375211e-03 2.236220046890830709e-09
2.311905106996301092e-03 2.178453274235628317e-09
2.338675706435990129e-03 2.216775547392643266e-09
2.365756294807400822e-03 2.233030664513941286e-09
2.393150461613189652e-03 2.175622929330236824e-09
2.420861837920496723e-03 2.228942306685635051e-09
2.448894096842229619e-03 2.224428687203912494e-09
2.477250954023952137e-03 2.179944229519367373e-09
2.505936168136361879e-03 2.245664635114513588e-09
2.534953541373521912e-03 2.204437237652136338e-09
2.564306919956823531e-03 2.197010873861977233e-09
2.594000194644804132e-03 2.247057258179806524e-09
2.624037301248860563e-03 2.181639356054910515e-09
2.654422221154941613e-03 2.220138914664946329e-09
2.685158981851263043e-03 2.219981065952216932e-09
2.716251657462167429e-03 2.187146892030500765e-09
2.747704369288123637e-03 2.243214987164834159e-09
2.779521286352018561e-03 2.182907491131223305e-09
2.811706625951745052e-03 2.225783211040241421e-09
2.844264654219206146e-03 2.216788823381088625e-09
2.877199686685782878e-03 2.194640991915084261e-09
2.910516088854357610e-03 2.236677159067182156e-09
2.944218276777944496e-03 2.182840898705513378e-09
2.978310717645054565e-03 2.240895041360027840e-09
3.012797930371789810e-03 2.189407308743295516e-09
3.047684486200846234e-03 2.215708656998976971e-09
3.082975009307410696e-03 2.212754472251615502e-09
3.118674177412095096e-03 2.211276878957852514e-09
3.154786722400964270e-03 2.233863424510630265e-09
3.191317430952741313e-03 2.195037445431042983e-09
3.228271145173277484e-03 2.233947312870722804e-09
3.265652763237360864e-03 2.190621233936731960e-09
3.303467240037981714e-03 2.238594112425786688e-09
3.341719587843073203e-03 2.188502326174492201e-09
3.380414876959908759e-03 2.238239574802625799e-09
3.419558236407145655e-03 2.188063679118423003e-09
3.459154854594680920e-03 2.239969875779221954e-09
3.499209980011365115e-03 2.186194768020021842e-09
3.539728921920689761e-03 2.234771252989553273e-09
3.580717051064509146e-03 2.193427327941497601e-09
3.622179800374952623e-03 2.223915952703290617e-09
3.664122665694521767e-03 2.200350212820333987e-09
3.706551206504587938e-03 2.221504692287902823e-09
3.749471046662278956e-03 2.216576077666989321e-09
3.792887875145917534e-03 2.199972181518997663e-09
3.836807446809092567e-03 2.227334279380442589e-09
3.881235583143459976e-03 2.190590966370584962e-09
3.926178173050358551e-03 2.230912161784274291e-09
3.971641173621410364e-03 2.193431595884205322e-09
4.017630610928087966e-03 2.224535504895196203e-09
4.064152580820497296e-03 2.212603319520823261e-09
4.111213249735355506e-03 2.197192943794140784e-09
4.158818855513353625e-03 2.229711347821356981e-09
4.206975708225972610e-03 2.187723524413806730e-09
4.255690191011878530e-03 2.218126915628771913e-09
4.304968760923003589e-03 2.218322765664771619e-09
4.354817949780402306e-03 2.190858877596314052e-09
4.405244365040072822e-03 2.227189773952539918e-09
4.456254690668728577e-03 2.213481714029585186e-09
4.507855688029784036e-03 2.190333353922414836e-09
4.560054196779547535e-03 2.229013195248274749e-09
4.612857135773812921e-03 2.204067681379637405e-09
4.666271503984951476e-03 2.199451848824627283e-09
4.720304381429616877e-03 2.226007369169389398e-09
4.774962930107178559e-03 2.214336678466904821e-09
4.830254394949069080e-03 2.178875454749024661e-09
4.886186104779055052e-03 2.214290415004137661e-09
4.942765473284694427e-03 2.229055047218974348e-09
4.999999999999999237e-03 2.184863302963688106e-09
5.057897271299490252e-03 2.193083666044804521e-09
5.116464961403772820e-03 2.213701212541619273e-09
5.175710833396719723e-03 2.222250635824208438e-09
5.235642740254497010e-03 2.194980250716521507e-09
5.296268625886442309e-03 2.189815112839406356e-09
5.357596526188035044e-03 2.209222059445499086e-09
5.419634570106018380e-03 2.221616706175386149e-09
5.482390980715924449e-03 2.200702149576489651e-09
5.545874076312003707e-03 2.194130663162247577e-09
5.610092271509814314e-03 2.191537401198554165e-09
5.675054078361577332e-03 2.205949156379439350e-09
5.740768107484413990e-03 2.213723323024838599e-09
5.807243069201712196e-03 2.215471342744331923e-09
5.874487774697645728e-03 2.204327852445900398e-09
5.942511137185095028e-03 2.188051781453423520e-09
6.011322173087065013e-03 2.177619438807079578e-09
6.080930003231839291e-03 2.190380638011038423e-09
6.151343854061904620e-03 2.200697907929927222e-09
6.222573058856925750e-03 2.204485624720191636e-09
6.294627058970836582e-03 2.208727898872758209e-09
6.367515405083306983e-03 2.211849388381707510e-09
6.441247758465666780e-03 2.216373603652593196e-09
6.515833892261499449e-03 2.210223442138819264e-09
6.591283692782035596e-03 2.208519567457679503e-09
6.667607160816618576e-03 2.207759507287675520e-09
6.744814412958264824e-03 2.206460136480803151e-09
6.822915682944625040e-03 2.200113823002997967e-09
6.901921323014425201e-03 2.204495109070330386e-09
6.981841805279688333e-03 2.206440943025812756e-09
7.062687723113769168e-03 2.206582883300002780e-09
7.144469792555517389e-03 2.204570307149185199e-09
7.227198853729638849e-03 2.204813516903443095e-09
7.310885872283590450e-03 2.206249759391579783e-09
7.395541940841034688e-03 2.199864390711009511e-09
7.481178280472170448e-03 2.193500377610732601e-09
7.567806242181043287e-03 2.185663201887038306e-09
7.655437308410150896e-03 2.180739038712447388e-09
7.744083094562406212e-03 2.179952635138951409e-09
7.833755350540741805e-03 2.188177454613766750e-09
7.924465962305568892e-03 2.196850049179344946e-09
8.016226953450207235e-03 2.201381591232882461e-09
8.109050486794647586e-03 2.195277449571737894e-09
8.202948865997691796e-03 2.179304253381764382e-09
8.297934537187804521e-03 2.182288014289620047e-09
8.394020090612802285e-03 2.194045582731257785e-09
8.491218262308719913e-03 2.194476191167283615e-09
8.589541935787937607e-03 2.182235631085647957e-09
8.689004143746880890e-03 2.176464485750688504e-09
8.789618069793463453e-03 2.193151628763134659e-09
8.891397050194612892e-03 2.189182453221095111e-09
8.994354575643934840e-03 2.173812374914492577e-09
9.098504293049919714e-03 2.184857548336296479e-09
9.203860007344778771e-03 2.189961120020935713e-09
9.310435683314336255e-03 2.171623994639419258e-09
9.418245447448998428e-03 2.190360937938401549e-09
9.527303589816240106e-03 2.179009465933568758e-09
9.637624565954681574e-03 2.175238790257534633e-09
9.749222998790225969e-03 2.188616509476905250e-09
9.862113680574267557e-03 2.169187541734236922e-09
9.976311574844404576e-03 2.187808067004343493e-09
1.009183181840780756e-02 2.168949316897806673e-09
1.020868972334764563e-02 2.185845450410776292e-09
1.032690077905264354e-02 2.165170595442854864e-09
1.044648065427019115e-02 2.179322031860091821e-09
1.056744519918323584e-02 2.164884719818366450e-09
1.068981044751115932e-02 2.182300286125329726e-09
1.081359261863509835e-02 2.169282163343068938e-09
1.093880811974775637e-02 2.173182678406754686e-09
1.106547354802819329e-02 2.176734595778880385e-09
1.119360569284169951e-02 2.164689087868926499e-09
1.132322153796529694e-02 2.176092861510269672e-09
1.145433826383886189e-02 2.173469248427777097e-09
1.158697324984239718e-02 2.162508040707751621e-09
1.172114407659961138e-02 2.171592065419527748e-09
1.185686852830827517e-02 2.175018586904765346e-09
1.199416459509744862e-02 2.163761995124617113e-09
1.213305047541208236e-02 2.160515284339160328e-09
1.227354457842515234e-02 2.169582995696180920e-09
1.241566552647785024e-02 2.173529693285737690e-09
1.255943215754789545e-02 2.170381615383961072e-09
1.270486352774653077e-02 2.163022532948040831e-09
1.285197891384432141e-02 2.157917723783283108e-09
1.300079781582635929e-02 2.156952131071537063e-09
1.315133995947690565e-02 2.156653244511050513e-09
1.330362529899405295e-02 2.159580012888522914e-09
1.345767401963457975e-02 2.160988458954316491e-09
1.361350654038956214e-02 2.167346840678558955e-09
1.377114351669082859e-02 2.159735026888284485e-09
1.393060584314884456e-02 2.156250398464231656e-09
1.409191465632227483e-02 2.155248177054320644e-09
1.425509133751954628e-02 2.153343845700051220e-09
1.442015751563302701e-02 2.152202915026174818e-09
1.458713507000582686e-02 2.152801922776342930e-09
1.475604613333193239e-02 2.158557446414296590e-09
1.492691309458979952e-02 2.161374495792433876e-09
1.509975860201008026e-02 2.156775665521292628e-09
1.527460556607755995e-02 2.148205769144076458e-09
1.545147716256795901e-02 2.149643706156289200e-09
1.563039683561977602e-02 2.158283539586667947e-09
1.581138830084189567e-02 2.150949889084219687e-09
1.599447554845698227e-02 2.145529839268006208e-09
1.617968284648142047e-02 2.154949505450152160e-09
1.636703474394191060e-02 2.147123730617177028e-09
1.655655607412955324e-02 2.148145797276624234e-09
1.674827195789137593e-02 2.151041391380066724e-09
1.694220780696013146e-02 2.143950286391009410e-09
1.713838932732252018e-02 2.150258868276418759e-09
1.733684252262658251e-02 2.142358589413462521e-09
1.753759369762839665e-02 2.146371869526336693e-09
1.774066946167878259e-02 2.146577000851330688e-09
1.794609673225026208e-02 2.139790602100694541e-09
1.815390273850506567e-02 2.147614699516914983e-09
1.836411502490422828e-02 2.141359356926435670e-09
1.857676145485861671e-02 2.137348901297233365e-09
1.879187021442221481e-02 2.142704472599550228e-09
1.900946981602806216e-02 2.144042017587556151e-09
1.922958910226767182e-02 2.138138625236853446e-09
1.945225724971402087e-02 2.134724409805294760e-09
1.967750377278887700e-02 2.134241438055682676e-09
1.990535852767486014e-02 2.135000053777218302e-09
2.013585171627295042e-02 2.134631602179456091e-09
2.036901389020562628e-02 2.136320853551956340e-09
2.060487595486651738e-02 2.134412059124818458e-09
2.084346917351677028e-02 2.132278037580711319e-09
2.108482517142910850e-02 2.131489105409213376e-09
2.132897594007962527e-02 2.129100349487526173e-09
2.157595384138826650e-02 2.128470734633509626e-09
2.182579161200829884e-02 2.131458938367515461e-09
2.207852236766562337e-02 2.134562142594438486e-09
2.233417960754814982e-02 2.129719174459952502e-09
2.259279721874613012e-02 2.124796245118329496e-09
2.285440948074375644e-02 2.132680658749089258e-09
2.311905106996301265e-02 2.127458612447056496e-09
2.338675706435990390e-02 2.124764215302660290e-09
2.365756294807403598e-02 2.129257702314017330e-09
2.393150461613192254e-02 2.122443870885817830e-09
2.420861837920496376e-02 2.126836531076728719e-09
2.448894096842230139e-02 2.122682062227995294e-09
2.477250954023950055e-02 2.122434690791348065e-09
2.505936168136362052e-02 2.124578607304118636e-09
2.534953541373521912e-02 2.118899488093974239e-09
2.564306919956823791e-02 2.118387353459344332e-09
2.594000194644804219e-02 2.121802481417654950e-09
2.624037301248863946e-02 2.122018735321244203e-09
2.654422221154941960e-02 2.119956891158948476e-09
2.685158981851263130e-02 2.117418084484061358e-09
2.716251657462164654e-02 2.115974841711086931e-09
2.747704369288123810e-02 2.115419370324815222e-09
2.779521286352018214e-02 2.114676423249206968e-09
2.811706625951744878e-02 2.115576076339360341e-09
2.844264654219206059e-02 2.116024414356997582e-09
2.877199686685785740e-02 2.113148867666426318e-09
2.910516088854357350e-02 2.110313835734429830e-09
2.944218276777944496e-02 2.110570800672980424e-09
2.978310717645051009e-02 2.113091872270781229e-09
3.012797930371790417e-02 2.107446788636653908e-09
3.047684486200846407e-02 2.110046755432469347e-09
3.082975009307410696e-02 2.105183315794962285e-09
3.118674177412095530e-02 2.108719738000063615e-09
3.154786722400967913e-02 2.104732545782183739e-09
3.191317430952744089e-02 2.107210188156864190e-09
3.228271145173277484e-02 2.107260565519432982e-09
3.265652763237360950e-02 2.102393891784468024e-09
3.303467240037977898e-02 2.103345724760924602e-09
3.341719587843073463e-02 2.102144595980892110e-09
3.380414876959908499e-02 2.102394583837766436e-09
3.419558236407146262e-02 2.101956002883851070e-09
3.459154854594680834e-02 2.100808058329874314e-09
3.499209980011368931e-02 2.098146218961009403e-09
3.539728921920690108e-02 2.096270220536356718e-09
3.580717051064509493e-02 2.102994683193171271e-09
3.622179800374948633e-02 2.098350588806650766e-09
3.664122665694521247e-02 2.095546770377240837e-09
3.706551206504588025e-02 2.094903891195612682e-09
3.749471046662278262e-02 2.095374441561138282e-09
3.792887875145917187e-02 2.093843494964285481e-09
3.836807446809096384e-02 2.091791908426192414e-09
3.881235583143458762e-02 2.094507629343969288e-09
3.926178173050357684e-02 2.090498000236197652e-09
3.971641173621406201e-02 2.088311016738033306e-09
4.017630610928087792e-02 2.088458608323899904e-09
4.064152580820496602e-02 2.090079016098830593e-09
4.111213249735355679e-02 2.088146012261865291e-09
4.158818855513353452e-02 2.087281982235228527e-09
4.206975708225977467e-02 2.085005649835844641e-09
4.255690191011882867e-02 2.084703486529068345e-09
4.304968760923003068e-02 2.085755785735935335e-09
4.354817949780401959e-02 2.084141227082015028e-09
4.405244365040068139e-02 2.082467010561790326e-09
4.456254690668728924e-02 2.084128353686527072e-09
4.507855688029784730e-02 2.081238828034819146e-09
4.560054196779547708e-02 2.080502227493976728e-09
4.612857135773813788e-02 2.081839875738525753e-09
4.666271503984956853e-02 2.079195452589601625e-09
4.720304381429617224e-02 2.078231143185296639e-09
4.774962930107178039e-02 2.076584459732758100e-09
4.830254394949064223e-02 2.076806483364763132e-09
4.886186104779054878e-02 2.077904325302713118e-09
4.942765473284695121e-02 2.076728974280844013e-09
4.999999999999998890e-02 2.073439952839981336e-09
5.057897271299490599e-02 2.073852187116301833e-09
5.116464961403772299e-02 2.073124179641585930e-09
5.175710833396719029e-02 2.071738651184176986e-09
5.235642740254497357e-02 2.070165876638081510e-09
5.296268625886442483e-02 2.072019834612857383e-09
5.357596526188033309e-02 2.070776260592135634e-09
5.419634570106018207e-02 2.068217561696896927e-09
5.482390980715924622e-02 2.062692995071516631e-09
5.545874076312003881e-02 2.069229518559019765e-09
5.610092271509820039e-02 2.068156257815227310e-09
5.675054078361576465e-02 2.065440063902690772e-09
5.740768107484413296e-02 2.063461926674700790e-09
5.807243069201711849e-02 2.064482889303784144e-09
5.874487774697650933e-02 2.061210751355108363e-09
5.942511137185093467e-02 2.061857942059220306e-09
6.011322173087065013e-02 2.063006358280974562e-09
6.080930003231838771e-02 2.061417799387817921e-09
6.151343854061905314e-02 2.062736957137166318e-09
6.222573058856927658e-02 2.060499364877488795e-09
6.294627058970836408e-02 2.059501233919177266e-09
6.367515405083307156e-02 2.055880410170792225e-09
6.441247758465666606e-02 2.057000379543208395e-09
6.515833892261499449e-02 2.055467078004860169e-09
6.591283692782035075e-02 2.055644421611679108e-09
6.667607160816618750e-02 2.053198692837933079e-09
6.744814412958265171e-02 2.052971821885365510e-09
6.822915682944626081e-02 2.052058643782657842e-09
6.901921323014426068e-02 2.050254518710729725e-09
6.981841805279687119e-02 2.049816386180615641e-09
7.062687723113769689e-02 2.049274902638006987e-09
7.144469792555516174e-02 2.049075395964405307e-09
7.227198853729638328e-02 2.048835074622022932e-09
7.310885872283590103e-02 2.047086542076181258e-09
7.395541940841034168e-02 2.046675977418182871e-09
7.481178280472169928e-02 2.046561901047413107e-09
7.567806242181042420e-02 2.045529857970315358e-09
7.655437308410148467e-02 2.044795290291969650e-09
7.744083094562403957e-02 2.042467308903261172e-09
7.833755350540748397e-02 2.043639691637831521e-09
7.924465962305569933e-02 2.040486855482072178e-09
8.016226953450207582e-02 2.040406370354669145e-09
8.109050486794647239e-02 2.040800068864773115e-09
8.202948865997691796e-02 2.036827314073679742e-09
8.297934537187803827e-02 2.038382665864272557e-09
8.394020090612801244e-02 2.038822591480797180e-09
8.491218262308719567e-02 2.035835206412800410e-09
8.589541935787936566e-02 2.036772188060756763e-09
8.689004143746879849e-02 2.036243831935525594e-09
8.789618069793463107e-02 2.033482417907045196e-09
8.891397050194613239e-02 2.032644203915757027e-09
8.994354575643936922e-02 2.031450011377768048e-09
9.098504293049919367e-02 2.033574309533949080e-09
9.203860007344781546e-02 2.031668800177362315e-09
9.310435683314337296e-02 2.029701545068660424e-09
9.418245447449000163e-02 2.028786593033249686e-09
9.527303589816239759e-02 2.028898520447148525e-09
9.637624565954681921e-02 2.026863829086217372e-09
9.749222998790225969e-02 2.026013337148916988e-09
9.862113680574266517e-02 2.026592447544076446e-09
9.976311574844401453e-02 2.024925387862785219e-09
1.009183181840780652e-01 2.024149270090798933e-09
1.020868972334764563e-01 2.020237842249801336e-09
1.032690077905264459e-01 2.022876731308124576e-09
1.044648065427020295e-01 2.020034132743272222e-09
1.056744519918323688e-01 2.013385715321205659e-09
1.068981044751116105e-01 2.019431128456226818e-09
1.081359261863509835e-01 2.019254405725991721e-09
1.093880811974775741e-01 2.018778072982331267e-09
1.106547354802819155e-01 2.016430053559707091e-09
1.119360569284169882e-01 2.016148163188784140e-09
1.132322153796529590e-01 2.017948895434947887e-09
1.145433826383885911e-01 2.015709668203607975e-09
1.158697324984239718e-01 2.017296466115956316e-09
1.172114407659961138e-01 2.013804813690066710e-09
1.185686852830827448e-01 2.013236125022701531e-09
1.199416459509744792e-01 2.010418919580752935e-09
1.213305047541208270e-01 2.011527070655640681e-09
1.227354457842515373e-01 2.009205865069981566e-09
1.241566552647785093e-01 2.009952923749704276e-09
1.255943215754789510e-01 2.007784290297356284e-09
1.270486352774652938e-01 2.007411135968526329e-09
1.285197891384432245e-01 2.003899894969879588e-09
1.300079781582635929e-01 2.005329658012680253e-09
1.315133995947690426e-01 2.004834338396174435e-09
1.330362529899405399e-01 2.004788630776564561e-09
1.345767401963458010e-01 2.023599868238398077e-09
1.361350654038956109e-01 2.002243379343457718e-09
1.377114351669082859e-01 2.001125657312483363e-09
1.393060584314886052e-01 2.001589473912831713e-09
1.409191465632227414e-01 1.999583086491794000e-09
1.425509133751954594e-01 1.999954605454336443e-09
1.442015751563302528e-01 2.000260607723727483e-09
1.458713507000582721e-01 1.996939286077094574e-09
1.475604613333193205e-01 1.997208088753030132e-09
1.492691309458979987e-01 1.996696260271361799e-09
1.509975860201007714e-01 1.994111803395025107e-09
1.527460556607755926e-01 1.994290374424915358e-09
1.545147716256795867e-01 1.992621010775408042e-09
1.563039683561977256e-01 1.993355923323467620e-09
1.581138830084189428e-01 1.991896680467246425e-09
1.599447554845698227e-01 1.994072034593442785e-09
1.617968284648141908e-01 1.990523994705440136e-09
1.636703474394191060e-01 1.988909807468120595e-09
1.655655607412955255e-01 1.988646305330042308e-09
1.674827195789137801e-01 1.987373163168563673e-09
1.694220780696013284e-01 1.986823828756913670e-09
1.713838932732252018e-01 1.987125106521611096e-09
1.733684252262658043e-01 1.978490200744857035e-09
1.753759369762839249e-01 1.976690013439487265e-09
1.774066946167878467e-01 1.984260890519926820e-09
1.794609673225026625e-01 1.982978144999215026e-09
1.815390273850506775e-01 1.982092921919527937e-09
1.836411502490422620e-01 1.981759115167546133e-09
1.857676145485863684e-01 1.980021558008129516e-09
1.879187021442221273e-01 1.979247633327063685e-09
1.900946981602806007e-01 1.977244565875374281e-09
1.922958910226767459e-01 1.979315451507866239e-09
1.945225724971401948e-01 1.976320435483964382e-09
1.967750377278887908e-01 1.976232583983774440e-09
1.990535852767486291e-01 1.976243855522450687e-09
2.013585171627294834e-01 1.973963449115397687e-09
2.036901389020562836e-01 1.975937318165503401e-09
2.060487595486651669e-01 1.973092111568322807e-09
2.084346917351676820e-01 1.963186179632089567e-09
2.108482517142910850e-01 1.972786304198386454e-09
2.132897594007962250e-01 1.970929882841698158e-09
2.157595384138826788e-01 1.971600213344595619e-09
2.182579161200829954e-01 1.967891057649899314e-09
2.207852236766562337e-01 1.967954983373297409e-09
2.233417960754814358e-01 1.966461820938183382e-09
2.259279721874612734e-01 1.963826439176175355e-09
2.285440948074375644e-01 1.964833960382090842e-09
2.311905106996301196e-01 1.982903028981436162e-09
2.338675706435990320e-01 1.963884848078738962e-09
2.365756294807403459e-01 1.964595528488053800e-09
2.393150461613192115e-01 1.962201260737235821e-09
2.420861837920496862e-01 1.990611951688163771e-09
2.448894096842230417e-01 1.959908651511805426e-09
2.477250954023952345e-01 1.958725342645081484e-09
2.505936168136362330e-01 1.961094431315043862e-09
2.534953541373521912e-01 1.957379598868192336e-09
2.564306919956823583e-01 1.956042427321056957e-09
2.594000194644804358e-01 1.954950774671942645e-09
2.624037301248863807e-01 1.954332985969620465e-09
2.654422221154941752e-01 1.954369591549627522e-09
2.685158981851262783e-01 1.953729336575534293e-09
2.716251657462164792e-01 1.952382495330323289e-09
2.747704369288123671e-01 1.952008685794002810e-09
2.779521286352018006e-01 1.924994021966314720e-09
2.811706625951744809e-01 1.948552346923563289e-09
2.844264654219206268e-01 1.950210106136762451e-09
2.877199686685785740e-01 1.947248565355471345e-09
2.910516088854357419e-01 1.948009952044813389e-09
2.944218276777944565e-01 1.945472514021221210e-09
2.978310717645051287e-01 1.935501912355065730e-09
3.012797930371790001e-01 1.947391527854392572e-09
3.047684486200846754e-01 1.944389810702486780e-09
3.082975009307410419e-01 1.943059868160534519e-09
3.118674177412095738e-01 1.942212777272133737e-09
3.154786722400967358e-01 1.942005982854816062e-09
3.191317430952744783e-01 1.942068282509918563e-09
3.228271145173277623e-01 1.940126717991409295e-09
3.265652763237361089e-01 1.923703117128458351e-09
3.303467240037981645e-01 1.938596353660313481e-09
3.341719587843073325e-01 1.937787056960946204e-09
3.380414876959909054e-01 1.937153110783722274e-09
3.419558236407145846e-01 1.936543684616856341e-09
3.459154854594680417e-01 1.934881878645377536e-09
3.499209980011368515e-01 1.934693300368915401e-09
3.539728921920690108e-01 1.931728807696652492e-09
3.580717051064509771e-01 1.932815212016081841e-09
3.622179800374948910e-01 1.930930752456653525e-09
3.664122665694521941e-01 1.931347013995965685e-09
3.706551206504588025e-01 1.934365667064270406e-09
3.749471046662278817e-01 1.929116613992632122e-09
3.792887875145917742e-01 1.942538356314879278e-09
3.836807446809096245e-01 1.916046070073668172e-09
3.881235583143459733e-01 1.925631639281584915e-09
3.926178173050358100e-01 1.926167896584381755e-09
3.971641173621405785e-01 1.924545671909984315e-09
4.017630610928087931e-01 1.925074987874808346e-09
4.064152580820497573e-01 1.924251346023519730e-09
4.111213249735355402e-01 1.923691123013283342e-09
4.158818855513353729e-01 1.920434289548382172e-09
4.206975708225977328e-01 1.921896872496190034e-09
4.255690191011883838e-01 1.921398457106564577e-09
4.304968760923002513e-01 1.918566731949262317e-09
4.354817949780401820e-01 1.919644641388313668e-09
4.405244365040072441e-01 1.916515819048637147e-09
4.456254690668728369e-01 1.916346432308735871e-09
4.507855688029784313e-01 1.917749512280230488e-09
4.560054196779547708e-01 1.913229696178662068e-09
4.612857135773818507e-01 1.914809577361038783e-09
4.666271503984956714e-01 1.914578394198977118e-09
4.720304381429616947e-01 1.911559146134662858e-09
4.774962930107178871e-01 1.914490539641833276e-09
4.830254394949065055e-01 1.909951579254912114e-09
4.886186104779055572e-01 1.912256461121078836e-09
4.942765473284694844e-01 1.909618815243076187e-09
5.000000000000000000e-01 1.907266167355211866e-09
5.235642740254496941e-01 1.916792961680648103e-09
5.482390980715925455e-01 1.902292367332171778e-09
5.740768107484413019e-01 1.897719303771963158e-09
6.011322173087063625e-01 1.919051308442159740e-09
6.294627058970835298e-01 1.894537415142148628e-09
6.591283692782035075e-01 1.889754195996823969e-09
6.901921323014423848e-01 1.886013671653020154e-09
7.227198853729638328e-01 1.881799217633516188e-09
7.567806242181041032e-01 1.885226027384257216e-09
7.924465962305566880e-01 1.877089451037398234e-09
8.297934537187803272e-01 1.869835132821333825e-09
8.689004143746876796e-01 1.863013827922703046e-09
9.098504293049918257e-01 1.866234224769658508e-09
9.527303589816236151e-01 1.863694907774291019e-09
9.976311574844398677e-01 1.860669839165031541e-09
1.044648065427019601e+00 1.855410973137375590e-09
1.093880811974776268e+00 1.853408762777297754e-09
1.145433826383886355e+00 1.848406868391592944e-09
1.199416459509745181e+00 1.847537784830145460e-09
1.255943215754790288e+00 1.836199434355861629e-09
1.315133995947690870e+00 1.838891667398874564e-09
1.377114351669082914e+00 1.836132704213076304e-09
1.442015751563303194e+00 1.834651803046178449e-09
1.509975860201008047e+00 1.830222577251369637e-09
1.581138830084189539e+00 1.829708010994673632e-09
1.655655607412955588e+00 1.823630716385685330e-09
1.733684252262658321e+00 1.820495409518418441e-09
1.815390273850506775e+00 1.816995054956400786e-09
1.900946981602805730e+00 1.813373838425313286e-09
1.990535852767486125e+00 1.812813659017163887e-09
2.084346917351676876e+00 1.803478303644946282e-09
2.182579161200830065e+00 1.803606707426254164e-09
2.285440948074374923e+00 1.856380825157408550e-09
2.393150461613191560e+00 1.797075982105234053e-09
2.505936168136361886e+00 1.794355323500010068e-09
2.624037301248862697e+00 1.791226697332350806e-09
2.747704369288122450e+00 1.787712675432414504e-09
2.877199686685784741e+00 1.785415365196400754e-09
3.012797930371788890e+00 1.782496056649390180e-09
3.154786722400965804e+00 1.779997360034293958e-09
3.303467240037980091e+00 1.772762842526518566e-09
3.459154854594682416e+00 1.770093460446448342e-09
3.622179800374950354e+00 1.770053454898829078e-09
3.792887875145919185e+00 1.773169683043310601e-09
3.971641173621408338e+00 1.763122620000145889e-09
4.158818855513356283e+00 1.746318019880438790e-09
4.354817949780404263e+00 1.756005350772467769e-09
4.560054196779547375e+00 1.754113014126204600e-09
4.774962930107178316e+00 1.747230979695876704e-09
5.000000000000000000e+00 1.746526206316851596e-09
6.294627058970836408e+00 1.730522539876456522e-09
7.924465962305568212e+00 1.715002116374612862e-09
9.976311574844396901e+00 1.699366134255609769e-09
1.255943215754790110e+01 1.683017552760481502e-09
1.581138830084189451e+01 1.665858423142793191e-09
1.990535852767486347e+01 1.652265321791979429e-09
2.505936168136361886e+01 1.614300233870993187e-09
3.154786722400966426e+01 1.619390290044525042e-09
3.971641173621406296e+01 1.606076586768046124e-09
4.999999999999999289e+01 1.590591315438460474e-09
