4.666271503984952289e-05 1.943476830006011693e-13
4.774962930107183736e-05 1.011260832428572985e-12
4.886186104779054808e-05 2.700879466949437020e-12
4.999999999999998884e-05 5.293310191207295366e-12
5.057897271299490442e-05 6.936346220515153407e-12
5.116464961403767209e-05 8.819212959531186616e-12
5.175710833396713543e-05 1.094675415277653225e-11
5.235642740254491318e-05 1.332536901982809728e-11
5.296268625886447866e-05 1.595877589278484929e-11
5.357596526188034854e-05 1.885415230927800440e-11
5.419634570106019302e-05 2.202088906737867344e-11
5.482390980715923717e-05 2.546408754850158594e-11
5.545874076312003680e-05 2.919363937084851262e-11
5.610092271509813691e-05 3.320973907516660549e-11
5.675054078361570665e-05 3.753908992762356255e-11
5.740768107484408596e-05 4.217417846758915062e-11
5.807243069201717509e-05 4.712422361316063395e-11
5.874487774697651393e-05 5.240484710251560926e-11
5.942511137185093131e-05 5.802573147043370879e-11
6.011322173087064877e-05 6.398922766232164547e-11
6.080930003231838695e-05 7.031025656101020871e-11
6.151343854061905325e-05 7.699305499774552877e-11
6.222573058856921034e-05 8.405933617252580643e-11
6.294627058970830402e-05 9.152333788021424249e-11
6.367515405083314138e-05 9.936746552032952977e-11
6.441247758465673719e-05 1.076554917104379707e-10
6.515833892261499124e-05 1.163245358502745447e-10
6.591283692782035650e-05 1.254644251855312225e-10
6.667607160816619769e-05 1.350144549708725672e-10
6.744814412958265366e-05 1.450609389943245267e-10
6.822915682944618535e-05 1.555525793714060251e-10
6.901921323014417829e-05 1.665384704074152315e-10
6.981841805279679497e-05 1.780133652849701947e-10
7.062687723113775782e-05 1.899526067906300015e-10
7.144469792555517389e-05 2.024480749174475200e-10
7.227198853729638578e-05 2.154738840487539217e-10
7.310885872283590017e-05 2.290253532949273529e-10
7.395541940841035122e-05 2.431165895110436063e-10
7.481178280472162371e-05 2.576871246006047128e-10
7.567806242181034505e-05 2.728711078377349811e-10
7.655437308410142656e-05 2.886165012576453031e-10
7.744083094562412067e-05 3.050212405670656966e-10
7.833755350540748852e-05 3.220385662444006122e-10
7.924465962305569597e-05 3.396268185533386510e-10
8.016226953450208102e-05 3.578498105925586293e-10
8.109050486794647857e-05 3.765973912853140030e-10
8.202948865997692718e-05 3.959641180377783282e-10
8.297934537187796715e-05 4.160740177502938932e-10
8.394020090612792852e-05 4.367633954780547413e-10
8.491218262308728262e-05 4.580932784087505342e-10
8.589541935787945305e-05 4.800776478657434659e-10
8.689004143746881595e-05 5.026453353494675941e-10
8.789618069793464267e-05 5.259515437767741866e-10
8.891397050194613488e-05 5.497608492672135518e-10
8.994354575643936521e-05 5.743317384155926300e-10
9.098504293049911853e-05 5.995404526208697809e-10
9.203860007344770748e-05 6.252687364096375690e-10
9.310435683314326931e-05 6.515398281650763868e-10
9.418245447449010571e-05 6.786384196147706547e-10
9.527303589816239347e-05 7.062900185761295861e-10
9.637624565954680924e-05 7.345133630744215314e-10
9.749222998790226565e-05 7.631238820542473857e-10
9.862113680574265443e-05 7.923706806924197120e-10
9.976311574844392432e-05 8.222820267115734845e-10
1.009183181840780556e-04 8.524611949398777414e-10
1.020868972334764785e-04 8.832929052171894764e-10
1.032690077905264468e-04 9.145536252485535344e-10
1.044648065427018963e-04 9.460482501946849352e-10
1.056744519918323676e-04 9.780571292314243756e-10
1.068981044751115915e-04 1.010307483791900299e-09
1.081359261863509960e-04 1.043061093092034021e-09
1.093880811974775783e-04 1.075673037041607943e-09
1.106547354802819166e-04 1.109047154379640239e-09
1.119360569284169978e-04 1.142324779176862268e-09
1.132322153796529580e-04 1.175405136544756193e-09
1.145433826383885891e-04 1.208714861641071529e-09
1.158697324984239615e-04 1.242351603515285423e-09
1.172114407659961160e-04 1.275287039689234753e-09
1.185686852830827555e-04 1.308438838961291815e-09
1.199416459509744813e-04 1.341285350398795968e-09
1.213305047541206945e-04 1.373874239658246607e-09
1.227354457842515364e-04 1.405627135909408147e-09
1.241566552647784948e-04 1.437279796517818357e-09
1.255943215754789502e-04 1.468344322227457317e-09
1.270486352774653110e-04 1.498851616180912725e-09
1.285197891384432108e-04 1.528484936286273960e-09
1.300079781582635788e-04 1.557731211649637992e-09
1.315133995947690435e-04 1.585177489776800290e-09
1.330362529899403897e-04 1.612151346716296534e-09
1.345767401963458333e-04 1.637899683551285018e-09
1.361350654038956344e-04 1.662327244333867335e-09
1.377114351669082826e-04 1.685817752597125627e-09
1.393060584314884456e-04 1.707693782533794846e-09
1.409191465632227234e-04 1.728009807404839418e-09
1.425509133751954596e-04 1.746831812295067465e-09
1.442015751563302474e-04 1.764011144089386874e-09
1.458713507000582675e-04 1.778534789322708336e-09
1.475604613333193142e-04 1.791957156854950379e-09
1.492691309458979746e-04 1.803350311823320845e-09
1.509975860201007907e-04 1.812552959911491327e-09
1.527460556607755941e-04 1.819885590255337223e-09
1.545147716256795760e-04 1.824499934534699611e-09
1.563039683561977700e-04 1.827023148450905713e-09
1.581138830084189426e-04 1.827482093617784822e-09
1.599447554845698401e-04 1.825073057303700950e-09
1.617968284648140247e-04 1.820821870053011298e-09
1.636703474394191234e-04 1.813232761210037482e-09
1.655655607412955237e-04 1.803591782947329352e-09
1.674827195789137550e-04 1.792203523666500440e-09
1.694220780696013395e-04 1.777548215934940676e-09
1.713838932732251867e-04 1.760937460654376149e-09
1.733684252262658175e-04 1.741803527762372974e-09
1.753759369762839622e-04 1.720310414665836316e-09
1.774066946167876340e-04 1.697385345152442679e-09
1.794609673225026631e-04 1.671073394499692655e-09
1.815390273850506729e-04 1.643240036808053301e-09
1.836411502490422785e-04 1.613958483733278823e-09
1.857676145485863753e-04 1.582863477344638404e-09
1.879187021442221307e-04 1.549780140959957164e-09
1.900946981602805912e-04 1.515909409537588303e-09
1.922958910226767171e-04 1.480836900045776869e-09
1.945225724971401946e-04 1.444776069087648443e-09
1.967750377278885748e-04 1.407703575429141623e-09
1.990535852767486220e-04 1.371061775060172805e-09
2.013585171627295303e-04 1.334458468885856753e-09
2.036901389020563029e-04 1.297496519149961206e-09
2.060487595486651369e-04 1.261891287747569853e-09
2.084346917351676985e-04 1.226675053477989682e-09
2.108482517142910915e-04 1.192922411426010195e-09
2.132897594007962582e-04 1.160649942600972305e-09
2.157595384138824807e-04 1.130626000539842490e-09
2.182579161200830275e-04 1.102677113241234552e-09
2.207852236766562521e-04 1.077647795461261652e-09
2.233417960754814700e-04 1.055396828770114197e-09
2.259279721874612654e-04 1.036897918928909101e-09
2.285440948074375482e-04 1.021885640427433267e-09
2.311905106996301688e-04 1.010870694763306754e-09
2.338675706435990400e-04 1.004010825621134042e-09
2.365756294807400931e-04 1.001468341285486343e-09
2.393150461613192687e-04 1.003807525923737103e-09
2.420861837920496669e-04 1.010770935740250696e-09
2.448894096842230486e-04 1.022742042371176418e-09
2.477250954023952571e-04 1.039536053171098097e-09
2.505936168136362096e-04 1.061175505184653166e-09
2.534953541373521587e-04 1.087790237871556190e-09
2.564306919956823639e-04 1.119045142545472186e-09
2.594000194644803916e-04 1.154879059963148687e-09
2.624037301248860888e-04 1.194928790442152972e-09
2.654422221154941939e-04 1.238850829621811053e-09
2.685158981851263043e-04 1.286322827483904504e-09
2.716251657462165044e-04 1.336558441958560683e-09
2.747704369288123854e-04 1.389474350359555458e-09
2.779521286352018127e-04 1.444193904429749831e-09
2.811706625951744943e-04 1.500190208012751385e-09
2.844264654219205712e-04 1.556621888666265654e-09
2.877199686685782661e-04 1.612870373314147337e-09
2.910516088854357393e-04 1.668075705336642128e-09
2.944218276777944170e-04 1.721396241918940602e-09
2.978310717645051204e-04 1.771867952806359505e-09
3.012797930371790027e-04 1.819018031286438427e-09
3.047684486200846234e-04 1.861975947356527804e-09
3.082975009307410263e-04 1.899853502483402259e-09
3.118674177412095313e-04 1.932255285432474107e-09
3.154786722400964379e-04 1.958523412191823965e-09
3.191317430952743915e-04 1.978061067728558421e-09
3.228271145173277267e-04 1.990044966589468882e-09
3.265652763237360972e-04 1.995309861264659074e-09
3.303467240037981823e-04 1.992417463863583923e-09
3.341719587843073962e-04 1.982122902451780159e-09
3.380414876959908759e-04 1.964904571723895265e-09
3.419558236407145655e-04 1.941405803702400166e-09
3.459154854594681137e-04 1.909926816609756564e-09
3.499209980011365223e-04 1.873512615303394796e-09
3.539728921920690086e-04 1.832239447806333459e-09
3.580717051064509905e-04 1.787429366219620804e-09
3.622179800374948611e-04 1.739785563669997634e-09
3.664122665694521551e-04 1.691182296156748945e-09
3.706551206504588155e-04 1.642245788991288866e-09
3.749471046662278739e-04 1.595105180562206455e-09
3.792887875145916558e-04 1.550742269680874694e-09
3.836807446809091808e-04 1.510933104347007236e-09
3.881235583143458566e-04 1.476836399296849257e-09
3.926178173050358226e-04 1.449386376473171012e-09
3.971641173621406028e-04 1.430470039428854013e-09
4.017630610928087857e-04 1.420281007312199365e-09
4.064152580820496862e-04 1.419818777494469209e-09
4.111213249735355181e-04 1.429182337338413516e-09
4.158818855513353300e-04 1.448563163590337149e-09
4.206975708225972393e-04 1.478144326568624946e-09
4.255690191011882325e-04 1.516074786810377862e-09
4.304968760923002613e-04 1.562229929423839535e-09
4.354817949780401981e-04 1.614852752950356489e-09
4.405244365040072822e-04 1.673094139679145631e-09
4.456254690668728577e-04 1.734173344526172675e-09
4.507855688029784470e-04 1.796377215615112241e-09
4.560054196779547101e-04 1.857490558973959560e-09
4.612857135773813463e-04 1.915058491781583151e-09
4.666271503984952018e-04 1.966582831317668977e-09
4.720304381429617636e-04 2.010056431149961795e-09
4.774962930107178451e-04 2.044691848978128026e-09
4.830254394949065502e-04 2.067367607179781023e-09
4.886186104779055486e-04 2.078389584226088586e-09
4.942765473284694211e-04 2.077059499832081619e-09
4.999999999999999020e-04 2.063105830635617739e-09
5.057897271299491120e-04 2.036522946597057980e-09
5.116464961403766531e-04 2.000385432809919375e-09
5.175710833396719507e-04 1.955268376788336267e-09
5.235642740254497010e-04 1.904100910192455761e-09
5.296268625886442309e-04 1.849788763812297327e-09
5.357596526188034176e-04 1.795423512190289798e-09
5.419634570106019031e-04 1.744127185705637202e-09
5.482390980715924666e-04 1.699445152673388042e-09
5.545874076312004358e-04 1.664326812203460918e-09
5.610092271509814097e-04 1.640996899338510141e-09
5.675054078361570394e-04 1.631272639312223378e-09
5.740768107484413340e-04 1.637033587128894918e-09
5.807243069201711546e-04 1.657847165540840364e-09
5.874487774697650716e-04 1.692967203892604361e-09
5.942511137185093944e-04 1.740168858264634102e-09
6.011322173087063929e-04 1.796988080054721868e-09
6.080930003231838424e-04 1.859519901514222948e-09
6.151343854061905054e-04 1.924043753311048753e-09
6.222573058856920762e-04 1.985331522889439443e-09
6.294627058970836365e-04 2.039897472704721844e-09
6.367515405083307633e-04 2.083248232441307764e-09
6.441247758465673719e-04 2.112082130082219878e-09
6.515833892261498582e-04 2.123968667332358373e-09
6.591283692782036463e-04 2.118768563305296176e-09
6.667607160816619227e-04 2.095228755782400722e-09
6.744814412958264824e-04 2.057717000602813743e-09
6.822915682944617451e-04 2.008080257553473005e-09
6.901921323014424334e-04 1.951634418454880438e-09
6.981841805279687899e-04 1.893750882641440184e-09
7.062687723113776324e-04 1.840624981702946768e-09
7.144469792555517389e-04 1.797356825678064874e-09
7.227198853729638849e-04 1.768950523423877590e-09
7.310885872283591101e-04 1.759130044197141184e-09
7.395541940841035122e-04 1.769421534059588484e-09
7.481178280472162642e-04 1.799300383901320243e-09
7.567806242181032879e-04 1.845954432657412126e-09
7.655437308410149161e-04 1.905121848148692348e-09
7.744083094562403393e-04 1.970317186031292855e-09
7.833755350540748310e-04 2.034095755651868003e-09
7.924465962305569326e-04 2.089661197589273476e-09
8.016226953450208102e-04 2.129721560029063285e-09
8.109050486794646502e-04 2.149864723427860646e-09
8.202948865997692447e-04 2.147313913435881149e-09
8.297934537187796715e-04 2.122995631265276126e-09
8.394020090612802068e-04 2.079938654444171087e-09
8.491218262308720130e-04 2.024046400512128140e-09
8.589541935787945847e-04 1.964078348118427145e-09
8.689004143746880239e-04 1.908816229179406215e-09
8.789618069793464538e-04 1.866980879116720298e-09
8.891397050194612675e-04 1.845553783893492187e-09
8.994354575643935708e-04 1.848224600938585992e-09
9.098504293049911040e-04 1.876040547669974320e-09
9.203860007344780506e-04 1.924427682963072362e-09
9.310435683314336689e-04 1.986692959339640049e-09
9.418245447449010571e-04 2.052519880704396553e-09
9.527303589816240974e-04 2.111083759815637068e-09
9.637624565954682008e-04 2.152089039759362017e-09
9.749222998790226836e-04 2.168930684650901168e-09
9.862113680574266256e-04 2.157281860789631403e-09
9.976311574844392432e-04 2.120930375739865651e-09
1.009183181840779715e-03 2.066430414527747860e-09
1.020868972334764650e-03 2.005183398317202937e-09
1.032690077905264224e-03 1.950252080908718828e-09
1.044648065427020156e-03 1.912729636603269999e-09
1.056744519918323541e-03 1.901807316441768987e-09
1.068981044751116105e-03 1.922863520290048898e-09
1.081359261863509879e-03 1.967782544859247016e-09
1.093880811974775810e-03 2.030309091367751075e-09
1.106547354802818028e-03 2.096014892277687054e-09
1.119360569284169734e-03 2.151331972909567005e-09
1.132322153796529608e-03 2.178187376474908417e-09
1.145433826383887056e-03 2.171641060555833449e-09
1.158697324984239588e-03 2.141931920132559558e-09
1.172114407659961052e-03 2.083235942172152758e-09
1.185686852830827474e-03 2.018010227123421656e-09
1.199416459509744732e-03 1.970765454285241844e-09
1.213305047541206891e-03 1.946452023988887360e-09
1.227354457842515364e-03 1.957259879838252901e-09
1.241566552647784894e-03 1.998460964451004571e-09
1.255943215754790803e-03 2.063929217772168276e-09
1.270486352774652947e-03 2.125496439254934035e-09
1.285197891384432054e-03 2.175873608084997893e-09
1.300079781582635843e-03 2.187691303022448807e-09
1.315133995947690435e-03 2.165207676002333517e-09
1.330362529899403951e-03 2.113293267602754626e-09
1.345767401963456761e-03 2.049960152209632958e-09
1.361350654038956127e-03 1.998958825733509780e-09
1.377114351669082772e-03 1.979728215358933682e-09
1.393060584314885974e-03 1.996423705079039879e-09
1.409191465632227396e-03 2.046965492203478027e-09
1.425509133751954758e-03 2.112080978954168495e-09
1.442015751563302745e-03 2.170629491525615921e-09
1.458713507000582730e-03 2.193929053432030056e-09
1.475604613333191678e-03 2.175159489939798794e-09
1.492691309458979909e-03 2.121292200405059283e-09
1.509975860201007635e-03 2.059196333103776119e-09
1.527460556607757513e-03 2.015455871432668956e-09
1.545147716256795815e-03 2.007901540950883714e-09
1.563039683561977429e-03 2.043815646044270874e-09
1.581138830084189480e-03 2.109562174721112513e-09
1.599447554845698401e-03 2.168088900227926068e-09
1.617968284648140138e-03 2.194715367830523111e-09
1.636703474394191234e-03 2.175269208355735830e-09
1.655655607412955237e-03 2.123467389104670525e-09
1.674827195789139285e-03 2.063308432488460602e-09
1.694220780696013666e-03 2.026900234256556962e-09
1.713838932732251758e-03 2.037649762249291500e-09
1.733684252262658121e-03 2.089462126740927118e-09
1.753759369762839188e-03 2.155459166743520358e-09
1.774066946167876177e-03 2.195888807831041678e-09
1.794609673225024517e-03 2.189876464138078795e-09
1.815390273850506567e-03 2.136660115203062229e-09
1.836411502490422785e-03 2.074814105992386964e-09
1.857676145485863536e-03 2.041629695661991917e-09
1.879187021442221524e-03 2.059844643898329122e-09
1.900946981602806346e-03 2.114749168761830343e-09
1.922958910226767442e-03 2.179315973025133416e-09
1.945225724971402434e-03 2.200231327273555926e-09
1.967750377278885965e-03 2.168271679496522497e-09
1.990535852767486274e-03 2.105726864699449218e-09
2.013585171627295303e-03 2.061573330135681291e-09
2.036901389020564709e-03 2.066930436209499759e-09
2.060487595486651478e-03 2.123328166850465422e-09
2.084346917351677202e-03 2.183006661025277447e-09
2.108482517142910590e-03 2.198805378116941818e-09
2.132897594007962527e-03 2.158120502602546101e-09
2.157595384138824915e-03 2.097294497960282717e-09
2.182579161200830058e-03 2.063869623068712057e-09
2.207852236766562250e-03 2.092017038297840584e-09
2.233417960754816977e-03 2.159344642281917204e-09
2.259279721874612491e-03 2.200729658609031119e-09
2.285440948074375211e-03 2.178354169065060703e-09
2.311905106996301092e-03 2.119762648012407561e-09
2.338675706435990129e-03 2.075934789261555108e-09
2.365756294807400822e-03 2.096650987603746540e-09
2.393150461613189652e-03 2.159367970272975406e-09
2.420861837920496723e-03 2.200875936522373950e-09
2.448894096842230052e-03 2.178213928133467361e-09
2.477250954023952137e-03 2.114709633325416854e-09
2.505936168136361879e-03 2.083855495227496764e-09
2.534953541373521912e-03 2.119307921770501967e-09
2.564306919956823531e-03 2.181976132699683297e-09
2.594000194644804132e-03 2.188076367792809071e-09
2.624037301248860997e-03 2.149301132069347275e-09
2.654422221154941613e-03 2.094795485810398661e-09
2.685158981851263043e-03 2.105187995906636385e-09
2.716251657462167429e-03 2.169346033626260188e-09
2.747704369288123637e-03 2.200957233333753849e-09
2.779521286352018561e-03 2.163354062825391587e-09
2.811706625951745052e-03 2.101445916706875735e-09
2.844264654219206146e-03 2.108893443094151142e-09
2.877199686685782878e-03 2.166990954215764117e-09
2.910516088854357610e-03 2.200546121404348676e-09
2.944218276777944062e-03 2.156952117318767679e-09
2.978310717645054565e-03 2.103104183911282493e-09
3.012797930371790243e-03 2.122974215006787865e-09
3.047684486200846234e-03 2.183993962361352375e-09
3.082975009307410696e-03 2.192847078049410665e-09
3.118674177412095096e-03 2.132788552303707091e-09
3.154786722400964704e-03 2.107766559184739092e-09
3.191317430952740879e-03 2.156715468767734417e-09
3.228271145173277051e-03 2.197626773950706292e-09
3.265652763237360864e-03 2.160315152824859373e-09
3.303467240037981714e-03 2.109292168148354763e-09
3.341719587843073637e-03 2.149623361533794628e-09
3.380414876959909193e-03 2.190879449010165919e-09
3.419558236407145655e-03 2.172395851007163518e-09
3.459154854594680920e-03 2.115655848008309178e-09
3.499209980011365115e-03 2.135106400539364951e-09
3.539728921920689761e-03 2.192487537660824576e-09
3.580717051064509580e-03 2.172987229948252228e-09
3.622179800374952623e-03 2.116389298102384140e-09
3.664122665694521767e-03 2.145474727546099037e-09
3.706551206504588372e-03 2.195254582421701912e-09
3.749471046662278956e-03 2.162102275020779305e-09
3.792887875145917534e-03 2.119342039268210510e-09
3.836807446809092567e-03 2.162209003386698506e-09
3.881235583143459542e-03 2.193891064858544927e-09
3.926178173050358551e-03 2.139066527655805493e-09
3.971641173621410364e-03 2.129891172871197274e-09
4.017630610928087966e-03 2.192564448376605002e-09
4.064152580820497296e-03 2.172324209716359084e-09
4.111213249735355506e-03 2.122944643390004632e-09
4.158818855513353625e-03 2.163554158917582430e-09
4.206975708225972610e-03 2.187613821305571953e-09
4.255690191011878530e-03 2.126432139269379993e-09
4.304968760923003589e-03 2.145681549200902641e-09
4.354817949780402306e-03 2.194976641682946237e-09
4.405244365040072822e-03 2.148415851120839068e-09
4.456254690668728577e-03 2.135863915337116499e-09
4.507855688029784036e-03 2.191097904620002828e-09
4.560054196779547535e-03 2.154673451111542796e-09
4.612857135773812921e-03 2.133510872269349285e-09
4.666271503984951476e-03 2.188453364642783524e-09
4.720304381429616877e-03 2.156482364000761344e-09
4.774962930107178559e-03 2.135308612374215932e-09
4.830254394949069947e-03 2.188181699902285888e-09
4.886186104779055052e-03 2.150295803239299470e-09
4.942765473284694427e-03 2.141170861718882621e-09
4.999999999999999237e-03 2.188317806409474602e-09
5.057897271299490252e-03 2.139154403861954655e-09
5.116464961403772820e-03 2.155566139670856978e-09
5.175710833396719723e-03 2.181615031636606773e-09
5.235642740254497010e-03 2.132110130419234110e-09
5.296268625886442309e-03 2.174252022432956471e-09
5.357596526188034176e-03 2.161892928967642086e-09
5.419634570106018380e-03 2.138561428609111999e-09
5.482390980715924449e-03 2.186379974012801757e-09
5.545874076312003707e-03 2.136147941733654175e-09
5.610092271509814314e-03 2.166656415077535254e-09
5.675054078361577332e-03 2.174513986497741234e-09
5.740768107484413990e-03 2.139988019613480874e-09
5.807243069201712196e-03 2.183323327355343120e-09
5.874487774697645728e-03 2.135275438874577398e-09
5.942511137185094161e-03 2.174278136259080693e-09
6.011322173087065013e-03 2.150638896401482257e-09
6.080930003231838424e-03 2.154679626792714764e-09
6.151343854061903753e-03 2.170507454477226526e-09
6.222573058856926617e-03 2.139375802938997133e-09
6.294627058970837449e-03 2.173778012382608080e-09
6.367515405083306983e-03 2.131324659563726038e-09
6.441247758465666780e-03 2.178511552569856432e-09
6.515833892261499449e-03 2.132631640413867176e-09
6.591283692782035596e-03 2.170857717513885782e-09
6.667607160816617709e-03 2.140081948385979668e-09
6.744814412958263956e-03 2.168094037219888470e-09
6.822915682944625040e-03 2.147104020003034386e-09
6.901921323014425201e-03 2.167416736150775303e-09
6.981841805279687466e-03 2.147004310985085771e-09
7.062687723113768301e-03 2.165840081736062664e-09
7.144469792555516521e-03 2.144921397411383462e-09
7.227198853729637981e-03 2.166356299963711186e-09
7.310885872283589583e-03 2.141311619499349039e-09
7.395541940841035555e-03 2.173516052749624187e-09
7.481178280472171316e-03 2.135203166220693761e-09
7.567806242181042420e-03 2.174925251595111302e-09
7.655437308410150028e-03 2.135687386279610283e-09
7.744083094562404478e-03 2.167764485997076470e-09
7.833755350540741805e-03 2.140279732632067836e-09
7.924465962305568892e-03 2.157861214456284222e-09
8.016226953450207235e-03 2.155309154051676444e-09
8.109050486794647586e-03 2.139158073158730791e-09
8.202948865997691796e-03 2.166464798669332604e-09
8.297934537187804521e-03 2.129089320555317785e-09
8.394020090612802285e-03 2.163979033141530459e-09
8.491218262308719913e-03 2.147565400772662007e-09
8.589541935787937607e-03 2.143830991683109985e-09
8.689004143746880890e-03 2.169657748503679322e-09
8.789618069793463453e-03 2.138021638210148960e-09
8.891397050194612892e-03 2.154768354644551606e-09
8.994354575643934840e-03 2.159212752269547523e-09
9.098504293049919714e-03 2.132441440906664329e-09
9.203860007344778771e-03 2.159178224672589336e-09
9.310435683314336255e-03 2.149864882081348634e-09
9.418245447448998428e-03 2.137310065760352396e-09
9.527303589816240106e-03 2.155364489406020869e-09
9.637624565954681574e-03 2.156565086540311272e-09
9.749222998790225969e-03 2.126015173787734736e-09
9.862113680574265823e-03 2.149441743754889476e-09
9.976311574844402841e-03 2.163117887675641278e-09
1.009183181840780756e-02 2.133995558866779047e-09
1.020868972334764563e-02 2.134101938310064074e-09
1.032690077905264354e-02 2.159844734747757019e-09
1.044648065427019115e-02 2.156973079353148397e-09
1.056744519918323584e-02 2.135946543687083697e-09
1.068981044751115932e-02 2.140383455304355513e-09
1.081359261863509835e-02 2.154054367995927335e-09
1.093880811974775637e-02 2.147127188176167977e-09
1.106547354802819329e-02 2.150420151305500439e-09
1.119360569284169951e-02 2.131392316986495843e-09
1.132322153796529694e-02 2.143427840742800130e-09
1.145433826383886189e-02 2.153187174668858110e-09
1.158697324984239718e-02 2.155657222941404215e-09
1.172114407659961138e-02 2.143087064638133654e-09
1.185686852830827691e-02 2.132592487829459980e-09
1.199416459509745035e-02 2.129756228076106783e-09
1.213305047541208236e-02 2.130630774476028595e-09
1.227354457842515234e-02 2.142858760413977881e-09
1.241566552647785197e-02 2.147774653400428399e-09
1.255943215754789545e-02 2.150162634141227084e-09
1.270486352774653077e-02 2.150297826096334056e-09
1.285197891384432314e-02 2.146983318424033439e-09
1.300079781582635929e-02 2.141242455258696412e-09
1.315133995947690565e-02 2.132020836717253776e-09
1.330362529899405122e-02 2.132469132243529954e-09
1.345767401963458149e-02 2.127739504145974588e-09
1.361350654038956040e-02 2.127075905542546438e-09
1.377114351669082859e-02 2.127229048860122381e-09
1.393060584314884456e-02 2.124321623385590836e-09
1.409191465632227309e-02 2.125618943551801240e-09
1.425509133751954628e-02 2.125895866208138597e-09
1.442015751563302528e-02 2.125877858273067412e-09
1.458713507000582686e-02 2.127865495184646054e-09
1.475604613333193239e-02 2.125307710023261465e-09
1.492691309458979952e-02 2.131977048048010303e-09
1.509975860201007852e-02 2.135585595333475782e-09
1.527460556607756169e-02 2.136897773430174614e-09
1.545147716256795728e-02 2.140116430626085838e-09
1.563039683561977602e-02 2.137862640763954723e-09
1.581138830084189567e-02 2.129487000642072615e-09
1.599447554845698227e-02 2.123100343699057095e-09
1.617968284648142047e-02 2.120686894221344250e-09
1.636703474394191060e-02 2.124715053661103205e-09
1.655655607412955324e-02 2.134428544023773510e-09
1.674827195789137593e-02 2.136705508794341050e-09
1.694220780696013146e-02 2.125809014160850063e-09
1.713838932732252018e-02 2.119657092680898736e-09
1.733684252262658251e-02 2.123724823167002577e-09
1.753759369762839665e-02 2.132042388575028892e-09
1.774066946167878259e-02 2.123340783570658694e-09
1.794609673225026208e-02 2.116034545891895980e-09
1.815390273850506567e-02 2.125783289094509836e-09
1.836411502490422828e-02 2.128931178351757732e-09
1.857676145485861671e-02 2.111688163736838717e-09
1.879187021442221134e-02 2.124050294832494780e-09
1.900946981602805869e-02 2.127269973641231176e-09
1.922958910226767182e-02 2.114115572759741754e-09
1.945225724971402087e-02 2.126476024275655987e-09
1.967750377278887700e-02 2.117685399565211677e-09
1.990535852767486361e-02 2.116495078842629861e-09
2.013585171627295042e-02 2.124857577845042319e-09
2.036901389020562628e-02 2.114840842042669302e-09
2.060487595486651738e-02 2.124898807728576355e-09
2.084346917351677028e-02 2.111205598079862372e-09
2.108482517142910850e-02 2.124886225190237610e-09
2.132897594007962527e-02 2.108444854244181941e-09
2.157595384138826650e-02 2.121192400550230754e-09
2.182579161200829884e-02 2.111507123426248968e-09
2.207852236766562337e-02 2.116430239880989942e-09
2.233417960754814982e-02 2.117220984265229936e-09
2.259279721874613012e-02 2.108541303598124244e-09
2.285440948074375644e-02 2.119139915586033391e-09
2.311905106996301265e-02 2.109705523474985801e-09
2.338675706435990390e-02 2.107455196034992245e-09
2.365756294807403945e-02 2.117899999241707296e-09
2.393150461613192601e-02 2.109258106512481913e-09
2.420861837920496376e-02 2.105034358846569948e-09
2.448894096842230139e-02 2.111664563972540032e-09
2.477250954023949708e-02 2.114518886129830438e-09
2.505936168136361705e-02 2.109405523206826575e-09
2.534953541373521912e-02 2.103172783983994511e-09
2.564306919956824138e-02 2.103139097673621488e-09
2.594000194644804566e-02 2.107320440528698293e-09
2.624037301248864293e-02 2.111101152609752593e-09
2.654422221154942307e-02 2.110821237687379712e-09
2.685158981851263130e-02 2.111264296194108638e-09
2.716251657462164307e-02 2.107895729220405365e-09
2.747704369288123810e-02 2.105399603093964510e-09
2.779521286352018214e-02 2.103753500047413350e-09
2.811706625951744878e-02 2.102567395985786070e-09
2.844264654219206406e-02 2.103544018037535996e-09
2.877199686685785393e-02 2.104598001124323880e-09
2.910516088854357350e-02 2.104792000945110867e-09
2.944218276777944149e-02 2.106201322581816924e-09
2.978310717645051703e-02 2.103165981303333243e-09
3.012797930371790070e-02 2.098875570670441062e-09
3.047684486200846407e-02 2.094670530234597778e-09
3.082975009307411043e-02 2.095528031354891458e-09
3.118674177412095530e-02 2.100635420131018548e-09
3.154786722400967913e-02 2.100910131566672115e-09
3.191317430952744089e-02 2.092659998358834052e-09
3.228271145173277484e-02 2.093910999833657461e-09
3.265652763237360950e-02 2.100243167477932966e-09
3.303467240037977898e-02 2.092597335681491990e-09
3.341719587843073463e-02 2.093438109964757782e-09
3.380414876959908499e-02 2.096605041030315586e-09
3.419558236407146262e-02 2.088585772535037777e-09
3.459154854594680834e-02 2.096680140399681724e-09
3.499209980011368931e-02 2.087949666204174038e-09
3.539728921920690108e-02 2.094970850826852342e-09
3.580717051064509493e-02 2.087091681844065704e-09
3.622179800374948633e-02 2.092201517546623684e-09
3.664122665694521247e-02 2.089662785044021619e-09
3.706551206504588025e-02 2.086394689165037556e-09
3.749471046662278262e-02 2.091223987749670376e-09
3.792887875145917187e-02 2.088703150466708335e-09
3.836807446809096384e-02 2.083270545109734019e-09
3.881235583143458762e-02 2.085289563678313414e-09
3.926178173050358378e-02 2.089979865849855259e-09
3.971641173621406201e-02 2.088349230138163371e-09
4.017630610928087792e-02 2.085231060565570694e-09
4.064152580820496602e-02 2.081421134250347536e-09
4.111213249735355679e-02 2.080437786143286713e-09
4.158818855513353452e-02 2.079975916731417429e-09
4.206975708225977467e-02 2.078565600426237518e-09
4.255690191011882867e-02 2.078116920151782872e-09
4.304968760923003068e-02 2.078036974977713954e-09
4.354817949780401959e-02 2.079601602370287935e-09
4.405244365040068139e-02 2.081384463234914487e-09
4.456254690668728924e-02 2.082013689982179663e-09
4.507855688029784730e-02 2.078101906194791047e-09
4.560054196779547708e-02 2.074650843881680770e-09
4.612857135773813788e-02 2.077364273266271693e-09
4.666271503984956853e-02 2.078775009988377319e-09
4.720304381429617224e-02 2.073668726830209838e-09
4.774962930107178732e-02 2.076704382065316697e-09
4.830254394949064917e-02 2.074026502238339408e-09
4.886186104779055572e-02 2.073970799688910473e-09
4.942765473284693734e-02 2.072601102590709410e-09
4.999999999999998890e-02 2.074135316779778298e-09
5.057897271299490599e-02 2.068391031505912049e-09
5.116464961403772993e-02 2.072011844521563709e-09
5.175710833396719029e-02 2.071221241877913766e-09
5.235642740254497357e-02 2.067027161669953797e-09
5.296268625886441789e-02 2.069362862847119168e-09
5.357596526188034697e-02 2.071309153562363833e-09
5.419634570106018900e-02 2.070641029143864793e-09
5.482390980715924622e-02 2.069835287372332020e-09
5.545874076312003881e-02 2.067869831928895111e-09
5.610092271509820039e-02 2.066873196069088945e-09
5.675054078361576465e-02 2.066895610931816120e-09
5.740768107484413296e-02 2.066887140892702998e-09
5.807243069201711849e-02 2.066896188582367684e-09
5.874487774697650933e-02 2.064187119156638985e-09
5.942511137185093467e-02 2.060806065622082200e-09
6.011322173087065013e-02 2.063008422362353679e-09
6.080930003231838771e-02 2.064344625409514532e-09
6.151343854061905314e-02 2.058903803974893561e-09
6.222573058856927658e-02 2.063062977508973034e-09
6.294627058970836408e-02 2.058026361570964145e-09
6.367515405083307156e-02 2.061443721022584552e-09
6.441247758465666606e-02 2.055727874635070701e-09
6.515833892261499449e-02 2.059550811559315770e-09
6.591283692782035075e-02 2.058301815895542267e-09
6.667607160816618750e-02 2.053174056712528797e-09
6.744814412958265171e-02 2.054525698581868955e-09
6.822915682944626081e-02 2.056278865573656855e-09
6.901921323014426068e-02 2.056227807126303008e-09
6.981841805279687119e-02 2.055459454929510155e-09
7.062687723113769689e-02 2.054662772959583317e-09
7.144469792555516174e-02 2.052934408213597446e-09
7.227198853729638328e-02 2.051478884338072216e-09
7.310885872283590103e-02 2.049666938476928501e-09
7.395541940841034168e-02 2.052254901965439174e-09
7.481178280472169928e-02 2.051073844380762767e-09
7.567806242181042420e-02 2.048075532332232393e-09
7.655437308410149855e-02 2.050582222421717789e-09
7.744083094562403957e-02 2.046125745208074195e-09
7.833755350540749784e-02 2.049081263266501031e-09
7.924465962305569933e-02 2.047412362407564007e-09
8.016226953450207582e-02 2.044826827993797917e-09
8.109050486794647239e-02 2.046358784583307579e-09
8.202948865997691796e-02 2.046833550213265306e-09
8.297934537187805215e-02 2.046716423914594940e-09
8.394020090612801244e-02 2.045075660130513215e-09
8.491218262308719567e-02 2.044898636706096057e-09
8.589541935787936566e-02 2.043923130833134860e-09
8.689004143746879849e-02 2.042386648076579031e-09
8.789618069793463107e-02 2.039455433364577012e-09
8.891397050194613239e-02 2.042624152427172707e-09
8.994354575643936922e-02 2.040129403237423907e-09
9.098504293049920755e-02 2.039453457510985548e-09
9.203860007344781546e-02 2.037844472490960865e-09
9.310435683314335908e-02 2.038956342061275760e-09
9.418245447448998775e-02 2.036502604505774547e-09
9.527303589816239759e-02 2.035750227879512281e-09
9.637624565954681921e-02 2.036223475448326202e-09
9.749222998790225969e-02 2.035818539769599818e-09
9.862113680574265129e-02 2.034771733607541083e-09
9.976311574844401453e-02 2.033659371853430586e-09
1.009183181840780513e-01 2.031905419989679821e-09
1.020868972334764563e-01 2.033174116838030217e-09
1.032690077905264459e-01 2.033168173532962260e-09
1.044648065427020295e-01 2.029904713603771450e-09
1.056744519918323688e-01 2.031999684859483682e-09
1.068981044751115966e-01 2.029500990316271822e-09
1.081359261863509835e-01 2.027191265526684153e-09
1.093880811974775741e-01 2.029493993789486004e-09
1.106547354802819155e-01 2.029331991622777024e-09
1.119360569284169882e-01 2.028427248062999583e-09
1.132322153796529451e-01 2.027822253193794831e-09
1.145433826383886050e-01 2.026092433814409650e-09
1.158697324984239579e-01 2.024776709018843167e-09
1.172114407659961138e-01 2.025189395125084605e-09
1.185686852830827309e-01 2.024512982561857053e-09
1.199416459509744792e-01 2.024640301354881149e-09
1.213305047541208131e-01 2.021599527053732692e-09
1.227354457842515512e-01 2.022811451157968086e-09
1.241566552647785093e-01 2.023279620570104489e-09
1.255943215754789510e-01 2.023211860076724000e-09
1.270486352774652938e-01 2.021401874664762151e-09
1.285197891384432245e-01 2.020281559972451057e-09
1.300079781582635929e-01 2.018229365904214633e-09
1.315133995947690426e-01 2.018518730784575955e-09
1.330362529899405399e-01 2.017542171269770623e-09
1.345767401963458010e-01 2.017782308623009172e-09
1.361350654038956109e-01 2.015130998511271515e-09
1.377114351669082859e-01 2.014585468751685248e-09
1.393060584314886052e-01 2.015133377524973048e-09
1.409191465632227414e-01 2.014798623951938679e-09
1.425509133751954594e-01 2.013086756122890075e-09
1.442015751563302528e-01 2.012761824095447134e-09
1.458713507000582721e-01 2.013221953842428484e-09
1.475604613333193205e-01 2.011176102306034455e-09
1.492691309458979987e-01 2.011536664860145881e-09
1.509975860201007714e-01 2.011081530813363842e-09
1.527460556607755926e-01 2.009469105142038630e-09
1.545147716256795867e-01 2.009800606783881511e-09
1.563039683561977533e-01 2.016210312431940722e-09
1.581138830084189428e-01 2.008078815586576264e-09
1.599447554845698227e-01 2.006231833795637451e-09
1.617968284648141908e-01 2.007197994207499471e-09
1.636703474394191060e-01 2.005903701759385671e-09
1.655655607412955255e-01 2.004017807035097072e-09
1.674827195789137801e-01 2.003682898993554817e-09
1.694220780696013284e-01 2.002511317582693320e-09
1.713838932732252018e-01 2.002874271379322357e-09
1.733684252262658043e-01 2.002908895928054671e-09
1.753759369762839249e-01 2.000501421900098373e-09
1.774066946167878189e-01 2.001485541788929312e-09
1.794609673225026625e-01 2.000478865954419926e-09
1.815390273850506775e-01 2.000482829829627362e-09
1.836411502490422898e-01 1.999299810109145338e-09
1.857676145485863684e-01 1.998966577846362318e-09
1.879187021442221273e-01 1.997125676670422566e-09
1.900946981602806285e-01 1.997795633671904825e-09
1.922958910226767459e-01 1.996579171845219886e-09
1.945225724971401948e-01 1.995346420777058759e-09
1.967750377278887630e-01 1.994137337046062803e-09
1.990535852767486569e-01 1.995143902814140617e-09
2.013585171627295112e-01 1.994504037632439406e-09
2.036901389020562836e-01 1.992710817604260957e-09
2.060487595486651669e-01 1.992670907272709447e-09
2.084346917351676820e-01 1.992364372073252271e-09
2.108482517142910573e-01 1.991940716970210660e-09
2.132897594007961972e-01 1.990894981597244190e-09
2.157595384138827066e-01 1.989543933085779976e-09
2.182579161200830231e-01 1.989645062259769718e-09
2.207852236766562337e-01 1.989396206852447537e-09
2.233417960754814913e-01 1.988413489028630845e-09
2.259279721874612734e-01 1.987243355815437553e-09
2.285440948074375644e-01 1.986137812627536211e-09
2.311905106996301473e-01 1.985238944176202780e-09
2.338675706435990598e-01 1.985428143843678583e-09
2.365756294807403182e-01 1.984835910857643319e-09
2.393150461613192115e-01 1.983874001930764173e-09
2.420861837920496584e-01 1.982184548595680251e-09
2.448894096842230139e-01 1.982427710628702432e-09
2.477250954023952068e-01 1.981310898017295566e-09
2.505936168136362330e-01 1.980942595064604942e-09
2.534953541373521912e-01 1.979759271539941106e-09
2.564306919956823583e-01 1.979411220906949308e-09
2.594000194644804358e-01 1.979990065994598333e-09
2.624037301248863807e-01 1.984653719780625698e-09
2.654422221154941752e-01 1.977755681657139922e-09
2.685158981851262783e-01 1.974072998559295094e-09
2.716251657462164792e-01 1.976839199883665446e-09
2.747704369288123671e-01 1.975537086275812901e-09
2.779521286352018006e-01 1.973960916879849954e-09
2.811706625951744809e-01 1.974046402903128822e-09
2.844264654219206268e-01 1.973353891242445312e-09
2.877199686685785740e-01 1.973813401071703969e-09
2.910516088854357419e-01 1.972761357114408122e-09
2.944218276777944010e-01 1.980627224043653851e-09
2.978310717645051287e-01 1.971676987428408377e-09
3.012797930371790001e-01 1.970547795652391749e-09
3.047684486200846199e-01 1.975597810292675161e-09
3.082975009307410419e-01 1.969494504237681202e-09
3.118674177412095183e-01 1.968203426862916352e-09
3.154786722400967358e-01 1.964919829007844564e-09
3.191317430952744227e-01 1.967539697835398534e-09
3.228271145173277623e-01 1.966648938893460084e-09
3.265652763237361089e-01 1.966371389197180159e-09
3.303467240037981645e-01 1.964168028484355685e-09
3.341719587843073880e-01 1.965200249550212553e-09
3.380414876959909054e-01 1.964361634205061618e-09
3.419558236407145846e-01 1.961606179166348099e-09
3.459154854594680417e-01 1.962973143431871263e-09
3.499209980011368515e-01 1.962215285558886503e-09
3.539728921920690108e-01 1.961267594858073932e-09
3.580717051064509771e-01 1.960623218799064518e-09
3.622179800374948910e-01 1.959762071020286114e-09
3.664122665694521941e-01 1.956126622785578879e-09
3.706551206504588025e-01 1.958515025316839996e-09
3.749471046662278817e-01 1.957914223460058550e-09
3.792887875145918297e-01 1.956979054428649008e-09
3.836807446809096245e-01 1.956058470271751965e-09
3.881235583143459178e-01 1.955681187786981813e-09
3.926178173050357545e-01 1.954619644411255014e-09
3.971641173621405785e-01 1.955144395551424825e-09
4.017630610928087931e-01 1.954303411828142209e-09
4.064152580820496463e-01 1.956145664223189864e-09
4.111213249735355402e-01 1.952962866727033270e-09
4.158818855513353729e-01 1.952101111865192702e-09
4.206975708225977328e-01 1.951070777889418191e-09
4.255690191011882728e-01 1.950234737981457018e-09
4.304968760923003068e-01 1.950089859930188470e-09
4.354817949780401820e-01 1.949650840027908043e-09
4.405244365040072441e-01 1.947786137347569805e-09
4.456254690668728924e-01 1.948146606667298963e-09
4.507855688029784313e-01 1.946173886041168876e-09
4.560054196779547708e-01 1.947224416928386458e-09
4.612857135773817951e-01 1.945558169008059036e-09
4.666271503984956714e-01 1.944819250543231924e-09
4.720304381429616392e-01 1.944998108161842408e-09
4.774962930107178871e-01 1.943712722711253016e-09
4.830254394949065611e-01 1.943159009760759176e-09
4.886186104779055572e-01 1.941487888029093290e-09
4.942765473284694844e-01 1.941973031425930873e-09
5.000000000000000000e-01 1.942265646411840236e-09
5.235642740254496941e-01 1.939025333484769391e-09
5.482390980715925455e-01 1.936741019891387120e-09
5.740768107484413019e-01 1.933146290198255242e-09
6.011322173087064735e-01 1.931316539472706066e-09
6.294627058970835298e-01 1.927751427233153692e-09
6.591283692782035075e-01 1.925709545234059338e-09
6.901921323014423848e-01 1.922537673555955592e-09
7.227198853729638328e-01 1.920917501112657237e-09
7.567806242181042142e-01 1.917533925845863836e-09
7.924465962305566880e-01 1.915658206065121335e-09
8.297934537187803272e-01 1.911231852853827703e-09
8.689004143746875686e-01 1.912679758117751159e-09
9.098504293049917147e-01 1.906716575488416601e-09
9.527303589816236151e-01 1.905596563152537614e-09
9.976311574844399788e-01 1.900194808045248501e-09
1.044648065427019601e+00 1.897783915196289756e-09
1.093880811974776268e+00 1.895807853060059580e-09
1.145433826383886355e+00 1.893624258437061956e-09
1.199416459509745181e+00 1.894661259617787528e-09
1.255943215754790065e+00 1.888371709018174799e-09
1.315133995947690870e+00 1.891808552631042179e-09
1.377114351669083137e+00 1.883662179871951489e-09
1.442015751563303194e+00 1.880727494512282819e-09
1.509975860201008047e+00 1.884093431618081944e-09
1.581138830084189539e+00 1.874758499678456061e-09
1.655655607412955810e+00 1.872383593500311715e-09
1.733684252262658321e+00 1.870629096642175182e-09
1.815390273850506997e+00 1.867475994595757550e-09
1.900946981602805730e+00 1.865798885358457690e-09
1.990535852767486125e+00 1.860728733604629743e-09
2.084346917351676876e+00 1.858879230751109752e-09
2.182579161200830065e+00 1.856567110495119378e-09
2.285440948074374923e+00 1.853953209855937628e-09
2.393150461613192004e+00 1.850767384143775674e-09
2.505936168136361886e+00 1.850130897183163373e-09
2.624037301248862697e+00 1.845135433930311262e-09
2.747704369288122450e+00 1.841928403586753337e-09
2.877199686685784741e+00 1.841896757897410549e-09
3.012797930371788446e+00 1.838841488480471748e-09
3.154786722400966248e+00 1.836913239978755703e-09
3.303467240037980091e+00 1.833195519925091492e-09
3.459154854594682416e+00 1.832191335225743286e-09
3.622179800374949910e+00 1.827711974070786760e-09
3.792887875145918741e+00 1.826186693826074104e-09
3.971641173621407894e+00 1.820599097897397482e-09
4.158818855513356283e+00 1.820460938736190848e-09
4.354817949780404263e+00 1.819334128561549827e-09
4.560054196779547375e+00 1.814980411249087846e-09
4.774962930107178316e+00 1.812375679673383691e-09
5.000000000000000000e+00 1.809355290958753980e-09
6.294627058970836408e+00 1.797068888468471060e-09
7.924465962305568212e+00 1.784919167909108991e-09
9.976311574844396901e+00 1.769836585964816589e-09
1.255943215754790110e+01 1.758844306810583946e-09
1.581138830084189451e+01 1.739312376174975935e-09
1.990535852767486347e+01 1.735191399765339111e-09
2.505936168136361886e+01 1.718225292535174655e-09
3.154786722400966070e+01 1.707798847585282653e-09
3.971641173621406296e+01 1.691311917062477017e-09
4.999999999999999289e+01 1.674457451037313274e-09
