1.774066946167876001e-05 5.694388464831434410e-14
1.815390273850508356e-05 2.795562801242102623e-13
1.857676145485863550e-05 1.556915178677506301e-12
1.900946981602805844e-05 3.931933705482248869e-12
1.945225724971401946e-05 7.430561536810369138e-12
1.990535852767484729e-05 1.206804919157209746e-11
2.036901389020564723e-05 1.782339835287859986e-11
2.084346917351677256e-05 2.466776830681042501e-11
2.132897594007962175e-05 3.254856457656704461e-11
2.182579161200832375e-05 4.137023972855366189e-11
2.233417960754817411e-05 5.103148869920559676e-11
2.285440948074375482e-05 6.140815756837181281e-11
2.338675706435990129e-05 7.232613129323875174e-11
2.393150461613189502e-05 8.359559654226717331e-11
2.448894096842227708e-05 9.502507001101586585e-11
2.505936168136361553e-05 1.064103622104222235e-10
2.564306919956823707e-05 1.174158567538977665e-10
2.624037301248860956e-05 1.279303566879629003e-10
2.685158981851265550e-05 1.376697456472441717e-10
2.747704369288123718e-05 1.463849515060872559e-10
2.811706625951745011e-05 1.539598965406078916e-10
2.877199686685782864e-05 1.601005962863055662e-10
2.944218276777941663e-05 1.648444432694041262e-10
3.012797930371790298e-05 1.681091428149405729e-10
3.082975009307410534e-05 1.699031264480113443e-10
3.154786722400964650e-05 1.703249254028598666e-10
3.228271145173280656e-05 1.696064665837980057e-10
3.303467240037981687e-05 1.681864296982510107e-10
3.380414876959908759e-05 1.663010215380942992e-10
3.459154854594680595e-05 1.645804597356702954e-10
3.539728921920685885e-05 1.636435789373194274e-10
3.622179800374952406e-05 1.641210493031417928e-10
3.706551206504588155e-05 1.667784087316906274e-10
3.792887875145917236e-05 1.723786523084668181e-10
3.881235583143463039e-05 1.814490998934434998e-10
3.971641173621410364e-05 1.947531324975375560e-10
4.064152580820496591e-05 2.127124369402027381e-10
4.158818855513353842e-05 2.355358549411331618e-10
4.255690191011878395e-05 2.632199273912655932e-10
4.354817949780398050e-05 2.954882421849824895e-10
4.456254690668729390e-05 3.316957969157675514e-10
4.560054196779546830e-05 3.708057032056881185e-10
4.666271503984952289e-05 4.116500003532353522e-10
4.774962930107183736e-05 4.523316595427944557e-10
4.886186104779054808e-05 4.911432121608242183e-10
4.999999999999998207e-05 5.261415072347478374e-10
5.057897271299490442e-05 5.415951605350715183e-10
5.116464961403767209e-05 5.553065524044173317e-10
5.175710833396714221e-05 5.673612646441432228e-10
5.235642740254491318e-05 5.772538171010400828e-10
5.296268625886447866e-05 5.851179831677918005e-10
5.357596526188034176e-05 5.906778367468982757e-10
5.419634570106018624e-05 5.938292967764889298e-10
5.482390980715925072e-05 5.949769711275445679e-10
5.545874076312003680e-05 5.937407742072425065e-10
5.610092271509813691e-05 5.902981729420883277e-10
5.675054078361570665e-05 5.850569178034990950e-10
5.740768107484407919e-05 5.782764271727017452e-10
5.807243069201718186e-05 5.701253579657492382e-10
5.874487774697651393e-05 5.609485911585137387e-10
5.942511137185093809e-05 5.513143171277163874e-10
6.011322173087064877e-05 5.416955869442915244e-10
6.080930003231838695e-05 5.324148597082080718e-10
6.151343854061905325e-05 5.243533923111904621e-10
6.222573058856921034e-05 5.178017516647097201e-10
6.294627058970830402e-05 5.134847886984988308e-10
6.367515405083314138e-05 5.118572413099472452e-10
6.441247758465673719e-05 5.134770164428233377e-10
6.515833892261499124e-05 5.186740330362535934e-10
6.591283692782035650e-05 5.280016895939577350e-10
6.667607160816619769e-05 5.417346024704526212e-10
6.744814412958265366e-05 5.597990255258133518e-10
6.822915682944618535e-05 5.824385521959518993e-10
6.901921323014417829e-05 6.095722945701140110e-10
6.981841805279679497e-05 6.406170481085876266e-10
7.062687723113774427e-05 6.756171660693112418e-10
7.144469792555517389e-05 7.134885959204438111e-10
7.227198853729638578e-05 7.538042295584887773e-10
7.310885872283590017e-05 7.955231452094488610e-10
7.395541940841035122e-05 8.378136672740997412e-10
7.481178280472162371e-05 8.794642812243983472e-10
7.567806242181034505e-05 9.196167864268061376e-10
7.655437308410142656e-05 9.564233949855318030e-10
7.744083094562412067e-05 9.896960264340368911e-10
7.833755350540748852e-05 1.017622621136233627e-09
7.924465962305569597e-05 1.039917192857087995e-09
8.016226953450208102e-05 1.055533972037050419e-09
8.109050486794647857e-05 1.064176711648800468e-09
8.202948865997692718e-05 1.065790504488552338e-09
8.297934537187796715e-05 1.060162565982648111e-09
8.394020090612792852e-05 1.048140314907178050e-09
8.491218262308728262e-05 1.030172809331937791e-09
8.589541935787945305e-05 1.007613894264823460e-09
8.689004143746881595e-05 9.819553908245486554e-10
8.789618069793465622e-05 9.548561342553285829e-10
8.891397050194613488e-05 9.284048975603320405e-10
8.994354575643936521e-05 9.041353831261864758e-10
9.098504293049913209e-05 8.843833650213363978e-10
9.203860007344770748e-05 8.710258047475294499e-10
9.310435683314326931e-05 8.659766706115255229e-10
9.418245447449009216e-05 8.696566034700150444e-10
9.527303589816239347e-05 8.835394167132116214e-10
9.637624565954680924e-05 9.081459228534715379e-10
9.749222998790223855e-05 9.431509087295731214e-10
9.862113680574265443e-05 9.869456185281838033e-10
9.976311574844392432e-05 1.038425792690011580e-09
1.009183181840780691e-04 1.095614449652934946e-09
1.020868972334764650e-04 1.155457929793736663e-09
1.032690077905264333e-04 1.215314191637125331e-09
1.044648065427019099e-04 1.271494469883922343e-09
1.056744519918323676e-04 1.321454482450862870e-09
1.068981044751116051e-04 1.361762809398847489e-09
1.081359261863509689e-04 1.390295665674013926e-09
1.093880811974775783e-04 1.405687981151819669e-09
1.106547354802819166e-04 1.406438095173036514e-09
1.119360569284169843e-04 1.393889638011867345e-09
1.132322153796529580e-04 1.368548374417460218e-09
1.145433826383886026e-04 1.333710579747238459e-09
1.158697324984239615e-04 1.292329774731513048e-09
1.172114407659961296e-04 1.249055085885110088e-09
1.185686852830827555e-04 1.208252556813679259e-09
1.199416459509744813e-04 1.174942268264407631e-09
1.213305047541206945e-04 1.152886577250097613e-09
1.227354457842515364e-04 1.145933906282215062e-09
1.241566552647784948e-04 1.156180026261252159e-09
1.255943215754789502e-04 1.184284506623984131e-09
1.270486352774653110e-04 1.229505692741926981e-09
1.285197891384432108e-04 1.288480053405088884e-09
1.300079781582635788e-04 1.357164924228156751e-09
1.315133995947690435e-04 1.429801862909447102e-09
1.330362529899403897e-04 1.499600653146327325e-09
1.345767401963458333e-04 1.560704435443070408e-09
1.361350654038956344e-04 1.606583543604679091e-09
1.377114351669082826e-04 1.633333888787791569e-09
1.393060584314884456e-04 1.638377177286348525e-09
1.409191465632226963e-04 1.621419676212033910e-09
1.425509133751954596e-04 1.585737265855132144e-09
1.442015751563302474e-04 1.536229977730232418e-09
1.458713507000582675e-04 1.480526080507210366e-09
1.475604613333193413e-04 1.427394936764196677e-09
1.492691309458979746e-04 1.384528705041465836e-09
1.509975860201007907e-04 1.360336099546869505e-09
1.527460556607755941e-04 1.359798530587764212e-09
1.545147716256795760e-04 1.385638462439418233e-09
1.563039683561977700e-04 1.435319114239124169e-09
1.581138830084189426e-04 1.504400385602642078e-09
1.599447554845698401e-04 1.584192247210770528e-09
1.617968284648140247e-04 1.663618061252903520e-09
1.636703474394191234e-04 1.731840138181773356e-09
1.655655607412955237e-04 1.777812815287014212e-09
1.674827195789137550e-04 1.797083385664557365e-09
1.694220780696013395e-04 1.786459576284949726e-09
1.713838932732251867e-04 1.747759085925782743e-09
1.733684252262658175e-04 1.689789170886319102e-09
1.753759369762839622e-04 1.624364473396783706e-09
1.774066946167876340e-04 1.565539676380536373e-09
1.794609673225026902e-04 1.526403146252525023e-09
1.815390273850506729e-04 1.516874652835199588e-09
1.836411502490422785e-04 1.541582296140443375e-09
1.857676145485863753e-04 1.597823870306187772e-09
1.879187021442221307e-04 1.676467863052177638e-09
1.900946981602805912e-04 1.762902452347480405e-09
1.922958910226767171e-04 1.839933409399944123e-09
1.945225724971401946e-04 1.892448752995953910e-09
1.967750377278885748e-04 1.909599437797914194e-09
1.990535852767486220e-04 1.888260114627546675e-09
2.013585171627294760e-04 1.835047480424196964e-09
2.036901389020562758e-04 1.764501559140572762e-09
2.060487595486651640e-04 1.695969107568435849e-09
2.084346917351676985e-04 1.649334934685590192e-09
2.108482517142910915e-04 1.639612489545276085e-09
2.132897594007962310e-04 1.672029240669178766e-09
2.157595384138824807e-04 1.740983805670522544e-09
2.182579161200830003e-04 1.829562373080444019e-09
2.207852236766562250e-04 1.914980956757923569e-09
2.233417960754814429e-04 1.973962133330056112e-09
2.259279721874612654e-04 1.997371599862297376e-09
2.285440948074375482e-04 1.963659741871874467e-09
2.311905106996301417e-04 1.896681099329135067e-09
2.338675706435990400e-04 1.819167575105528278e-09
2.365756294807401202e-04 1.763225054467725939e-09
2.393150461613192416e-04 1.733330026174948288e-09
2.420861837920496669e-04 1.759481750044102527e-09
2.448894096842230486e-04 1.829966576463221482e-09
2.477250954023952571e-04 1.921692573269005664e-09
2.505936168136362096e-04 2.005236341881330721e-09
2.534953541373521587e-04 2.051705863429975035e-09
2.564306919956823639e-04 2.039978851424798201e-09
2.594000194644803916e-04 1.983845887686619868e-09
2.624037301248860888e-04 1.901549040033587853e-09
2.654422221154941939e-04 1.833506921506221801e-09
2.685158981851263043e-04 1.815655379118455640e-09
2.716251657462165044e-04 1.838543053005550087e-09
2.747704369288123854e-04 1.923148668269094368e-09
2.779521286352018127e-04 2.016713259120823437e-09
2.811706625951744943e-04 2.070197674505863632e-09
2.844264654219205712e-04 2.097390812842975120e-09
2.877199686685782661e-04 2.044884320961887685e-09
2.910516088854356851e-04 1.970653160405229607e-09
2.944218276777944170e-04 1.891307279462998108e-09
2.978310717645051204e-04 1.867939344667687987e-09
3.012797930371790027e-04 1.916558488924699058e-09
3.047684486200846234e-04 1.999882936136279675e-09
3.082975009307410263e-04 2.096607870613901691e-09
3.118674177412095313e-04 2.111490631681650978e-09
3.154786722400964379e-04 2.110342964388908585e-09
3.191317430952743373e-04 2.032601020963605635e-09
3.228271145173277267e-04 1.925422174969206161e-09
3.265652763237360972e-04 1.934686892322388635e-09
3.303467240037981823e-04 1.957991434552107403e-09
3.341719587843073962e-04 2.050797698456160115e-09
3.380414876959908759e-04 2.084460020014363725e-09
3.419558236407145655e-04 2.144815669187742954e-09
3.459154854594681137e-04 2.103297435080812459e-09
3.499209980011365223e-04 2.003358764525855706e-09
3.539728921920690086e-04 1.963854080031483708e-09
3.580717051064509905e-04 1.930386441762509147e-09
3.622179800374948611e-04 2.060342850449307985e-09
3.664122665694521551e-04 2.126108352272207347e-09
3.706551206504588155e-04 2.169717920565867710e-09
3.749471046662278739e-04 2.115729580495703164e-09
3.792887875145917100e-04 2.041281935951819611e-09
3.836807446809092350e-04 1.974301728279054199e-09
3.881235583143458566e-04 2.029084909739907471e-09
3.926178173050358226e-04 2.125701359218940983e-09
3.971641173621406028e-04 2.205286324767366629e-09
4.017630610928087857e-04 2.176557318704824826e-09
4.064152580820496862e-04 2.090013237427431342e-09
4.111213249735355181e-04 2.054968376157801691e-09
4.158818855513353300e-04 2.027195081889710852e-09
4.206975708225972935e-04 2.114175383502607722e-09
4.255690191011882867e-04 2.217343890078926551e-09
4.304968760923003155e-04 2.207163298080459843e-09
4.354817949780401981e-04 2.116320519737761648e-09
4.405244365040072822e-04 2.064355371734848325e-09
4.456254690668729119e-04 2.069713247496110309e-09
4.507855688029783927e-04 2.172443426021404536e-09
4.560054196779547643e-04 2.223417490071821142e-09
4.612857135773813463e-04 2.202462832347903629e-09
4.666271503984952018e-04 2.103949719741557708e-09
4.720304381429617636e-04 2.076741650517291577e-09
4.774962930107178993e-04 2.146678984613071588e-09
4.830254394949064418e-04 2.223524957967334297e-09
4.886186104779055486e-04 2.231060876262211251e-09
4.942765473284694211e-04 2.131073041120137029e-09
4.999999999999999020e-04 2.067389828058514148e-09
5.057897271299491120e-04 2.155143597661619939e-09
5.116464961403766531e-04 2.238593886957776097e-09
5.175710833396719507e-04 2.239799991579694337e-09
5.235642740254497010e-04 2.170556675854809038e-09
5.296268625886442309e-04 2.112479331168438774e-09
5.357596526188034176e-04 2.189367420075549242e-09
5.419634570106019031e-04 2.261737838004412278e-09
5.482390980715924666e-04 2.230246165897414868e-09
5.545874076312004358e-04 2.131880218589314222e-09
5.610092271509814097e-04 2.168685619752155816e-09
5.675054078361570394e-04 2.242105632566887436e-09
5.740768107484413340e-04 2.250115924632249174e-09
5.807243069201711546e-04 2.176368812106892998e-09
5.874487774697651800e-04 2.134233810655021782e-09
5.942511137185093944e-04 2.209268799091085043e-09
6.011322173087063929e-04 2.264648424045736679e-09
6.080930003231838424e-04 2.206555307002377565e-09
6.151343854061905054e-04 2.146111361568821656e-09
6.222573058856920762e-04 2.188327959347184968e-09
6.294627058970836365e-04 2.287303745915777225e-09
6.367515405083307633e-04 2.221622975325359648e-09
6.441247758465673719e-04 2.154502276881682303e-09
6.515833892261498582e-04 2.221618590301864418e-09
6.591283692782036463e-04 2.279618394529716407e-09
6.667607160816619227e-04 2.227657497239714185e-09
6.744814412958265908e-04 2.166941033080226837e-09
6.822915682944617451e-04 2.251276425823775320e-09
6.901921323014424334e-04 2.277325141730773994e-09
6.981841805279687899e-04 2.212196625312068394e-09
7.062687723113776324e-04 2.194265899166276853e-09
7.144469792555517389e-04 2.299212427110797742e-09
7.227198853729638849e-04 2.253000001550772544e-09
7.310885872283591101e-04 2.174156010959442736e-09
7.395541940841035122e-04 2.249878395441579694e-09
7.481178280472162642e-04 2.310936312784203694e-09
7.567806242181033963e-04 2.186225068817080405e-09
7.655437308410150245e-04 2.236004775528779347e-09
7.744083094562405562e-04 2.304088494519453629e-09
7.833755350540749394e-04 2.210642113637512909e-09
7.924465962305569326e-04 2.190171495767582495e-09
8.016226953450208102e-04 2.304410120843958342e-09
8.109050486794647586e-04 2.238750445254701903e-09
8.202948865997693531e-04 2.196706013123772482e-09
8.297934537187796715e-04 2.293538786011827785e-09
8.394020090612802068e-04 2.237897308008924263e-09
8.491218262308721215e-04 2.214524600135853805e-09
8.589541935787945847e-04 2.294491354055542901e-09
8.689004143746880239e-04 2.225858274920685241e-09
8.789618069793463453e-04 2.213608383940583790e-09
8.891397050194612675e-04 2.301689596931210816e-09
8.994354575643935708e-04 2.233870503889220035e-09
9.098504293049911040e-04 2.233005735722999334e-09
9.203860007344780506e-04 2.306956307842291892e-09
9.310435683314336689e-04 2.202788152019998455e-09
9.418245447449008403e-04 2.268068358215845183e-09
9.527303589816240974e-04 2.277609043850302641e-09
9.637624565954682008e-04 2.228237258150903032e-09
9.749222998790226836e-04 2.303878514736271879e-09
9.862113680574266256e-04 2.236565664233572376e-09
9.976311574844392432e-04 2.265562967188995410e-09
1.009183181840779715e-03 2.286487168105173688e-09
1.020868972334764650e-03 2.226344083798454281e-09
1.032690077905264224e-03 2.306003144982209359e-09
1.044648065427020156e-03 2.244584674122672348e-09
1.056744519918323541e-03 2.282870654005937476e-09
1.068981044751116105e-03 2.275118779889478994e-09
1.081359261863509879e-03 2.248110967221768726e-09
1.093880811974775810e-03 2.303089086182998674e-09
1.106547354802818028e-03 2.231911169361395515e-09
1.119360569284169734e-03 2.297436416144676245e-09
1.132322153796529608e-03 2.241553539976599919e-09
1.145433826383887056e-03 2.291702674997415351e-09
1.158697324984239588e-03 2.249292528379542938e-09
1.172114407659961052e-03 2.282200774350971010e-09
1.185686852830827474e-03 2.264777508308612912e-09
1.199416459509744732e-03 2.281483094250882178e-09
1.213305047541206891e-03 2.279612732488533283e-09
1.227354457842515581e-03 2.277329095325003227e-09
1.241566552647784894e-03 2.285934007601512535e-09
1.255943215754790803e-03 2.265032078049982241e-09
1.270486352774652947e-03 2.284355998203975539e-09
1.285197891384432054e-03 2.264966864433645854e-09
1.300079781582635843e-03 2.279779524516356609e-09
1.315133995947690435e-03 2.272640459413888463e-09
1.330362529899403951e-03 2.274491771488364167e-09
1.345767401963456761e-03 2.292392517013867481e-09
1.361350654038956127e-03 2.262741610173826548e-09
1.377114351669082772e-03 2.304255918052243689e-09
1.393060584314885974e-03 2.248662697571736039e-09
1.409191465632227396e-03 2.304487717583306587e-09
1.425509133751954758e-03 2.246881442892286026e-09
1.442015751563302745e-03 2.299664248616960228e-09
1.458713507000582730e-03 2.273821413977331078e-09
1.475604613333191895e-03 2.265859784529519979e-09
1.492691309458979909e-03 2.308079075604741272e-09
1.509975860201007635e-03 2.242541526793806984e-09
1.527460556607757513e-03 2.298684740069722008e-09
1.545147716256796032e-03 2.277915670416014228e-09
1.563039683561977646e-03 2.264298172044788038e-09
1.581138830084189480e-03 2.301025912493588941e-09
1.599447554845698184e-03 2.256828789252266093e-09
1.617968284648140572e-03 2.282163873836312699e-09
1.636703474394191234e-03 2.297861627249984066e-09
1.655655607412955237e-03 2.252069048673171864e-09
1.674827195789139285e-03 2.281429362579621152e-09
1.694220780696013449e-03 2.302173757407741197e-09
1.713838932732251975e-03 2.262952250646450563e-09
1.733684252262658121e-03 2.281076696759775889e-09
1.753759369762839405e-03 2.299774031602977358e-09
1.774066946167876177e-03 2.264318088367355021e-09
1.794609673225024517e-03 2.262080060774647166e-09
1.815390273850506567e-03 2.298303955987463145e-09
1.836411502490422785e-03 2.293198711320400023e-09
1.857676145485863536e-03 2.259513088671033119e-09
1.879187021442221741e-03 2.270782617689851617e-09
1.900946981602806129e-03 2.300133759412347108e-09
1.922958910226767442e-03 2.287207785453818955e-09
1.945225724971402217e-03 2.263562284314075503e-09
1.967750377278885965e-03 2.261649261154366479e-09
1.990535852767486274e-03 2.288963274889503283e-09
2.013585171627295303e-03 2.297906476043341199e-09
2.036901389020564709e-03 2.271633281034239712e-09
2.060487595486651478e-03 2.260755322848899567e-09
2.084346917351677202e-03 2.259897241013204156e-09
2.108482517142910590e-03 2.278034498940588046e-09
2.132897594007962527e-03 2.290053792177821895e-09
2.157595384138824915e-03 2.291365688016916527e-09
2.182579161200830058e-03 2.282124134302924443e-09
2.207852236766562250e-03 2.272342460688589222e-09
2.233417960754816977e-03 2.264225778757162335e-09
2.259279721874612491e-03 2.253349289149509666e-09
2.285440948074375211e-03 2.263540106305712222e-09
2.311905106996301092e-03 2.270672741083484782e-09
2.338675706435990129e-03 2.281762534202757958e-09
2.365756294807401256e-03 2.276191920557585542e-09
2.393150461613189652e-03 2.284844708696434320e-09
2.420861837920496723e-03 2.291284337751651823e-09
2.448894096842230052e-03 2.291226374678506576e-09
2.477250954023952137e-03 2.285906289987030051e-09
2.505936168136361879e-03 2.290003745937031218e-09
2.534953541373522346e-03 2.286728904443584558e-09
2.564306919956823531e-03 2.286322788014071947e-09
2.594000194644804132e-03 2.288086053248361103e-09
2.624037301248860997e-03 2.278404931026259981e-09
2.654422221154941613e-03 2.276777279250158243e-09
2.685158981851263043e-03 2.268161326784326355e-09
2.716251657462167429e-03 2.269586939275196051e-09
2.747704369288123637e-03 2.256434779236540446e-09
2.779521286352018127e-03 2.247882232814601256e-09
2.811706625951745052e-03 2.260856542036319608e-09
2.844264654219206146e-03 2.266302495104977461e-09
2.877199686685782444e-03 2.278295371216050764e-09
2.910516088854357610e-03 2.279783304179808959e-09
2.944218276777944496e-03 2.267552480252956357e-09
2.978310717645054565e-03 2.252771270037349623e-09
3.012797930371789810e-03 2.253908080047985837e-09
3.047684486200846234e-03 2.270377847033609047e-09
3.082975009307411130e-03 2.276361102124061389e-09
3.118674177412095096e-03 2.262461841581187990e-09
3.154786722400964270e-03 2.247077003220574708e-09
3.191317430952740879e-03 2.268736470428407548e-09
3.228271145173277918e-03 2.272433025919792077e-09
3.265652763237360864e-03 2.253266219217417792e-09
3.303467240037981714e-03 2.256060680347786737e-09
3.341719587843073637e-03 2.272371881899832636e-09
3.380414876959908759e-03 2.251049867547818563e-09
3.419558236407145655e-03 2.255374283349288089e-09
3.459154854594680920e-03 2.269183673593049477e-09
3.499209980011365115e-03 2.242111652357390231e-09
3.539728921920689761e-03 2.263989978300445007e-09
3.580717051064509580e-03 2.257245044766825218e-09
3.622179800374952623e-03 2.255899074707509091e-09
3.664122665694521334e-03 2.260698714681195517e-09
3.706551206504587938e-03 2.250967671893698382e-09
3.749471046662278956e-03 2.261942222632605813e-09
3.792887875145917534e-03 2.248641670494249512e-09
3.836807446809092567e-03 2.259770247627848271e-09
3.881235583143459109e-03 2.246039102946309760e-09
3.926178173050358551e-03 2.253239226960507933e-09
3.971641173621410364e-03 2.259209893945996688e-09
4.017630610928087966e-03 2.244044391232030878e-09
4.064152580820497296e-03 2.263219776702085719e-09
4.111213249735355506e-03 2.243224463433792623e-09
4.158818855513353625e-03 2.245703549051668141e-09
4.206975708225972610e-03 2.259298116163810266e-09
4.255690191011878530e-03 2.245347681595807085e-09
4.304968760923003589e-03 2.240091279062000946e-09
4.354817949780402306e-03 2.256438108686442330e-09
4.405244365040072822e-03 2.251878553119278068e-09
4.456254690668728577e-03 2.240171443313301653e-09
4.507855688029784036e-03 2.238452640401260386e-09
4.560054196779546667e-03 2.247566295617890747e-09
4.612857135773812921e-03 2.251745145451068607e-09
4.666271503984951476e-03 2.252324446577482836e-09
4.720304381429616877e-03 2.247039879969433206e-09
4.774962930107179426e-03 2.240016317693805594e-09
4.830254394949070815e-03 2.235901511737165322e-09
4.886186104779055919e-03 2.233164110783081626e-09
4.942765473284693560e-03 2.232996290532465113e-09
4.999999999999999237e-03 2.232758308976109396e-09
5.057897271299490252e-03 2.230685254237961033e-09
5.116464961403772820e-03 2.229855212904693064e-09
5.175710833396719723e-03 2.231683858144209667e-09
5.235642740254497010e-03 2.233301296227805908e-09
5.296268625886442309e-03 2.237830725961348211e-09
5.357596526188034176e-03 2.241978496696817679e-09
5.419634570106018380e-03 2.241517258140653622e-09
5.482390980715924449e-03 2.237123465765580320e-09
5.545874076312003707e-03 2.228061061002381627e-09
5.610092271509814314e-03 2.229467422998374458e-09
5.675054078361576465e-03 2.238425994192501466e-09
5.740768107484413990e-03 2.234753401463109426e-09
5.807243069201712196e-03 2.224164713188849082e-09
5.874487774697645728e-03 2.233009759328412982e-09
5.942511137185094161e-03 2.233538381726570725e-09
6.011322173087065013e-03 2.222809503284222545e-09
6.080930003231838424e-03 2.235795713391394800e-09
6.151343854061904620e-03 2.222212925123138679e-09
6.222573058856926617e-03 2.230225324021390968e-09
6.294627058970836582e-03 2.222489694648720620e-09
6.367515405083306115e-03 2.229074396613846613e-09
6.441247758465666780e-03 2.216546368079200925e-09
6.515833892261498582e-03 2.229853763527938451e-09
6.591283692782035596e-03 2.218731784776488188e-09
6.667607160816617709e-03 2.220571717375916047e-09
6.744814412958264824e-03 2.228475106800731406e-09
6.822915682944625040e-03 2.218615322977804476e-09
6.901921323014425201e-03 2.215285695998946384e-09
6.981841805279687466e-03 2.220935692925056246e-09
7.062687723113769168e-03 2.223833362359005616e-09
7.144469792555517389e-03 2.221563725608512395e-09
7.227198853729638849e-03 2.216860622655326286e-09
7.310885872283590450e-03 2.211201780807310952e-09
7.395541940841034688e-03 2.210742382501189044e-09
7.481178280472170448e-03 2.210096438277472383e-09
7.567806242181043287e-03 2.209034818850582223e-09
7.655437308410150028e-03 2.208735521989211241e-09
7.744083094562406212e-03 2.208414443953540919e-09
7.833755350540741805e-03 2.211588916257449813e-09
7.924465962305568892e-03 2.214244068638208144e-09
8.016226953450207235e-03 2.214240750305652571e-09
8.109050486794647586e-03 2.208613803161234760e-09
8.202948865997691796e-03 2.204326343068288145e-09
8.297934537187804521e-03 2.211582034449192833e-09
8.394020090612802285e-03 2.209640001194778676e-09
8.491218262308719913e-03 2.201916578562581622e-09
8.589541935787937607e-03 2.209302485181197654e-09
8.689004143746880890e-03 2.202173578049212688e-09
8.789618069793463453e-03 2.208837270998857847e-09
8.891397050194612892e-03 2.199514075441215702e-09
8.994354575643934840e-03 2.207283005256814246e-09
9.098504293049919714e-03 2.197584260594218147e-09
9.203860007344778771e-03 2.201896791605643582e-09
9.310435683314336255e-03 2.203848253823790711e-09
9.418245447448998428e-03 2.195729946938221372e-09
9.527303589816240106e-03 2.194700203526248557e-09
9.637624565954681574e-03 2.197432108036106984e-09
9.749222998790224234e-03 2.190909711975892933e-09
9.862113680574265823e-03 2.200406904156157509e-09
9.976311574844402841e-03 2.199246978370755307e-09
1.009183181840780756e-02 2.198394548750846120e-09
1.020868972334764563e-02 2.197121417543999924e-09
1.032690077905264354e-02 2.193620516550812728e-09
1.044648065427019115e-02 2.189246875248338955e-09
1.056744519918323584e-02 2.187720957038827933e-09
1.068981044751115932e-02 2.188838186600931295e-09
1.081359261863509835e-02 2.192626213325349171e-09
1.093880811974775637e-02 2.185882798043417964e-09
1.106547354802819329e-02 2.188615103430825399e-09
1.119360569284169951e-02 2.187864913464970752e-09
1.132322153796529694e-02 2.185743592928152790e-09
1.145433826383886189e-02 2.186275923606964534e-09
1.158697324984239718e-02 2.186637841164935107e-09
1.172114407659961138e-02 2.180911285329683489e-09
1.185686852830827691e-02 2.187807803067343535e-09
1.199416459509744862e-02 2.185435071804540015e-09
1.213305047541208236e-02 2.182369803756627642e-09
1.227354457842515234e-02 2.178703073276487387e-09
1.241566552647785024e-02 2.177675103640491318e-09
1.255943215754789372e-02 2.178438942058831048e-09
1.270486352774653077e-02 2.176187581393076462e-09
1.285197891384432141e-02 2.176588099407682063e-09
1.300079781582635756e-02 2.179571416849075765e-09
1.315133995947690565e-02 2.177830355174663059e-09
1.330362529899405295e-02 2.173030078883153803e-09
1.345767401963458149e-02 2.174396328810816455e-09
1.361350654038956040e-02 2.175240270547891547e-09
1.377114351669082859e-02 2.169113858883584932e-09
1.393060584314884456e-02 2.173408395711753172e-09
1.409191465632227309e-02 2.174582727319372036e-09
1.425509133751954628e-02 2.167728580520880390e-09
1.442015751563302701e-02 2.171809407912525174e-09
1.458713507000582686e-02 2.170233565975863763e-09
1.475604613333193239e-02 2.168318705007856701e-09
1.492691309458979952e-02 2.168180529848409574e-09
1.509975860201007852e-02 2.160820853856515213e-09
1.527460556607755995e-02 2.164666627489266765e-09
1.545147716256795901e-02 2.164849543568563500e-09
1.563039683561977602e-02 2.165912124616962307e-09
1.581138830084189567e-02 2.155013140150592691e-09
1.599447554845698227e-02 2.160927294708847260e-09
1.617968284648142047e-02 2.162859510402696962e-09
1.636703474394191060e-02 2.158070463459375775e-09
1.655655607412955324e-02 2.160965137033026491e-09
1.674827195789137593e-02 2.158655740753656369e-09
1.694220780696013146e-02 2.155279479998941401e-09
1.713838932732252018e-02 2.153590509163122971e-09
1.733684252262658251e-02 2.156337510069539722e-09
1.753759369762839665e-02 2.156497514690504110e-09
1.774066946167878259e-02 2.152908234773229943e-09
1.794609673225026208e-02 2.151528755255873278e-09
1.815390273850506567e-02 2.150090642877016396e-09
1.836411502490422828e-02 2.156414059875369000e-09
1.857676145485861671e-02 2.150892890146179001e-09
1.879187021442221134e-02 2.148965558954046602e-09
1.900946981602805869e-02 2.147912175419043236e-09
1.922958910226766835e-02 2.148445583948407395e-09
1.945225724971402087e-02 2.142890902886083313e-09
1.967750377278887700e-02 2.146235972686766859e-09
1.990535852767486361e-02 2.141909694384220784e-09
2.013585171627295042e-02 2.144169501282921040e-09
2.036901389020562628e-02 2.142614008752534485e-09
2.060487595486651738e-02 2.141076316988727933e-09
2.084346917351677028e-02 2.141576871182701058e-09
2.108482517142910850e-02 2.142154050781165113e-09
2.132897594007962527e-02 2.138781726862684246e-09
2.157595384138826650e-02 2.139505127398070096e-09
2.182579161200829884e-02 2.139484310393898556e-09
2.207852236766562337e-02 2.135863889809261523e-09
2.233417960754814982e-02 2.134777792445288396e-09
2.259279721874612665e-02 2.133802486995641904e-09
2.285440948074375644e-02 2.132799886538389388e-09
2.311905106996301265e-02 2.133533216139806623e-09
2.338675706435990737e-02 2.134503769301115580e-09
2.365756294807403598e-02 2.129354423319923030e-09
2.393150461613191907e-02 2.132267829697936151e-09
2.420861837920496376e-02 2.129018690611915039e-09
2.448894096842230139e-02 2.130087890988462575e-09
2.477250954023949708e-02 2.130105044246283315e-09
2.505936168136362052e-02 2.130186553115748037e-09
2.534953541373521912e-02 2.128564002930048650e-09
2.564306919956823791e-02 2.126776316800084181e-09
2.594000194644804219e-02 2.123576391512899349e-09
2.624037301248863946e-02 2.125359087492737466e-09
2.654422221154941960e-02 2.122888720860560641e-09
2.685158981851263477e-02 2.125037998465848093e-09
2.716251657462164654e-02 2.124180550747405835e-09
2.747704369288123810e-02 2.120978920770195310e-09
2.779521286352018214e-02 2.120240480767100188e-09
2.811706625951744878e-02 2.119970490573069882e-09
2.844264654219206059e-02 2.117827080487598710e-09
2.877199686685785740e-02 2.117787076157541125e-09
2.910516088854357350e-02 2.113764222644578857e-09
2.944218276777944496e-02 2.117142558919495966e-09
2.978310717645051356e-02 2.114456182576310368e-09
3.012797930371790070e-02 2.113668277475252029e-09
3.047684486200846407e-02 2.110351811441600295e-09
3.082975009307410696e-02 2.113222893026762345e-09
3.118674177412095530e-02 2.108703027946274757e-09
3.154786722400967913e-02 2.112944668877911575e-09
3.191317430952744089e-02 2.108138704174060615e-09
3.228271145173277484e-02 2.108029534981979772e-09
3.265652763237360950e-02 2.107046572541746835e-09
3.303467240037977898e-02 2.106188515232650177e-09
3.341719587843073463e-02 2.106850983730202654e-09
3.380414876959908499e-02 2.105630983724242692e-09
3.419558236407146262e-02 2.104474821477284436e-09
3.459154854594680834e-02 2.102360877141965209e-09
3.499209980011368931e-02 2.102070185132153950e-09
3.539728921920690108e-02 2.101484218662270533e-09
3.580717051064509493e-02 2.100792022206938185e-09
3.622179800374948633e-02 2.100405553778095352e-09
3.664122665694521247e-02 2.097787093778921393e-09
3.706551206504587331e-02 2.097780390920921732e-09
3.749471046662278262e-02 2.097422033692386734e-09
3.792887875145917187e-02 2.099347107392481805e-09
3.836807446809096384e-02 2.094576392698444172e-09
3.881235583143458762e-02 2.095974232596992858e-09
3.926178173050358378e-02 2.086211959377295974e-09
3.971641173621406201e-02 2.092560629723632519e-09
4.017630610928087792e-02 2.095764912032297113e-09
4.064152580820496602e-02 2.091925619804355409e-09
4.111213249735355679e-02 2.089011644980316196e-09
4.158818855513353452e-02 2.089836427599903929e-09
4.206975708225977467e-02 2.089578845406143467e-09
4.255690191011882867e-02 2.084040260168587362e-09
4.304968760923003068e-02 2.087532130827486984e-09
4.354817949780401959e-02 2.085577217306732777e-09
4.405244365040068139e-02 2.084010009460696403e-09
4.456254690668728924e-02 2.083387269483793200e-09
4.507855688029784730e-02 2.082571332675112964e-09
4.560054196779547708e-02 2.080586040877205485e-09
4.612857135773813788e-02 2.079931901466571020e-09
4.666271503984956853e-02 2.081039563258034669e-09
4.720304381429616530e-02 2.081932243046669271e-09
4.774962930107178732e-02 2.080853494692905747e-09
4.830254394949064223e-02 2.087623713665333307e-09
4.886186104779054878e-02 2.076397590283634651e-09
4.942765473284694427e-02 2.075585198554435276e-09
4.999999999999998890e-02 2.077572043880262358e-09
5.057897271299491293e-02 2.075191193544322383e-09
5.116464961403772299e-02 2.072811543779816528e-09
5.175710833396719723e-02 2.071974898763541734e-09
5.235642740254497357e-02 2.070868489605428230e-09
5.296268625886442483e-02 2.068789177843894088e-09
5.357596526188034003e-02 2.070440938468474048e-09
5.419634570106018207e-02 2.068358530495430674e-09
5.482390980715925316e-02 2.068060756524283914e-09
5.545874076312003881e-02 2.067685127344540895e-09
5.610092271509820039e-02 2.058145144573191094e-09
5.675054078361576465e-02 2.065643514179566242e-09
5.740768107484413296e-02 2.063557419049433757e-09
5.807243069201711849e-02 2.061964375528330111e-09
5.874487774697650933e-02 2.061807448679090945e-09
5.942511137185093467e-02 2.054836829230051654e-09
6.011322173087065013e-02 2.059745245159910411e-09
6.080930003231838771e-02 2.059333675412481982e-09
6.151343854061905314e-02 2.041735900161278670e-09
6.222573058856927658e-02 2.056979342798805742e-09
6.294627058970836408e-02 2.056465033390477695e-09
6.367515405083307156e-02 2.056410451404412136e-09
6.441247758465666606e-02 2.054305443402359778e-09
6.515833892261499449e-02 2.053127441808199958e-09
6.591283692782035075e-02 2.053138791373559869e-09
6.667607160816618750e-02 2.052199549665658009e-09
6.744814412958265171e-02 2.052725794402382467e-09
6.822915682944626081e-02 2.050902840947112554e-09
6.901921323014426068e-02 2.049259546246490825e-09
6.981841805279687119e-02 2.050953216216145118e-09
7.062687723113769689e-02 2.045666354181320762e-09
7.144469792555516174e-02 2.047424680881834205e-09
7.227198853729638328e-02 2.048460747917009092e-09
7.310885872283590103e-02 2.047026665508054378e-09
7.395541940841034168e-02 2.043603719528388642e-09
7.481178280472169928e-02 2.043633648635646467e-09
7.567806242181042420e-02 2.043245023458992315e-09
7.655437308410149855e-02 2.040375524416188497e-09
7.744083094562403957e-02 2.041619984048294856e-09
7.833755350540748397e-02 2.040048994516933524e-09
7.924465962305569933e-02 2.039557147247825198e-09
8.016226953450206194e-02 2.036289610196183177e-09
8.109050486794647239e-02 2.037495680836308792e-09
8.202948865997691796e-02 2.034763974265189548e-09
8.297934537187805215e-02 2.036867520837450819e-09
8.394020090612801244e-02 2.034928933251884092e-09
8.491218262308719567e-02 2.034683476976118891e-09
8.589541935787936566e-02 2.034013555705189573e-09
8.689004143746879849e-02 2.032014224021297683e-09
8.789618069793463107e-02 2.030527885752586711e-09
8.891397050194613239e-02 2.029983792723587482e-09
8.994354575643938310e-02 2.027945711267309282e-09
9.098504293049920755e-02 2.020890915320100782e-09
9.203860007344781546e-02 2.025486272809173119e-09
9.310435683314335908e-02 2.025128123477276957e-09
9.418245447449000163e-02 2.024438188353186067e-09
9.527303589816239759e-02 2.025394202887040940e-09
9.637624565954681921e-02 2.022175942921158812e-09
9.749222998790225969e-02 2.022166919144621408e-09
9.862113680574265129e-02 2.021966341046171334e-09
9.976311574844402841e-02 2.021542743615837898e-09
1.009183181840780652e-01 2.020482017127104062e-09
1.020868972334764563e-01 2.019556167938941471e-09
1.032690077905264459e-01 2.018218728564856127e-09
1.044648065427020295e-01 2.015070937426496152e-09
1.056744519918323688e-01 2.017049022664812756e-09
1.068981044751115966e-01 2.015507210112550725e-09
1.081359261863509835e-01 2.014808030982526483e-09
1.093880811974775741e-01 2.014192691062621691e-09
1.106547354802819155e-01 1.998504046247989933e-09
1.119360569284169743e-01 2.012096046386950867e-09
1.132322153796529590e-01 2.011788440917229787e-09
1.145433826383886050e-01 2.018447613400108224e-09
1.158697324984239718e-01 2.009442581427798478e-09
1.172114407659961138e-01 2.007684295667808596e-09
1.185686852830827309e-01 2.007994718450226815e-09
1.199416459509744792e-01 2.006823670572910168e-09
1.213305047541208270e-01 2.001644453557886517e-09
1.227354457842515373e-01 2.004693070197271676e-09
1.241566552647785093e-01 2.016605575913860831e-09
1.255943215754789510e-01 2.002407418904152779e-09
1.270486352774652938e-01 2.002806225419663953e-09
1.285197891384432245e-01 2.001961575041632897e-09
1.300079781582635929e-01 2.001611363641797412e-09
1.315133995947690426e-01 1.998400023941277527e-09
1.330362529899405399e-01 1.998091983714721518e-09
1.345767401963458010e-01 1.998132858581656490e-09
1.361350654038956109e-01 1.998068482081562539e-09
1.377114351669082859e-01 1.994084473173067376e-09
1.393060584314886052e-01 1.995452728618566741e-09
1.409191465632227414e-01 1.996093123280669987e-09
1.425509133751954594e-01 1.993233843523008443e-09
1.442015751563302528e-01 1.992454507281406925e-09
1.458713507000582721e-01 1.990000395880506212e-09
1.475604613333193205e-01 1.992794846522743219e-09
1.492691309458979987e-01 1.989143846679037351e-09
1.509975860201007714e-01 1.988687122940146566e-09
1.527460556607755926e-01 1.988421547885120158e-09
1.545147716256795867e-01 1.984142573402094813e-09
1.563039683561977533e-01 1.986574927327582034e-09
1.581138830084189151e-01 1.985169082929628592e-09
1.599447554845698227e-01 1.984481886481374368e-09
1.617968284648141908e-01 1.983158660183012709e-09
1.636703474394191060e-01 1.982365843243513040e-09
1.655655607412955532e-01 1.979941130579432531e-09
1.674827195789137524e-01 1.980326998155800204e-09
1.694220780696013284e-01 1.978556675240442394e-09
1.713838932732252018e-01 1.979322071607324079e-09
1.733684252262658043e-01 1.978536128647081589e-09
1.753759369762838971e-01 1.974895358159240535e-09
1.774066946167878189e-01 1.976509770331183514e-09
1.794609673225026625e-01 1.974675106240313136e-09
1.815390273850506497e-01 1.976728478595729294e-09
1.836411502490422898e-01 1.973889230422897926e-09
1.857676145485863406e-01 1.971772355397650072e-09
1.879187021442221273e-01 1.971785917199262289e-09
1.900946981602806285e-01 1.972229695289947803e-09
1.922958910226767182e-01 1.972661024150693553e-09
1.945225724971401948e-01 1.969143224876259860e-09
1.967750377278887908e-01 1.974356180580029526e-09
1.990535852767486291e-01 1.966559069280056812e-09
2.013585171627295112e-01 1.971257734448681657e-09
2.036901389020562836e-01 1.967302028033446094e-09
2.060487595486651669e-01 1.963214956855355499e-09
2.084346917351677375e-01 1.998902795577392681e-09
2.108482517142910573e-01 1.963017322713846169e-09
2.132897594007962527e-01 1.963842802639370976e-09
2.157595384138826788e-01 2.017614270780884783e-09
2.182579161200829954e-01 1.962789903852404249e-09
2.207852236766562615e-01 1.959664563921766143e-09
2.233417960754814635e-01 1.959458505372615949e-09
2.259279721874612734e-01 1.962765139830848283e-09
2.285440948074375644e-01 1.957263347829015838e-09
2.311905106996301196e-01 1.956201141216685940e-09
2.338675706435990320e-01 1.957898291194873628e-09
2.365756294807403459e-01 1.953778249812811622e-09
2.393150461613192115e-01 1.953189982066489766e-09
2.420861837920497139e-01 1.952287696556284339e-09
2.448894096842230417e-01 1.951825631405241353e-09
2.477250954023952345e-01 1.951639035125454799e-09
2.505936168136362330e-01 1.949688602076002153e-09
2.534953541373521912e-01 1.949159644517340825e-09
2.564306919956823583e-01 1.948321730742375370e-09
2.594000194644804358e-01 1.945937562754310736e-09
2.624037301248863807e-01 1.946621885189309037e-09
2.654422221154941752e-01 1.948052193033499757e-09
2.685158981851262783e-01 1.945561669791555289e-09
2.716251657462164792e-01 1.942399822539444747e-09
2.747704369288123671e-01 1.940914315997264623e-09
2.779521286352018006e-01 1.876370374294052963e-09
2.811706625951744809e-01 1.940046940810139609e-09
2.844264654219206268e-01 1.938879017118727274e-09
2.877199686685785740e-01 1.939263725181893429e-09
2.910516088854357419e-01 1.941545794866024621e-09
2.944218276777944010e-01 1.937088790921698989e-09
2.978310717645051287e-01 1.935765322918394596e-09
3.012797930371790001e-01 1.824231694696888576e-09
3.047684486200846199e-01 1.936922081515914071e-09
3.082975009307410419e-01 1.934571431636018734e-09
3.118674177412095183e-01 1.922386025574790428e-09
3.154786722400967358e-01 1.932971368208745654e-09
3.191317430952744227e-01 1.933475466535969127e-09
3.228271145173277623e-01 1.930995692589918299e-09
3.265652763237361089e-01 1.930178867360278254e-09
3.303467240037981090e-01 1.927455439422092162e-09
3.341719587843073880e-01 1.925538262096649792e-09
3.380414876959909054e-01 1.930054234430600211e-09
3.419558236407145846e-01 1.926304156262553746e-09
3.459154854594680417e-01 1.925294253751611687e-09
3.499209980011367960e-01 1.917668128013194266e-09
3.539728921920690108e-01 1.921394548731100725e-09
3.580717051064509771e-01 1.923470784101396745e-09
3.622179800374948910e-01 1.939611532958264302e-09
3.664122665694521941e-01 1.920949089299406093e-09
3.706551206504588025e-01 1.914281679968642998e-09
3.749471046662278817e-01 1.919620765496602876e-09
3.792887875145917742e-01 1.917339670761404758e-09
3.836807446809096245e-01 1.914750326920541670e-09
3.881235583143459178e-01 1.912153388363197611e-09
3.926178173050358100e-01 1.905693914302889433e-09
3.971641173621405785e-01 1.917253976861445268e-09
4.017630610928087931e-01 1.914353612040941463e-09
4.064152580820497018e-01 1.912757775227140109e-09
4.111213249735355402e-01 1.910522516585241052e-09
4.158818855513353729e-01 1.911803472907590213e-09
4.206975708225977328e-01 1.912648126403407685e-09
4.255690191011883283e-01 1.908854379239940286e-09
4.304968760923003068e-01 1.908276550817066352e-09
4.354817949780401820e-01 1.909588952473138816e-09
4.405244365040072441e-01 1.894646957382581308e-09
4.456254690668728924e-01 1.905769737584421480e-09
4.507855688029784313e-01 1.905990654432547145e-09
4.560054196779547708e-01 1.905037434129069101e-09
4.612857135773818507e-01 1.903433908087724023e-09
4.666271503984956159e-01 1.902003073405893088e-09
4.720304381429616947e-01 1.901847046994310508e-09
4.774962930107178871e-01 1.900738920911367272e-09
4.830254394949065055e-01 1.898812852222176110e-09
4.886186104779055572e-01 1.896209221690982423e-09
4.942765473284695399e-01 1.896864140282080830e-09
5.000000000000000000e-01 1.899030598234667524e-09
5.235642740254496941e-01 1.892395214510202459e-09
5.482390980715925455e-01 1.890012005003466206e-09
5.740768107484413019e-01 1.878804657681969272e-09
6.011322173087064735e-01 1.883450341226876776e-09
6.294627058970834188e-01 1.879492084538044208e-09
6.591283692782033965e-01 1.880253093765899289e-09
6.901921323014423848e-01 1.875088250993893742e-09
7.227198853729638328e-01 1.907124878718048464e-09
7.567806242181042142e-01 1.863312925056530714e-09
7.924465962305566880e-01 1.858615670523943318e-09
8.297934537187803272e-01 1.859339746342662524e-09
8.689004143746876796e-01 1.855914327529885776e-09
9.098504293049917147e-01 1.851060494274952255e-09
9.527303589816236151e-01 1.847292920497960369e-09
9.976311574844398677e-01 1.845573108266917512e-09
1.044648065427019601e+00 1.868512917723207670e-09
1.093880811974776268e+00 1.838762352689119391e-09
1.145433826383886355e+00 1.831390580337093387e-09
1.199416459509745181e+00 1.864991233583181068e-09
1.255943215754790288e+00 1.826748359717998266e-09
1.315133995947690870e+00 1.824344526614076003e-09
1.377114351669083137e+00 1.819668246654003390e-09
1.442015751563303194e+00 1.782884222571690597e-09
1.509975860201008269e+00 1.808933637160884486e-09
1.581138830084189539e+00 1.739008726398674303e-09
1.655655607412955588e+00 1.809252644699020023e-09
1.733684252262658321e+00 1.804507610632371213e-09
1.815390273850506775e+00 1.800541021049955720e-09
1.900946981602805730e+00 1.797611710559353723e-09
1.990535852767486125e+00 1.794037162921557157e-09
2.084346917351676876e+00 1.789113588061544529e-09
2.182579161200830065e+00 1.786331507060685326e-09
2.285440948074374923e+00 1.876206198797397372e-09
2.393150461613191560e+00 1.782270589607491871e-09
2.505936168136361886e+00 1.777218808039404584e-09
2.624037301248862697e+00 1.775223623981795379e-09
2.747704369288122450e+00 1.769375255782716761e-09
2.877199686685784741e+00 1.783604115074009247e-09
3.012797930371788890e+00 1.174604322562153141e-09
3.154786722400966248e+00 1.749645772029076759e-09
3.303467240037980091e+00 1.755111056444181659e-09
3.459154854594682416e+00 1.752472864483136082e-09
3.622179800374950354e+00 1.739781363671791690e-09
3.792887875145919185e+00 1.746991014080862396e-09
3.971641173621408338e+00 1.744226895084497333e-09
4.158818855513356283e+00 1.739815536835011018e-09
4.354817949780404263e+00 1.758834469461043516e-09
4.560054196779547375e+00 1.732571911533906330e-09
4.774962930107178316e+00 1.728807728604136407e-09
5.000000000000000000e+00 1.725833075622260030e-09
6.294627058970836408e+00 1.715739720761050320e-09
7.924465962305568212e+00 1.691907949539743442e-09
9.976311574844396901e+00 1.675138085261922519e-09
1.255943215754790110e+01 1.658681615765521083e-09
1.581138830084189451e+01 1.645482528027352588e-09
1.990535852767486347e+01 1.631506187135051542e-09
2.505936168136361886e+01 1.608037612934776082e-09
3.154786722400966426e+01 1.594950895350543545e-09
3.971641173621406296e+01 1.573414206528546707e-09
4.999999999999999289e+01 1.542315164498553574e-09
