3.706551206504588155e-05 7.044700542159646997e-14
3.792887875145917236e-05 1.028691719792328063e-12
3.881235583143463039e-05 3.300494854959537641e-12
3.971641173621409687e-05 6.965079565606752040e-12
4.064152580820496591e-05 1.209325498063969928e-11
4.158818855513353165e-05 1.874276917583969621e-11
4.255690191011878395e-05 2.692800850704056558e-11
4.354817949780398050e-05 3.667199181905477806e-11
4.456254690668729390e-05 4.796983396511286731e-11
4.560054196779547508e-05 6.076151798552874926e-11
4.666271503984952289e-05 7.490491539135180897e-11
4.774962930107183736e-05 9.041663373241682202e-11
4.886186104779054808e-05 1.070993511121324526e-10
4.999999999999998884e-05 1.247148129601609472e-10
5.057897271299490442e-05 1.338435938080493723e-10
5.116464961403767209e-05 1.431438262666790306e-10
5.175710833396714221e-05 1.525382875535393113e-10
5.235642740254490640e-05 1.620419597688037272e-10
5.296268625886447866e-05 1.715797564014578463e-10
5.357596526188034854e-05 1.811488991305807804e-10
5.419634570106018624e-05 1.907654593804634028e-10
5.482390980715924394e-05 2.002167717733519746e-10
5.545874076312003680e-05 2.095410751948134043e-10
5.610092271509813691e-05 2.188521172141126769e-10
5.675054078361570665e-05 2.278241622263661237e-10
5.740768107484407919e-05 2.366268639081380132e-10
5.807243069201718186e-05 2.450880470748743670e-10
5.874487774697651393e-05 2.532268379186428684e-10
5.942511137185093809e-05 2.610688337530965605e-10
6.011322173087065555e-05 2.684842686932016984e-10
6.080930003231838695e-05 2.753143132406958118e-10
6.151343854061905325e-05 2.817920181277191992e-10
6.222573058856921034e-05 2.877197046554683604e-10
6.294627058970830402e-05 2.929766203838464357e-10
6.367515405083314138e-05 2.977293467178638732e-10
6.441247758465673719e-05 3.018463962195500298e-10
6.515833892261499124e-05 3.052946702375321581e-10
6.591283692782035650e-05 3.081458376941809927e-10
6.667607160816619769e-05 3.103651688977400874e-10
6.744814412958265366e-05 3.118685706916920663e-10
6.822915682944618535e-05 3.126797895919829213e-10
6.901921323014417829e-05 3.128457088074279417e-10
6.981841805279679497e-05 3.124563080167606833e-10
7.062687723113775782e-05 3.114849676017012310e-10
7.144469792555517389e-05 3.099855690640456497e-10
7.227198853729638578e-05 3.079433770797292020e-10
7.310885872283590017e-05 3.054310660057519364e-10
7.395541940841035122e-05 3.026537051610235239e-10
7.481178280472162371e-05 2.995135042511168231e-10
7.567806242181034505e-05 2.962780082861652240e-10
7.655437308410142656e-05 2.927937992119586796e-10
7.744083094562412067e-05 2.893733524111751725e-10
7.833755350540748852e-05 2.860544951704502592e-10
7.924465962305569597e-05 2.829528427472803567e-10
8.016226953450208102e-05 2.801771897654441505e-10
8.109050486794647857e-05 2.780100099282618800e-10
8.202948865997692718e-05 2.763842493477754191e-10
8.297934537187796715e-05 2.755831153082772007e-10
8.394020090612792852e-05 2.757247655982249643e-10
8.491218262308728262e-05 2.768855494149215977e-10
8.589541935787945305e-05 2.792525513156296047e-10
8.689004143746881595e-05 2.828895539929770099e-10
8.789618069793462911e-05 2.880035194283622621e-10
8.891397050194613488e-05 2.946944033616549777e-10
8.994354575643935166e-05 3.030764381602293572e-10
9.098504293049911853e-05 3.132749107490606400e-10
9.203860007344769392e-05 3.252050190926984681e-10
9.310435683314326931e-05 3.391498896509000427e-10
9.418245447449009216e-05 3.549566932483855410e-10
9.527303589816239347e-05 3.727062846864566645e-10
9.637624565954680924e-05 3.924123293021180888e-10
9.749222998790226565e-05 4.139464336113732282e-10
9.862113680574265443e-05 4.373541805062673667e-10
9.976311574844392432e-05 4.622588054270610105e-10
1.009183181840780691e-04 4.888337265786167150e-10
1.020868972334764650e-04 5.166853885192477935e-10
1.032690077905264333e-04 5.458409449650889667e-10
1.044648065427018963e-04 5.758598485488069153e-10
1.056744519918323676e-04 6.063860313277881561e-10
1.068981044751116186e-04 6.373326203845190418e-10
1.081359261863509824e-04 6.683172133170910404e-10
1.093880811974775783e-04 6.988147252939307165e-10
1.106547354802819166e-04 7.289531274949289431e-10
1.119360569284169707e-04 7.578240283960088397e-10
1.132322153796529580e-04 7.851877608604733956e-10
1.145433826383886026e-04 8.106147873637570787e-10
1.158697324984239751e-04 8.341989454504239649e-10
1.172114407659961296e-04 8.551112627629148561e-10
1.185686852830827420e-04 8.731419177131780480e-10
1.199416459509744813e-04 8.879876939478506841e-10
1.213305047541207081e-04 8.996548501184075811e-10
1.227354457842515364e-04 9.075675164403255469e-10
1.241566552647784948e-04 9.118848873517898779e-10
1.255943215754789502e-04 9.126115926132694871e-10
1.270486352774653110e-04 9.098617991310577827e-10
1.285197891384432108e-04 9.035400942484266667e-10
1.300079781582635788e-04 8.937789114518989401e-10
1.315133995947690435e-04 8.810479071845315200e-10
1.330362529899403897e-04 8.659210798039626378e-10
1.345767401963458333e-04 8.489955774437416486e-10
1.361350654038956344e-04 8.300506165852363184e-10
1.377114351669082826e-04 8.106600051698024906e-10
1.393060584314884456e-04 7.910021059277872065e-10
1.409191465632227234e-04 7.721138960379733385e-10
1.425509133751954596e-04 7.547557999054570739e-10
1.442015751563302474e-04 7.392983007433427522e-10
1.458713507000582675e-04 7.274415541488508179e-10
1.475604613333193142e-04 7.192229646166942215e-10
1.492691309458979746e-04 7.155654713037662280e-10
1.509975860201007907e-04 7.170773572376811076e-10
1.527460556607755941e-04 7.244450079755837257e-10
1.545147716256795760e-04 7.375771773804907447e-10
1.563039683561977700e-04 7.572185786364064907e-10
1.581138830084189426e-04 7.829195582250167395e-10
1.599447554845698401e-04 8.146642550837152161e-10
1.617968284648140518e-04 8.523728509524975478e-10
1.636703474394191234e-04 8.948263190209161941e-10
1.655655607412955237e-04 9.414903289365088216e-10
1.674827195789137550e-04 9.914472608948292205e-10
1.694220780696013395e-04 1.043287047697679780e-09
1.713838932732251867e-04 1.095777270325737266e-09
1.733684252262658175e-04 1.147117371319672714e-09
1.753759369762839622e-04 1.196363424125295016e-09
1.774066946167876340e-04 1.241532933756027786e-09
1.794609673225026631e-04 1.281698425847755225e-09
1.815390273850506729e-04 1.314968769191119063e-09
1.836411502490422785e-04 1.339820731127714123e-09
1.857676145485863753e-04 1.356663007571791372e-09
1.879187021442221307e-04 1.364141088154457795e-09
1.900946981602806183e-04 1.362358452186963755e-09
1.922958910226767171e-04 1.351009140912328482e-09
1.945225724971401946e-04 1.331689411163128063e-09
1.967750377278885748e-04 1.304442151135746855e-09
1.990535852767486220e-04 1.271891457830692921e-09
2.013585171627295032e-04 1.235178143839829536e-09
2.036901389020562758e-04 1.196753160380297571e-09
2.060487595486651640e-04 1.159170267233584193e-09
2.084346917351676714e-04 1.124750026911622746e-09
2.108482517142910915e-04 1.096005259887003821e-09
2.132897594007962310e-04 1.075197990481966203e-09
2.157595384138824807e-04 1.064446191458659976e-09
2.182579161200830003e-04 1.065049968994300192e-09
2.207852236766562250e-04 1.078142919335775562e-09
2.233417960754814700e-04 1.104134301602186102e-09
2.259279721874612925e-04 1.141947201440080199e-09
2.285440948074375753e-04 1.190668037799004470e-09
2.311905106996301417e-04 1.248029093188007186e-09
2.338675706435990400e-04 1.311444593399481686e-09
2.365756294807401202e-04 1.376874206831802053e-09
2.393150461613192416e-04 1.442414264379269876e-09
2.420861837920496940e-04 1.502759221939058934e-09
2.448894096842230486e-04 1.554798508845311522e-09
2.477250954023952571e-04 1.594505354918323561e-09
2.505936168136362096e-04 1.620321072275627275e-09
2.534953541373521587e-04 1.630364162069300317e-09
2.564306919956823639e-04 1.624010849464452171e-09
2.594000194644803916e-04 1.602327095844410549e-09
2.624037301248860888e-04 1.567254952446177454e-09
2.654422221154941939e-04 1.521685971918379474e-09
2.685158981851263043e-04 1.470996941585617764e-09
2.716251657462165044e-04 1.419379438267362158e-09
2.747704369288123854e-04 1.372041455177394381e-09
2.779521286352018127e-04 1.335291687631750399e-09
2.811706625951744943e-04 1.312293698089511775e-09
2.844264654219205712e-04 1.307436969285797299e-09
2.877199686685782661e-04 1.321976165625242247e-09
2.910516088854357393e-04 1.356019363577738832e-09
2.944218276777944170e-04 1.407602960354303926e-09
2.978310717645051204e-04 1.472495891978621531e-09
3.012797930371790027e-04 1.545369565816321422e-09
3.047684486200845692e-04 1.619384675479136601e-09
3.082975009307410263e-04 1.687442297556883830e-09
3.118674177412095313e-04 1.742435042659966623e-09
3.154786722400964379e-04 1.779412301141115372e-09
3.191317430952743915e-04 1.793154642098929804e-09
3.228271145173277267e-04 1.784412882404859766e-09
3.265652763237360972e-04 1.753074370422255492e-09
3.303467240037982365e-04 1.704819208270057327e-09
3.341719587843073962e-04 1.645730513817761810e-09
3.380414876959908759e-04 1.584926645340428323e-09
3.419558236407145655e-04 1.531616025354865555e-09
3.459154854594681137e-04 1.494269052260422768e-09
3.499209980011365223e-04 1.479547934744416625e-09
3.539728921920690086e-04 1.492066371450363141e-09
3.580717051064509905e-04 1.530634869257396225e-09
3.622179800374948611e-04 1.591695770645167553e-09
3.664122665694521551e-04 1.667015940419628732e-09
3.706551206504588155e-04 1.746573971009596480e-09
3.749471046662278739e-04 1.818290995065549432e-09
3.792887875145917100e-04 1.871603256483249974e-09
3.836807446809091808e-04 1.898274844586002592e-09
3.881235583143459109e-04 1.894195675797229851e-09
3.926178173050358226e-04 1.861273892720130178e-09
3.971641173621406028e-04 1.805346615534845567e-09
4.017630610928087857e-04 1.738430821182377650e-09
4.064152580820496862e-04 1.674024034222479237e-09
4.111213249735355723e-04 1.626380680226894041e-09
4.158818855513353300e-04 1.606338280774211117e-09
4.206975708225972935e-04 1.619861462445780047e-09
4.255690191011882867e-04 1.666255927827071658e-09
4.304968760923003155e-04 1.737746676402079923e-09
4.354817949780401981e-04 1.820432030142379120e-09
4.405244365040072822e-04 1.897593316372718470e-09
4.456254690668728577e-04 1.952412420050591512e-09
4.507855688029784470e-04 1.973938905412882542e-09
4.560054196779547643e-04 1.957682936693985814e-09
4.612857135773813463e-04 1.908236577423250175e-09
4.666271503984952018e-04 1.843754878005916102e-09
4.720304381429617636e-04 1.768991332598250238e-09
4.774962930107178993e-04 1.717982041194588273e-09
4.830254394949065502e-04 1.701594155716562282e-09
4.886186104779055486e-04 1.726028510478830109e-09
4.942765473284694211e-04 1.790173324665062635e-09
4.999999999999999020e-04 1.871724221275554697e-09
5.057897271299491120e-04 1.951307114161960188e-09
5.116464961403766531e-04 2.007840796233418412e-09
5.175710833396719507e-04 2.027717250169135746e-09
5.235642740254497010e-04 1.998861207264322713e-09
5.296268625886442309e-04 1.949979415619836936e-09
5.357596526188034176e-04 1.862909699831126982e-09
5.419634570106019031e-04 1.812092476009191840e-09
5.482390980715924666e-04 1.774866583122009959e-09
5.545874076312004358e-04 1.806222269982550184e-09
5.610092271509814097e-04 1.862905364459921021e-09
5.675054078361570394e-04 1.945532760791529430e-09
5.740768107484413340e-04 2.021388247232812893e-09
5.807243069201711546e-04 2.065225371699550272e-09
5.874487774697650716e-04 2.038653919353798932e-09
5.942511137185093944e-04 1.997938849620023703e-09
6.011322173087063929e-04 1.921705108364449180e-09
6.080930003231838424e-04 1.855410253035288369e-09
6.151343854061905054e-04 1.833347459357960337e-09
6.222573058856920762e-04 1.866643845412384425e-09
6.294627058970835281e-04 1.939022179731564156e-09
6.367515405083307633e-04 2.027036154315986150e-09
6.441247758465674803e-04 2.100841142850906175e-09
6.515833892261498582e-04 2.102664787360973202e-09
6.591283692782036463e-04 2.051279270141740115e-09
6.667607160816619227e-04 1.949141773051992035e-09
6.744814412958264824e-04 1.907048315050951417e-09
6.822915682944617451e-04 1.886343442919973559e-09
6.901921323014424334e-04 1.925927355718850652e-09
6.981841805279687899e-04 2.008033594305393828e-09
7.062687723113776324e-04 2.092714587582854048e-09
7.144469792555517389e-04 2.120569364383469009e-09
7.227198853729638849e-04 2.071339928139310878e-09
7.310885872283591101e-04 2.016709891772224830e-09
7.395541940841035122e-04 1.949452557784963714e-09
7.481178280472162642e-04 1.927316641993684199e-09
7.567806242181033963e-04 1.961831242348168248e-09
7.655437308410149161e-04 2.049884357745990674e-09
7.744083094562405562e-04 2.120828720262909526e-09
7.833755350540749394e-04 2.132220339313952705e-09
7.924465962305569326e-04 2.072869869380389338e-09
8.016226953450207018e-04 1.979621422311497856e-09
8.109050486794647586e-04 1.933283380660520603e-09
8.202948865997692447e-04 1.996680047701147402e-09
8.297934537187796715e-04 2.036107206116150546e-09
8.394020090612802068e-04 2.120396538417469207e-09
8.491218262308720130e-04 2.148787183775348508e-09
8.589541935787945847e-04 2.081406189426426694e-09
8.689004143746881324e-04 1.992691116443087071e-09
8.789618069793463453e-04 1.944656030914555783e-09
8.891397050194612675e-04 2.015976663623780565e-09
8.994354575643935708e-04 2.110960898339474000e-09
9.098504293049911040e-04 2.164325241304742589e-09
9.203860007344780506e-04 2.136499592087388878e-09
9.310435683314335605e-04 2.056376444460952937e-09
9.418245447449009487e-04 2.000120231589657821e-09
9.527303589816240974e-04 2.045997108211190405e-09
9.637624565954682008e-04 2.107384029053028930e-09
9.749222998790225752e-04 2.173656960192038893e-09
9.862113680574266256e-04 2.154033808967292374e-09
9.976311574844392432e-04 2.061866376623983552e-09
1.009183181840779715e-03 2.019221352944874235e-09
1.020868972334764650e-03 2.064215882928015036e-09
1.032690077905264224e-03 2.179249069240003090e-09
1.044648065427020156e-03 2.199285803551881360e-09
1.056744519918323541e-03 2.124953705571430481e-09
1.068981044751116105e-03 2.045528320153905255e-09
1.081359261863509879e-03 2.059998951930022883e-09
1.093880811974775810e-03 2.112300423277040652e-09
1.106547354802818028e-03 2.220965514273961254e-09
1.119360569284169734e-03 2.155878430450027240e-09
1.132322153796529608e-03 2.063537000553803175e-09
1.145433826383887056e-03 2.032700986223108509e-09
1.158697324984239588e-03 2.121693416858738068e-09
1.172114407659961052e-03 2.187796199938230145e-09
1.185686852830827474e-03 2.156551921410320439e-09
1.199416459509744732e-03 2.066956973343167089e-09
1.213305047541206891e-03 2.061375168270917441e-09
1.227354457842515364e-03 2.155439299158847829e-09
1.241566552647784894e-03 2.202092915215236998e-09
1.255943215754790803e-03 2.133592095469776753e-09
1.270486352774652947e-03 2.069836578058477261e-09
1.285197891384432054e-03 2.105980019500606959e-09
1.300079781582635843e-03 2.206958652799820652e-09
1.315133995947690435e-03 2.168526018873410415e-09
1.330362529899403951e-03 2.102166657303820924e-09
1.345767401963456761e-03 2.101013467490168912e-09
1.361350654038956127e-03 2.180479828874543610e-09
1.377114351669082772e-03 2.186079763324673107e-09
1.393060584314885974e-03 2.118787814951779265e-09
1.409191465632227396e-03 2.108476801822709391e-09
1.425509133751954758e-03 2.167844447504859731e-09
1.442015751563302745e-03 2.225052304040572351e-09
1.458713507000582730e-03 2.123809249524379108e-09
1.475604613333191678e-03 2.107165422313320331e-09
1.492691309458979909e-03 2.203231400969257653e-09
1.509975860201007419e-03 2.192948038869891285e-09
1.527460556607757513e-03 2.123428241456053353e-09
1.545147716256795598e-03 2.131725879252317534e-09
1.563039683561977646e-03 2.199995905605080250e-09
1.581138830084189480e-03 2.175637783794404630e-09
1.599447554845698184e-03 2.107216929387000707e-09
1.617968284648140355e-03 2.178937582452201223e-09
1.636703474394191234e-03 2.211999325982832020e-09
1.655655607412955237e-03 2.135077531833340354e-09
1.674827195789139501e-03 2.130336277785582369e-09
1.694220780696013449e-03 2.212116705473290115e-09
1.713838932732251975e-03 2.180231205536067134e-09
1.733684252262658121e-03 2.118447899858482231e-09
1.753759369762839405e-03 2.193932239286860031e-09
1.774066946167876394e-03 2.206956807024927523e-09
1.794609673225024517e-03 2.128828978911715675e-09
1.815390273850506567e-03 2.172258639367514795e-09
1.836411502490422785e-03 2.233054380323838240e-09
1.857676145485863536e-03 2.147551988240700643e-09
1.879187021442221524e-03 2.168576813264844684e-09
1.900946981602806129e-03 2.219035534270487378e-09
1.922958910226767442e-03 2.159403008482844232e-09
1.945225724971402217e-03 2.184441998866921972e-09
1.967750377278885965e-03 2.220861218084130357e-09
1.990535852767486274e-03 2.127166832332412701e-09
2.013585171627295303e-03 2.207871648546836661e-09
2.036901389020564709e-03 2.223120592752423650e-09
2.060487595486651478e-03 2.148830877340061881e-09
2.084346917351677202e-03 2.204345240181039267e-09
2.108482517142910590e-03 2.190153349356387891e-09
2.132897594007962527e-03 2.164944612644629422e-09
2.157595384138824915e-03 2.239004732647931700e-09
2.182579161200830058e-03 2.162821405993266212e-09
2.207852236766562250e-03 2.186862449265268391e-09
2.233417960754816977e-03 2.216924288286975658e-09
2.259279721874612491e-03 2.155209795036896455e-09
2.285440948074375211e-03 2.228471276051593732e-09
2.311905106996301092e-03 2.172877968048559237e-09
2.338675706435989696e-03 2.188813354068115866e-09
2.365756294807400822e-03 2.210202541170158048e-09
2.393150461613189652e-03 2.169042625318899423e-09
2.420861837920496723e-03 2.228493817940457258e-09
2.448894096842230052e-03 2.167918428324616736e-09
2.477250954023952137e-03 2.216157290835448749e-09
2.505936168136361879e-03 2.190081518380430093e-09
2.534953541373521912e-03 2.188020848262687367e-09
2.564306919956823531e-03 2.211720319248733131e-09
2.594000194644804132e-03 2.178099567392424895e-09
2.624037301248860997e-03 2.220479284456136386e-09
2.654422221154941613e-03 2.169384504354505388e-09
2.685158981851262609e-03 2.229963994287064334e-09
2.716251657462167429e-03 2.170357559063935770e-09
2.747704369288123637e-03 2.232512270261078629e-09
2.779521286352018561e-03 2.173999632648570640e-09
2.811706625951745052e-03 2.228416146499842372e-09
2.844264654219206146e-03 2.185754110755222653e-09
2.877199686685783311e-03 2.226022846509619392e-09
2.910516088854357610e-03 2.175570530615435868e-09
2.944218276777944496e-03 2.230399860168365860e-09
2.978310717645054565e-03 2.177587178469363876e-09
3.012797930371789810e-03 2.231668243829577428e-09
3.047684486200846234e-03 2.176728752154257286e-09
3.082975009307410696e-03 2.224012681037472260e-09
3.118674177412095096e-03 2.183211736972868698e-09
3.154786722400964270e-03 2.216063727395150107e-09
3.191317430952740879e-03 2.198600045467909118e-09
3.228271145173277918e-03 2.201771741544069754e-09
3.265652763237360864e-03 2.217245663468650451e-09
3.303467240037981714e-03 2.173989637004835566e-09
3.341719587843073637e-03 2.228123668253559476e-09
3.380414876959908759e-03 2.186282674672769466e-09
3.419558236407145655e-03 2.210582867374468554e-09
3.459154854594680920e-03 2.213370208143056125e-09
3.499209980011365115e-03 2.181567523049317432e-09
3.539728921920689761e-03 2.224786457367372047e-09
3.580717051064509580e-03 2.187286151441182942e-09
3.622179800374952623e-03 2.203174101471680472e-09
3.664122665694521767e-03 2.221537710419129208e-09
3.706551206504587938e-03 2.180674141197460894e-09
3.749471046662278956e-03 2.206669566523978760e-09
3.792887875145917534e-03 2.212760699128541995e-09
3.836807446809092567e-03 2.172335578412054889e-09
3.881235583143459542e-03 2.209074648116929474e-09
3.926178173050358551e-03 2.215359602088517688e-09
3.971641173621410364e-03 2.185053865297191280e-09
4.017630610928087966e-03 2.199381179195250657e-09
4.064152580820497296e-03 2.224135021744892295e-09
4.111213249735355506e-03 2.197406267433157120e-09
4.158818855513353625e-03 2.185953585239128433e-09
4.206975708225972610e-03 2.211146031324330695e-09
4.255690191011878530e-03 2.218437279342600198e-09
4.304968760923003589e-03 2.194695140392203698e-09
4.354817949780402306e-03 2.175426542390905690e-09
4.405244365040072822e-03 2.206403919476715453e-09
4.456254690668728577e-03 2.220489733109049620e-09
4.507855688029784036e-03 2.204016969441232828e-09
4.560054196779547535e-03 2.184592403066107214e-09
4.612857135773812921e-03 2.194397657651392404e-09
4.666271503984951476e-03 2.206256049418920687e-09
4.720304381429616877e-03 2.218186305416296996e-09
4.774962930107178559e-03 2.209891255127836642e-09
4.830254394949069947e-03 2.201507419788564638e-09
4.886186104779055052e-03 2.175371743838079167e-09
4.942765473284694427e-03 2.191357399820420090e-09
4.999999999999999237e-03 2.193878683841725987e-09
5.057897271299490252e-03 2.216122752291892942e-09
5.116464961403772820e-03 2.215198813716009056e-09
5.175710833396719723e-03 2.222301878904535523e-09
5.235642740254497010e-03 2.208820233362900940e-09
5.296268625886442309e-03 2.197001120985236824e-09
5.357596526188035044e-03 2.193986998532143668e-09
5.419634570106018380e-03 2.195778325797320555e-09
5.482390980715924449e-03 2.182055130603019039e-09
5.545874076312003707e-03 2.186796275168856916e-09
5.610092271509814314e-03 2.186483097234316077e-09
5.675054078361577332e-03 2.180024121761657961e-09
5.740768107484413123e-03 2.182906196580679667e-09
5.807243069201712196e-03 2.178492649978138866e-09
5.874487774697644861e-03 2.184235757239775668e-09
5.942511137185094161e-03 2.185632802811800411e-09
6.011322173087065013e-03 2.189218157604700517e-09
6.080930003231839291e-03 2.197567796817188929e-09
6.151343854061904620e-03 2.198973963947967388e-09
6.222573058856926617e-03 2.207577928605904975e-09
6.294627058970836582e-03 2.207869399832817660e-09
6.367515405083306983e-03 2.200636722445240015e-09
6.441247758465665912e-03 2.202374823106865236e-09
6.515833892261499449e-03 2.185316852921431407e-09
6.591283692782035596e-03 2.174549176449729406e-09
6.667607160816617709e-03 2.185623728779188553e-09
6.744814412958264824e-03 2.199072213178182243e-09
6.822915682944625040e-03 2.206316381666873460e-09
6.901921323014425201e-03 2.193853224599792672e-09
6.981841805279687466e-03 2.177013302613851372e-09
7.062687723113769168e-03 2.183825255997344437e-09
7.144469792555517389e-03 2.202099519610485207e-09
7.227198853729638849e-03 2.195156260516349283e-09
7.310885872283590450e-03 2.178977656013848242e-09
7.395541940841034688e-03 2.187641098417180432e-09
7.481178280472170448e-03 2.199870959019105975e-09
7.567806242181043287e-03 2.184765998205349833e-09
7.655437308410150896e-03 2.187302031054123642e-09
7.744083094562405345e-03 2.195946966558838899e-09
7.833755350540741805e-03 2.176364939448184300e-09
7.924465962305568892e-03 2.190727969399561791e-09
8.016226953450207235e-03 2.190984796067553276e-09
8.109050486794647586e-03 2.178688625271851695e-09
8.202948865997691796e-03 2.197186055453117383e-09
8.297934537187804521e-03 2.178133262393572265e-09
8.394020090612802285e-03 2.194842552755957587e-09
8.491218262308719913e-03 2.176332093288736190e-09
8.589541935787937607e-03 2.192609172953824914e-09
8.689004143746880890e-03 2.174897567317529102e-09
8.789618069793463453e-03 2.193966809436718210e-09
8.891397050194612892e-03 2.171773217609216947e-09
8.994354575643934840e-03 2.188327844468300551e-09
9.098504293049919714e-03 2.179260666316835703e-09
9.203860007344778771e-03 2.177834330820832178e-09
9.310435683314336255e-03 2.189262142372335350e-09
9.418245447448998428e-03 2.172909368258932030e-09
9.527303589816240106e-03 2.179975361922844782e-09
9.637624565954683309e-03 2.187076718353548409e-09
9.749222998790225969e-03 2.171845425991102882e-09
9.862113680574267557e-03 2.171628083645008597e-09
9.976311574844402841e-03 2.184744844981328485e-09
1.009183181840780756e-02 2.180505385858553472e-09
1.020868972334764563e-02 2.169257677094491721e-09
1.032690077905264354e-02 2.167648973321733399e-09
1.044648065427018942e-02 2.176510467249024125e-09
1.056744519918323584e-02 2.181013084458151711e-09
1.068981044751115932e-02 2.182454240830807710e-09
1.081359261863509835e-02 2.177931393563376964e-09
1.093880811974775637e-02 2.172529703919967616e-09
1.106547354802819329e-02 2.168249868521166370e-09
1.119360569284169951e-02 2.166067482408960141e-09
1.132322153796529521e-02 2.164671096371355595e-09
1.145433826383886189e-02 2.165662431732047562e-09
1.158697324984239718e-02 2.165384255410274815e-09
1.172114407659961138e-02 2.166200166868930259e-09
1.185686852830827517e-02 2.170319607788261449e-09
1.199416459509744862e-02 2.171502382716949221e-09
1.213305047541208409e-02 2.173591546846524271e-09
1.227354457842515234e-02 2.172899959824820973e-09
1.241566552647784850e-02 2.166327534412038557e-09
1.255943215754789545e-02 2.160039221147730220e-09
1.270486352774653077e-02 2.162917268199343044e-09
1.285197891384432141e-02 2.170679888322504933e-09
1.300079781582636103e-02 2.169054780952060757e-09
1.315133995947690565e-02 2.157169696728956675e-09
1.330362529899405295e-02 2.163556330482189129e-09
1.345767401963458149e-02 2.167033655239829809e-09
1.361350654038955867e-02 2.156990304249836134e-09
1.377114351669082859e-02 2.167404055702867104e-09
1.393060584314884283e-02 2.160121008625262149e-09
1.409191465632227309e-02 2.163934654492514093e-09
1.425509133751954628e-02 2.160123894197973808e-09
1.442015751563302701e-02 2.160311487882486058e-09
1.458713507000582686e-02 2.156187222338135395e-09
1.475604613333193239e-02 2.161985049635649243e-09
1.492691309458979952e-02 2.152179769454346085e-09
1.509975860201007852e-02 2.161304217857556049e-09
1.527460556607756169e-02 2.157722500002431332e-09
1.545147716256795901e-02 2.150758186300080808e-09
1.563039683561977602e-02 2.156076298048007943e-09
1.581138830084189567e-02 2.159420365999329561e-09
1.599447554845698227e-02 2.155595783584538070e-09
1.617968284648142047e-02 2.148689883698665559e-09
1.636703474394191060e-02 2.148118758882835176e-09
1.655655607412955324e-02 2.150025848495119606e-09
1.674827195789137593e-02 2.150117310317736023e-09
1.694220780696013146e-02 2.151636023262355543e-09
1.713838932732252018e-02 2.152588912782044365e-09
1.733684252262658251e-02 2.151181625037045812e-09
1.753759369762839665e-02 2.148433108012258304e-09
1.774066946167878259e-02 2.145570406689014416e-09
1.794609673225026208e-02 2.143153973233248104e-09
1.815390273850506567e-02 2.144753542509450615e-09
1.836411502490422828e-02 2.148878011049897083e-09
1.857676145485861671e-02 2.148705592647831318e-09
1.879187021442220787e-02 2.141618024829347764e-09
1.900946981602805869e-02 2.142412508987790729e-09
1.922958910226767182e-02 2.147681215216001576e-09
1.945225724971401740e-02 2.139219442238962819e-09
1.967750377278887353e-02 2.144980501326367077e-09
1.990535852767486361e-02 2.138908396159854451e-09
2.013585171627295042e-02 2.144447296414566962e-09
2.036901389020562628e-02 2.137125331743974790e-09
2.060487595486651738e-02 2.144038192587990856e-09
2.084346917351677028e-02 2.137295649036242677e-09
2.108482517142910850e-02 2.137067147991332777e-09
2.132897594007962527e-02 2.141180563977766246e-09
2.157595384138826650e-02 2.139420234603128620e-09
2.182579161200829884e-02 2.132368448489557522e-09
2.207852236766562337e-02 2.132512006924359852e-09
2.233417960754815329e-02 2.133647672790905040e-09
2.259279721874613012e-02 2.133569639659676549e-09
2.285440948074375644e-02 2.133673990861331514e-09
2.311905106996301265e-02 2.132240260752365012e-09
2.338675706435990390e-02 2.130102938544674335e-09
2.365756294807403945e-02 2.128379330440188050e-09
2.393150461613192254e-02 2.130123768769119808e-09
2.420861837920496376e-02 2.132559958774622657e-09
2.448894096842230139e-02 2.130765728529307073e-09
2.477250954023949708e-02 2.125737350297594072e-09
2.505936168136361705e-02 2.131273393043968228e-09
2.534953541373521912e-02 2.127155649258838088e-09
2.564306919956823791e-02 2.126103595053059415e-09
2.594000194644804219e-02 2.126315137779563943e-09
2.624037301248863946e-02 2.127297576160035959e-09
2.654422221154941960e-02 2.122560596215519186e-09
2.685158981851263130e-02 2.126038930445009750e-09
2.716251657462164654e-02 2.125848532384951050e-09
2.747704369288123810e-02 2.121168066414885397e-09
2.779521286352018214e-02 2.119123546286006936e-09
2.811706625951744878e-02 2.118666798201359346e-09
2.844264654219206406e-02 2.119153149088619679e-09
2.877199686685785740e-02 2.118266011203506615e-09
2.910516088854357350e-02 2.117220754235128843e-09
2.944218276777944496e-02 2.116313092006840687e-09
2.978310717645051356e-02 2.119425809196085640e-09
3.012797930371790070e-02 2.118608347643902872e-09
3.047684486200846407e-02 2.114319703135836431e-09
3.082975009307410696e-02 2.116670910056114705e-09
3.118674177412095183e-02 2.115418771934664426e-09
3.154786722400967913e-02 2.114148645802143351e-09
3.191317430952744089e-02 2.111106873468102864e-09
3.228271145173277484e-02 2.114419187333161159e-09
3.265652763237360950e-02 2.110297339238711129e-09
3.303467240037977898e-02 2.110090741686539883e-09
3.341719587843073463e-02 2.109549065357255058e-09
3.380414876959908499e-02 2.112464443232180007e-09
3.419558236407146262e-02 2.111852942375531372e-09
3.459154854594680834e-02 2.111191846636008853e-09
3.499209980011368931e-02 2.109052278514376686e-09
3.539728921920690108e-02 2.107642628469542887e-09
3.580717051064509493e-02 2.104975769303797109e-09
3.622179800374948633e-02 2.106552701270770239e-09
3.664122665694521247e-02 2.103796888552312451e-09
3.706551206504588025e-02 2.104897049582287781e-09
3.749471046662277568e-02 2.102985517596981479e-09
3.792887875145917187e-02 2.102712000780022102e-09
3.836807446809096384e-02 2.100945920016395434e-09
3.881235583143458762e-02 2.100320630764305534e-09
3.926178173050358378e-02 2.102364575870965740e-09
3.971641173621406201e-02 2.101372269088538092e-09
4.017630610928087792e-02 2.100680062649164702e-09
4.064152580820496602e-02 2.099351651970388786e-09
4.111213249735355679e-02 2.094341866977089838e-09
4.158818855513353452e-02 2.097615805322630907e-09
4.206975708225977467e-02 2.099067880521508360e-09
4.255690191011882867e-02 2.094505822103484346e-09
4.304968760923003068e-02 2.097283548242488850e-09
4.354817949780401959e-02 2.092900056794035239e-09
4.405244365040067445e-02 2.093525609718427713e-09
4.456254690668728924e-02 2.094452223017486533e-09
4.507855688029784036e-02 2.093833463488723675e-09
4.560054196779547708e-02 2.092186398263460945e-09
4.612857135773813788e-02 2.092414146802703632e-09
4.666271503984956159e-02 2.092241808080082575e-09
4.720304381429616530e-02 2.089699921782593231e-09
4.774962930107178732e-02 2.086451628418904632e-09
4.830254394949064223e-02 2.089586263795227802e-09
4.886186104779054878e-02 2.085527633490667364e-09
4.942765473284694427e-02 2.088511163320453583e-09
4.999999999999998196e-02 2.086300617748287807e-09
5.057897271299490599e-02 2.082403420909257298e-09
5.116464961403772299e-02 2.082893089293568259e-09
5.175710833396719723e-02 2.080392935442239328e-09
5.235642740254497357e-02 2.082967011965208681e-09
5.296268625886442483e-02 2.084280368669219792e-09
5.357596526188034697e-02 2.081282575239377867e-09
5.419634570106018207e-02 2.085347822699041378e-09
5.482390980715924622e-02 2.079001318359959798e-09
5.545874076312003881e-02 2.080485504157060204e-09
5.610092271509820039e-02 2.078519845611198798e-09
5.675054078361575771e-02 2.076452345078361097e-09
5.740768107484413990e-02 2.076251839689834224e-09
5.807243069201711155e-02 2.077056106481861167e-09
5.874487774697650239e-02 2.076575663727359365e-09
5.942511137185093467e-02 2.073159541196764416e-09
6.011322173087065013e-02 2.077321800811903593e-09
6.080930003231838771e-02 2.071102201309667507e-09
6.151343854061905314e-02 2.074758634856510011e-09
6.222573058856928352e-02 2.073163781119354649e-09
6.294627058970836408e-02 2.072480086131366903e-09
6.367515405083307156e-02 2.072298777737976504e-09
6.441247758465666606e-02 2.063351742518663026e-09
6.515833892261499449e-02 2.069057074343637753e-09
6.591283692782035075e-02 2.068303925011795588e-09
6.667607160816618750e-02 2.067522622254397627e-09
6.744814412958265171e-02 2.066545747285660952e-09
6.822915682944626081e-02 2.064673872555420790e-09
6.901921323014426068e-02 2.064324357128082417e-09
6.981841805279687119e-02 2.064639943507745991e-09
7.062687723113769689e-02 2.064644927382731738e-09
7.144469792555516174e-02 2.061781283660498173e-09
7.227198853729638328e-02 2.065170278319382636e-09
7.310885872283590103e-02 2.063314245245854798e-09
7.395541940841034168e-02 2.059918605606516480e-09
7.481178280472169928e-02 2.054979463970281594e-09
7.567806242181042420e-02 2.060016273846172523e-09
7.655437308410149855e-02 2.057637947344329724e-09
7.744083094562403957e-02 2.057403269752882932e-09
7.833755350540749784e-02 2.055588765847289488e-09
7.924465962305569933e-02 2.049995032740698083e-09
8.016226953450207582e-02 2.052879045652379393e-09
8.109050486794647239e-02 2.054462780564962635e-09
8.202948865997693184e-02 2.051595106193898977e-09
8.297934537187805215e-02 2.052827981606978180e-09
8.394020090612801244e-02 2.052992099044979252e-09
8.491218262308719567e-02 2.050251603185501202e-09
8.589541935787936566e-02 2.049880109674320207e-09
8.689004143746879849e-02 2.051146795955211821e-09
8.789618069793463107e-02 2.047720446406170081e-09
8.891397050194613239e-02 2.047998027873963921e-09
8.994354575643936922e-02 2.048879355957767804e-09
9.098504293049920755e-02 2.048084433469065942e-09
9.203860007344780159e-02 2.047581904889670012e-09
9.310435683314334521e-02 2.045101228871001240e-09
9.418245447449000163e-02 2.045882492265032378e-09
9.527303589816238372e-02 2.043393088445920181e-09
9.637624565954681921e-02 2.043292874359040873e-09
9.749222998790225969e-02 2.043609219675972651e-09
9.862113680574265129e-02 2.040236220780273364e-09
9.976311574844401453e-02 2.035414699827783844e-09
1.009183181840780652e-01 2.041497733812674434e-09
1.020868972334764563e-01 2.039065484155738231e-09
1.032690077905264459e-01 2.044642473908275909e-09
1.044648065427020295e-01 2.037505582319574585e-09
1.056744519918323688e-01 2.037346906017486299e-09
1.068981044751115966e-01 2.040132508673875498e-09
1.081359261863509835e-01 2.034221903174475812e-09
1.093880811974775741e-01 2.034513675429114595e-09
1.106547354802819016e-01 2.034266540915131150e-09
1.119360569284169882e-01 2.033230422364272264e-09
1.132322153796529590e-01 2.033126706864243099e-09
1.145433826383886050e-01 2.035396587739556231e-09
1.158697324984239718e-01 2.030886668498556406e-09
1.172114407659961138e-01 2.030774393330135594e-09
1.185686852830827448e-01 2.036466262879389642e-09
1.199416459509744792e-01 2.029891972294337832e-09
1.213305047541208270e-01 2.028078070941385072e-09
1.227354457842515373e-01 2.029131699330904900e-09
1.241566552647784955e-01 2.025957532422948768e-09
1.255943215754789510e-01 2.026290325225178560e-09
1.270486352774652938e-01 2.024731705319730063e-09
1.285197891384432245e-01 2.024539730658211971e-09
1.300079781582635929e-01 2.022264927775566415e-09
1.315133995947690426e-01 2.022642451308397806e-09
1.330362529899405399e-01 2.022396859474563333e-09
1.345767401963458010e-01 2.018368092473365055e-09
1.361350654038956109e-01 2.021551414630120926e-09
1.377114351669082859e-01 2.020747599168176564e-09
1.393060584314886052e-01 2.017948795633712326e-09
1.409191465632227414e-01 2.019375854023243576e-09
1.425509133751954594e-01 2.002291619410767713e-09
1.442015751563302528e-01 2.018353743806919558e-09
1.458713507000582721e-01 2.007656497406463485e-09
1.475604613333193205e-01 2.016186235984554332e-09
1.492691309458979987e-01 2.014033841084591016e-09
1.509975860201007714e-01 2.018136955105582991e-09
1.527460556607755926e-01 2.013852138717035062e-09
1.545147716256795867e-01 2.013178716940258455e-09
1.563039683561977533e-01 2.038938192427001678e-09
1.581138830084189428e-01 2.009286686350327077e-09
1.599447554845698227e-01 2.010384728588721119e-09
1.617968284648141908e-01 2.010233433051053386e-09
1.636703474394190783e-01 2.009843517748401267e-09
1.655655607412955255e-01 2.006267592757167266e-09
1.674827195789137801e-01 2.006764990457448151e-09
1.694220780696013562e-01 2.006926119533899338e-09
1.713838932732252018e-01 2.000671751387483000e-09
1.733684252262658043e-01 2.003861468523403899e-09
1.753759369762839249e-01 2.003268846255127853e-09
1.774066946167878189e-01 2.007543681528393335e-09
1.794609673225026625e-01 2.003198654455072205e-09
1.815390273850506775e-01 2.002443612776785467e-09
1.836411502490422898e-01 2.004738994666582538e-09
1.857676145485863406e-01 2.000797504894193165e-09
1.879187021442221273e-01 1.999332085883304863e-09
1.900946981602806007e-01 1.999449829846161803e-09
1.922958910226767737e-01 1.995032951340314243e-09
1.945225724971401948e-01 1.997635798033950136e-09
1.967750377278887908e-01 2.006253353612892899e-09
1.990535852767486291e-01 1.996064154055257411e-09
2.013585171627295389e-01 1.995132000560216892e-09
2.036901389020562836e-01 1.995544752350528197e-09
2.060487595486651391e-01 1.994153395713401621e-09
2.084346917351677098e-01 1.990966863711357859e-09
2.108482517142910850e-01 1.992760201657266402e-09
2.132897594007962250e-01 1.992667677353349097e-09
2.157595384138826788e-01 1.991190534941914997e-09
2.182579161200829676e-01 1.990820493399020658e-09
2.207852236766562337e-01 1.989070264136816640e-09
2.233417960754814635e-01 1.987983178379634756e-09
2.259279721874612734e-01 1.988509269967219294e-09
2.285440948074375644e-01 1.983154457234928500e-09
2.311905106996301196e-01 1.986241402840088227e-09
2.338675706435990598e-01 1.985804150236220850e-09
2.365756294807403459e-01 1.985697506971013231e-09
2.393150461613192115e-01 1.984436296136049814e-09
2.420861837920496862e-01 1.983218229134745791e-09
2.448894096842230139e-01 1.982953554951072968e-09
2.477250954023952345e-01 1.982582968907752036e-09
2.505936168136362330e-01 1.980132461145782527e-09
2.534953541373521912e-01 1.981454558283302509e-09
2.564306919956823583e-01 1.979850060240286663e-09
2.594000194644804358e-01 1.989671251664029934e-09
2.624037301248863807e-01 1.977033343010822179e-09
2.654422221154941752e-01 1.977579197246680799e-09
2.685158981851262783e-01 1.975581939910133314e-09
2.716251657462164792e-01 1.976270717490953314e-09
2.747704369288123671e-01 1.975027842583282413e-09
2.779521286352018006e-01 1.978627390357384600e-09
2.811706625951744809e-01 1.973343925611385054e-09
2.844264654219206268e-01 1.973173123362740615e-09
2.877199686685785740e-01 1.971065550949068288e-09
2.910516088854357419e-01 1.971566059020175067e-09
2.944218276777944010e-01 1.969216276774890540e-09
2.978310717645051287e-01 1.972115558306620335e-09
3.012797930371790001e-01 1.968306954192096398e-09
3.047684486200846199e-01 1.968365705099443336e-09
3.082975009307410419e-01 1.968574099508260172e-09
3.118674177412095183e-01 1.967630365060514083e-09
3.154786722400967358e-01 1.965225412173444636e-09
3.191317430952744227e-01 1.964043654864219977e-09
3.228271145173278178e-01 1.965050695080161087e-09
3.265652763237361089e-01 1.964012614973179796e-09
3.303467240037981645e-01 1.962396653121724969e-09
3.341719587843073880e-01 1.962310269427381515e-09
3.380414876959908499e-01 1.973273207111431307e-09
3.419558236407145846e-01 1.957871907101160444e-09
3.459154854594680417e-01 1.958852318252721689e-09
3.499209980011368515e-01 1.958516743650716480e-09
3.539728921920690108e-01 1.958751566787119501e-09
3.580717051064509215e-01 1.957878259675835744e-09
3.622179800374948910e-01 1.957475396609169047e-09
3.664122665694521941e-01 1.956473382995153716e-09
3.706551206504588025e-01 1.956393407274742004e-09
3.749471046662278817e-01 1.955710387937728244e-09
3.792887875145917742e-01 1.952836037150343547e-09
3.836807446809096245e-01 1.952205918195928850e-09
3.881235583143459178e-01 1.952441212861256352e-09
3.926178173050358100e-01 1.952258234364515738e-09
3.971641173621405785e-01 1.950066265926805704e-09
4.017630610928087931e-01 1.951591460525283852e-09
4.064152580820497018e-01 1.948934764079344917e-09
4.111213249735355402e-01 1.948611652949809262e-09
4.158818855513354285e-01 1.952178654327828567e-09
4.206975708225976773e-01 1.947436095432975412e-09
4.255690191011883283e-01 1.945117139082935955e-09
4.304968760923003068e-01 1.934407702382418131e-09
4.354817949780401820e-01 1.943004387446597182e-09
4.405244365040072441e-01 1.924412702501861538e-09
4.456254690668728924e-01 1.943521542223267264e-09
4.507855688029784313e-01 1.941364860730616109e-09
4.560054196779547708e-01 1.941929721753107283e-09
4.612857135773818507e-01 1.940095333314338211e-09
4.666271503984956714e-01 1.942818081542703263e-09
4.720304381429616947e-01 1.939155217190588540e-09
4.774962930107178871e-01 1.938129753218895319e-09
4.830254394949065055e-01 1.947108339070181533e-09
4.886186104779055572e-01 1.932902904166092579e-09
4.942765473284694844e-01 1.936968560518025145e-09
5.000000000000000000e-01 1.975671962108580272e-09
5.235642740254496941e-01 1.931123102807534960e-09
5.482390980715925455e-01 1.927531411660523034e-09
5.740768107484413019e-01 1.927014816613420326e-09
6.011322173087064735e-01 1.923607844070890009e-09
6.294627058970835298e-01 1.920636813390641614e-09
6.591283692782035075e-01 1.920693660673192753e-09
6.901921323014423848e-01 1.913620615897633865e-09
7.227198853729638328e-01 1.911320367672251063e-09
7.567806242181041032e-01 1.908876427396318067e-09
7.924465962305566880e-01 1.906012604535048851e-09
8.297934537187803272e-01 1.900402120417067057e-09
8.689004143746876796e-01 1.900681235030857473e-09
9.098504293049917147e-01 1.897075704572097426e-09
9.527303589816236151e-01 1.895573807879882442e-09
9.976311574844398677e-01 1.889685821509329898e-09
1.044648065427019601e+00 1.887228534502450546e-09
1.093880811974776268e+00 1.886390490612052905e-09
1.145433826383886355e+00 1.882423410633834062e-09
1.199416459509745181e+00 1.875674565896853998e-09
1.255943215754790065e+00 1.876575189945464834e-09
1.315133995947690870e+00 1.862133205673033404e-09
1.377114351669083137e+00 1.869559416782157614e-09
1.442015751563302972e+00 1.867175966713979724e-09
1.509975860201008047e+00 1.864476706400314477e-09
1.581138830084189539e+00 1.860934767480266463e-09
1.655655607412955588e+00 1.859717108061700979e-09
1.733684252262658321e+00 1.855318378648001186e-09
1.815390273850506775e+00 1.852963288272574691e-09
1.900946981602805730e+00 1.848964592140949567e-09
1.990535852767485903e+00 1.845541427309408921e-09
2.084346917351676876e+00 1.843260948401852310e-09
2.182579161200830065e+00 1.839978420229548702e-09
2.285440948074374923e+00 1.836759651069230685e-09
2.393150461613192004e+00 1.834683469840456781e-09
2.505936168136361886e+00 1.831678041550464427e-09
2.624037301248862697e+00 1.827880415547048234e-09
2.747704369288122450e+00 1.821211834889822610e-09
2.877199686685784741e+00 1.823842837241507770e-09
3.012797930371788890e+00 1.827650833693481135e-09
3.154786722400966692e+00 1.817721318486473607e-09
3.303467240037980091e+00 1.808692238743900946e-09
3.459154854594682416e+00 1.812024483841869943e-09
3.622179800374950354e+00 1.811653088487433411e-09
3.792887875145919185e+00 1.804547514381687385e-09
3.971641173621408338e+00 1.802867490376942675e-09
4.158818855513356283e+00 1.799861951714055984e-09
4.354817949780404263e+00 1.816987115330164405e-09
4.560054196779547375e+00 1.793413832335939453e-09
4.774962930107178316e+00 1.787636144287024630e-09
5.000000000000000000e+00 1.788726923177685477e-09
6.294627058970837297e+00 1.772703343454787739e-09
7.924465962305568212e+00 1.760279537333848472e-09
9.976311574844396901e+00 1.743629569390929186e-09
1.255943215754790110e+01 1.721885092986738863e-09
1.581138830084189451e+01 1.718724296685229786e-09
1.990535852767486347e+01 1.700885323694958456e-09
2.505936168136361886e+01 1.683400999490817090e-09
3.154786722400966426e+01 1.672834304412153912e-09
3.971641173621407006e+01 1.660113875566681341e-09
4.999999999999999289e+01 1.645386606376668954e-09
