3.539728921920685885e-05 4.717415141624489245e-14
3.622179800374952406e-05 8.039407793902847781e-13
3.706551206504587478e-05 3.107028417185786957e-12
3.792887875145917236e-05 7.088496993556446218e-12
3.881235583143463039e-05 1.288237572045195646e-11
3.971641173621410364e-05 2.060657891025060612e-11
4.064152580820496591e-05 3.034656212503769721e-11
4.158818855513353842e-05 4.222801287018148225e-11
4.255690191011878395e-05 5.631543457547046332e-11
4.354817949780398050e-05 7.261828051879774699e-11
4.456254690668729390e-05 9.119293239795197535e-11
4.560054196779547508e-05 1.120663460227798476e-10
4.666271503984952966e-05 1.351545464847545353e-10
4.774962930107183736e-05 1.604304117960165767e-10
4.886186104779054808e-05 1.877717651114094598e-10
4.999999999999998207e-05 2.168578137479901525e-10
5.057897271299491120e-05 2.321034190396934455e-10
5.116464961403767209e-05 2.477180055911517112e-10
5.175710833396714221e-05 2.638341162796066211e-10
5.235642740254491318e-05 2.800701089224008170e-10
5.296268625886447866e-05 2.966800833986050307e-10
5.357596526188034176e-05 3.134525306144290230e-10
5.419634570106018624e-05 3.305457308592876431e-10
5.482390980715924394e-05 3.477970962082960797e-10
5.545874076312003680e-05 3.650801475690501219e-10
5.610092271509813691e-05 3.825129771036054691e-10
5.675054078361571342e-05 3.998134330306833840e-10
5.740768107484408596e-05 4.172092599963165766e-10
5.807243069201718186e-05 4.341167657161039656e-10
5.874487774697651393e-05 4.510980727291748546e-10
5.942511137185093809e-05 4.677152078986331400e-10
6.011322173087064877e-05 4.840954229660665844e-10
6.080930003231838017e-05 5.000474009336876059e-10
6.151343854061905325e-05 5.155667858587603603e-10
6.222573058856921034e-05 5.305634054923025860e-10
6.294627058970830402e-05 5.447238503562691132e-10
6.367515405083314138e-05 5.586290477414019184e-10
6.441247758465673719e-05 5.716866235278853552e-10
6.515833892261499124e-05 5.837357647901706934e-10
6.591283692782035650e-05 5.951071987919498256e-10
6.667607160816619769e-05 6.054357117940334089e-10
6.744814412958265366e-05 6.146398427758848251e-10
6.822915682944618535e-05 6.232276703516757229e-10
6.901921323014417829e-05 6.300695646502922347e-10
6.981841805279679497e-05 6.362579126282752294e-10
7.062687723113775782e-05 6.413950804514437259e-10
7.144469792555517389e-05 6.452571573015979452e-10
7.227198853729638578e-05 6.474616097689857140e-10
7.310885872283590017e-05 6.487813015930239298e-10
7.395541940841035122e-05 6.487914422709082502e-10
7.481178280472162371e-05 6.478092473819827997e-10
7.567806242181034505e-05 6.453070075099233500e-10
7.655437308410141300e-05 6.416595599849174362e-10
7.744083094562410712e-05 6.373030933969061841e-10
7.833755350540748852e-05 6.312324593682067886e-10
7.924465962305569597e-05 6.244915058854380801e-10
8.016226953450209458e-05 6.165887424571264741e-10
8.109050486794647857e-05 6.078732648067740804e-10
8.202948865997692718e-05 5.984422736573740462e-10
8.297934537187796715e-05 5.885526447451908327e-10
8.394020090612792852e-05 5.780106213935634034e-10
8.491218262308726907e-05 5.671119581535930413e-10
8.589541935787945305e-05 5.561353044967412238e-10
8.689004143746881595e-05 5.451562528737780124e-10
8.789618069793464267e-05 5.342799140026538323e-10
8.891397050194613488e-05 5.238078413219210258e-10
8.994354575643936521e-05 5.137692851382658188e-10
9.098504293049911853e-05 5.045654119928098973e-10
9.203860007344770748e-05 4.962356390670418577e-10
9.310435683314326931e-05 4.893221886406594167e-10
9.418245447449009216e-05 4.838095000534920673e-10
9.527303589816239347e-05 4.798395658268985391e-10
9.637624565954680924e-05 4.777071821812785304e-10
9.749222998790225210e-05 4.775572455761907334e-10
9.862113680574265443e-05 4.797617142062559866e-10
9.976311574844392432e-05 4.843466105605677717e-10
1.009183181840780691e-04 4.915109022456220366e-10
1.020868972334764514e-04 5.013343847497443190e-10
1.032690077905264333e-04 5.139842880067387420e-10
1.044648065427019099e-04 5.296468574063991756e-10
1.056744519918323676e-04 5.480524499169487297e-10
1.068981044751116051e-04 5.695032735739146274e-10
1.081359261863509689e-04 5.939200202492406220e-10
1.093880811974775783e-04 6.214303768632850336e-10
1.106547354802819166e-04 6.516157875525492034e-10
1.119360569284169843e-04 6.843914596255328980e-10
1.132322153796529580e-04 7.195083418343661470e-10
1.145433826383886026e-04 7.569590135147320658e-10
1.158697324984239615e-04 7.964191153066677133e-10
1.172114407659961296e-04 8.374412365500500026e-10
1.185686852830827555e-04 8.795600613461820277e-10
1.199416459509744813e-04 9.227296723735112799e-10
1.213305047541207081e-04 9.660136863907600977e-10
1.227354457842515364e-04 1.009216720012369684e-09
1.241566552647784948e-04 1.051730263285468508e-09
1.255943215754789502e-04 1.092777856544397161e-09
1.270486352774653110e-04 1.132543772520686859e-09
1.285197891384432108e-04 1.169844124217680946e-09
1.300079781582635788e-04 1.204483356850542116e-09
1.315133995947690435e-04 1.235608263948178910e-09
1.330362529899403897e-04 1.263291642006845170e-09
1.345767401963458333e-04 1.286260661214422844e-09
1.361350654038956344e-04 1.304777190362099151e-09
1.377114351669082826e-04 1.318618799982981144e-09
1.393060584314884456e-04 1.327184605315784369e-09
1.409191465632227234e-04 1.330173442324135973e-09
1.425509133751954596e-04 1.327666219522820330e-09
1.442015751563302745e-04 1.319940893555577266e-09
1.458713507000582675e-04 1.307671414529332463e-09
1.475604613333193142e-04 1.290031633754958228e-09
1.492691309458980017e-04 1.268195681802633983e-09
1.509975860201007907e-04 1.242817580837968112e-09
1.527460556607755941e-04 1.214066757799334957e-09
1.545147716256795760e-04 1.183086387246184780e-09
1.563039683561977700e-04 1.150703876886146085e-09
1.581138830084189426e-04 1.117945494028553859e-09
1.599447554845698401e-04 1.085802871216434726e-09
1.617968284648140518e-04 1.055221989693590355e-09
1.636703474394191234e-04 1.027409089200930863e-09
1.655655607412955508e-04 1.003561413808008535e-09
1.674827195789137821e-04 9.845616551484102537e-10
1.694220780696013395e-04 9.713423010685119904e-10
1.713838932732251867e-04 9.649787828800984000e-10
1.733684252262658446e-04 9.655074711872794321e-10
1.753759369762839622e-04 9.741676278375004289e-10
1.774066946167876340e-04 9.905781064855823018e-10
1.794609673225026631e-04 1.015264163390752080e-09
1.815390273850506729e-04 1.047906589092150730e-09
1.836411502490422785e-04 1.087921091804155774e-09
1.857676145485863753e-04 1.134304852293658925e-09
1.879187021442221307e-04 1.186384812494207953e-09
1.900946981602805912e-04 1.242584228108301930e-09
1.922958910226767171e-04 1.301180396596357098e-09
1.945225724971401946e-04 1.361058744510678357e-09
1.967750377278885748e-04 1.419996953904078786e-09
1.990535852767486220e-04 1.476181636357595403e-09
2.013585171627295032e-04 1.528198842235705371e-09
2.036901389020562758e-04 1.573159919965545476e-09
2.060487595486651640e-04 1.610771663919484246e-09
2.084346917351676985e-04 1.638501322864741285e-09
2.108482517142910915e-04 1.655893819860590924e-09
2.132897594007962582e-04 1.662082300307916352e-09
2.157595384138824807e-04 1.657027170120668097e-09
2.182579161200830003e-04 1.641291574172384405e-09
2.207852236766562250e-04 1.615289123213957456e-09
2.233417960754814700e-04 1.580385900878854270e-09
2.259279721874612925e-04 1.539170063070467994e-09
2.285440948074375482e-04 1.493114949727768401e-09
2.311905106996301417e-04 1.444895780529626648e-09
2.338675706435990400e-04 1.397970659847958957e-09
2.365756294807401202e-04 1.354685793061456519e-09
2.393150461613192416e-04 1.318173023104479376e-09
2.420861837920496669e-04 1.291254701189750741e-09
2.448894096842230486e-04 1.275839772250320682e-09
2.477250954023952571e-04 1.272996452871080993e-09
2.505936168136362096e-04 1.284880195065806305e-09
2.534953541373521587e-04 1.311050104594171635e-09
2.564306919956823639e-04 1.350379992976028548e-09
2.594000194644803916e-04 1.401939034820568563e-09
2.624037301248860888e-04 1.462054757761341592e-09
2.654422221154941939e-04 1.528503309226403016e-09
2.685158981851263043e-04 1.596910216433807624e-09
2.716251657462165044e-04 1.663216548101735584e-09
2.747704369288123854e-04 1.723012516842649622e-09
2.779521286352018127e-04 1.772575221737047957e-09
2.811706625951744943e-04 1.808997328227771902e-09
2.844264654219205712e-04 1.829187223599843901e-09
2.877199686685782661e-04 1.831885712220508955e-09
2.910516088854357393e-04 1.817264452778561882e-09
2.944218276777944170e-04 1.786342063765274792e-09
2.978310717645051204e-04 1.742384342528587149e-09
3.012797930371790027e-04 1.689458109077909028e-09
3.047684486200846776e-04 1.632267428881551017e-09
3.082975009307410805e-04 1.576674072195258174e-09
3.118674177412095313e-04 1.528251474496914982e-09
3.154786722400964379e-04 1.492805231445496039e-09
3.191317430952743915e-04 1.473727576433203414e-09
3.228271145173276725e-04 1.474952999987278256e-09
3.265652763237360972e-04 1.496486527094364647e-09
3.303467240037981823e-04 1.537833892910692872e-09
3.341719587843073962e-04 1.595235228366708113e-09
3.380414876959908759e-04 1.663960469969313601e-09
3.419558236407145655e-04 1.737012342181650467e-09
3.459154854594681137e-04 1.807324768270907215e-09
3.499209980011365223e-04 1.867154595368264537e-09
3.539728921920690086e-04 1.910438729856035625e-09
3.580717051064510447e-04 1.932173843159976043e-09
3.622179800374949153e-04 1.929774416776287200e-09
3.664122665694521551e-04 1.904224490197771244e-09
3.706551206504588155e-04 1.859029710490291136e-09
3.749471046662278197e-04 1.800782481366400158e-09
3.792887875145917642e-04 1.737854941217364224e-09
3.836807446809092350e-04 1.679314166640385501e-09
3.881235583143459109e-04 1.634392523901650927e-09
3.926178173050357684e-04 1.611125480580376310e-09
3.971641173621406028e-04 1.613251589238535824e-09
4.017630610928088399e-04 1.642688203242251132e-09
4.064152580820496320e-04 1.695590959407287527e-09
4.111213249735355723e-04 1.765201131812255873e-09
4.158818855513353842e-04 1.841127192252048770e-09
4.206975708225972935e-04 1.911936042106123493e-09
4.255690191011882867e-04 1.966355131235248909e-09
4.304968760923003155e-04 1.995635073255688290e-09
4.354817949780401981e-04 1.995519761347669866e-09
4.405244365040072822e-04 1.965905827679606720e-09
4.456254690668728577e-04 1.913062424792167931e-09
4.507855688029784470e-04 1.847372693138029378e-09
4.560054196779547643e-04 1.782666396132845124e-09
4.612857135773813463e-04 1.732235048618698210e-09
4.666271503984951476e-04 1.708097307374156232e-09
4.720304381429617636e-04 1.716421003961430470e-09
4.774962930107178993e-04 1.756906242620493380e-09
4.830254394949064960e-04 1.822429288994177971e-09
4.886186104779055486e-04 1.899645228258863600e-09
4.942765473284694211e-04 1.972308313186983700e-09
4.999999999999999020e-04 2.024382669656379347e-09
5.057897271299491120e-04 2.044425880239044434e-09
5.116464961403766531e-04 2.027985886059570301e-09
5.175710833396719507e-04 1.979586352570204702e-09
5.235642740254497010e-04 1.912923569343757531e-09
5.296268625886442309e-04 1.848126026240656231e-09
5.357596526188034176e-04 1.799196329134183166e-09
5.419634570106019031e-04 1.781988064490198382e-09
5.482390980715924666e-04 1.804085448677857173e-09
5.545874076312004358e-04 1.861765816665783083e-09
5.610092271509814097e-04 1.938158207304785357e-09
5.675054078361570394e-04 2.014021718945514963e-09
5.740768107484413340e-04 2.066704720708858467e-09
5.807243069201711546e-04 2.077613589722830276e-09
5.874487774697650716e-04 2.041988376538370854e-09
5.942511137185093944e-04 1.979839647599171915e-09
6.011322173087063929e-04 1.917905696850522972e-09
6.080930003231838424e-04 1.861047052835021125e-09
6.151343854061905054e-04 1.839157875846287689e-09
6.222573058856920762e-04 1.863075691505230666e-09
6.294627058970836365e-04 1.924905042135436602e-09
6.367515405083306549e-04 2.007330699979736299e-09
6.441247758465673719e-04 2.073330160769118121e-09
6.515833892261498582e-04 2.113691914244643395e-09
6.591283692782036463e-04 2.080205308137386739e-09
6.667607160816619227e-04 2.022338044750271842e-09
6.744814412958264824e-04 1.948687180350328018e-09
6.822915682944617451e-04 1.907343202132122072e-09
6.901921323014424334e-04 1.884806170297379213e-09
6.981841805279687899e-04 1.931472292369719650e-09
7.062687723113776324e-04 2.004346889304754294e-09
7.144469792555517389e-04 2.082092407020978483e-09
7.227198853729638849e-04 2.127148211754288912e-09
7.310885872283591101e-04 2.105931231791190841e-09
7.395541940841034037e-04 2.058588262638406017e-09
7.481178280472162642e-04 1.976530914665351303e-09
7.567806242181033963e-04 1.947471112085295729e-09
7.655437308410150245e-04 1.930541447631391354e-09
7.744083094562404478e-04 1.970610401543802544e-09
7.833755350540749394e-04 2.028496135113581435e-09
7.924465962305570410e-04 2.119806516298275511e-09
8.016226953450207018e-04 2.141001819114664238e-09
8.109050486794647586e-04 2.072926951828297927e-09
8.202948865997692447e-04 2.009349466519347450e-09
8.297934537187796715e-04 1.955209884587667543e-09
8.394020090612802068e-04 1.956609539099536920e-09
8.491218262308720130e-04 2.008974704653084703e-09
8.589541935787945847e-04 2.096647767887002679e-09
8.689004143746879155e-04 2.142507770371315659e-09
8.789618069793463453e-04 2.127696587459082221e-09
8.891397050194611591e-04 2.058702236115334835e-09
8.994354575643935708e-04 1.989210459811579404e-09
9.098504293049911040e-04 1.974858877615030586e-09
9.203860007344780506e-04 2.037320243223456244e-09
9.310435683314336689e-04 2.100840390029921435e-09
9.418245447449009487e-04 2.132264132229664338e-09
9.527303589816240974e-04 2.142084897251859527e-09
9.637624565954682008e-04 2.062690034303391800e-09
9.749222998790226836e-04 1.995328320939258557e-09
9.862113680574266256e-04 1.999278365598977408e-09
9.976311574844392432e-04 2.070681411427866355e-09
1.009183181840779715e-03 2.140663761445875033e-09
1.020868972334764650e-03 2.153322275220155842e-09
1.032690077905264224e-03 2.108329085426506582e-09
1.044648065427020156e-03 2.036337838393079150e-09
1.056744519918323541e-03 2.015705668289214103e-09
1.068981044751116105e-03 2.068088775629264894e-09
1.081359261863509879e-03 2.144410396852172621e-09
1.093880811974775810e-03 2.168870747563278126e-09
1.106547354802818028e-03 2.109987621241297643e-09
1.119360569284169734e-03 2.048059445100998305e-09
1.132322153796529608e-03 2.033469627907569522e-09
1.145433826383887056e-03 2.100391438721946630e-09
1.158697324984239588e-03 2.159264127225571953e-09
1.172114407659961052e-03 2.156941594201888551e-09
1.185686852830827474e-03 2.080104214327117257e-09
1.199416459509744732e-03 2.021097223435887824e-09
1.213305047541206891e-03 2.081050004480506883e-09
1.227354457842515364e-03 2.172923292843020544e-09
1.241566552647784894e-03 2.168242231208085454e-09
1.255943215754790803e-03 2.114149381198388576e-09
1.270486352774652947e-03 2.050520430468033804e-09
1.285197891384431837e-03 2.081883676480186543e-09
1.300079781582635843e-03 2.173798859488021904e-09
1.315133995947690435e-03 2.172481456595160629e-09
1.330362529899403951e-03 2.103367674691643228e-09
1.345767401963456761e-03 2.057326454082669517e-09
1.361350654038956127e-03 2.126841776614591845e-09
1.377114351669082772e-03 2.176936803245035690e-09
1.393060584314885974e-03 2.192171619448497250e-09
1.409191465632227396e-03 2.080280333637103018e-09
1.425509133751954758e-03 2.083134384540779530e-09
1.442015751563302745e-03 2.140472398426995392e-09
1.458713507000582730e-03 2.180936284647469285e-09
1.475604613333191895e-03 2.124180092857092369e-09
1.492691309458979909e-03 2.059710140730335462e-09
1.509975860201007635e-03 2.126398562326920496e-09
1.527460556607757513e-03 2.178429537722975996e-09
1.545147716256795815e-03 2.145385066212754736e-09
1.563039683561977646e-03 2.082184688907339436e-09
1.581138830084189264e-03 2.128225963597241803e-09
1.599447554845698401e-03 2.194411364141747025e-09
1.617968284648140355e-03 2.154839017242616748e-09
1.636703474394191234e-03 2.084217352539483821e-09
1.655655607412955237e-03 2.131023716359190565e-09
1.674827195789139285e-03 2.191825382811325890e-09
1.694220780696013449e-03 2.111639946109361721e-09
1.713838932732251975e-03 2.097611787486141942e-09
1.733684252262658121e-03 2.157762106809326865e-09
1.753759369762839405e-03 2.175054907604140016e-09
1.774066946167876177e-03 2.114553302854953211e-09
1.794609673225024734e-03 2.111434506241368274e-09
1.815390273850506567e-03 2.167590604558827423e-09
1.836411502490422785e-03 2.153634891344861056e-09
1.857676145485863536e-03 2.102189358729482218e-09
1.879187021442221524e-03 2.164244149103041371e-09
1.900946981602806129e-03 2.190743537686948935e-09
1.922958910226767442e-03 2.115183624056427266e-09
1.945225724971402217e-03 2.151246651598432812e-09
1.967750377278885965e-03 2.191256292912195594e-09
1.990535852767486274e-03 2.134818922940761932e-09
2.013585171627295303e-03 2.138256199532290208e-09
2.036901389020564709e-03 2.195411092527217166e-09
2.060487595486651478e-03 2.144270206625642406e-09
2.084346917351677202e-03 2.118228839983766412e-09
2.108482517142910590e-03 2.190093994587742638e-09
2.132897594007962527e-03 2.141759378768359484e-09
2.157595384138824915e-03 2.133596088344788753e-09
2.182579161200830058e-03 2.189934499839893705e-09
2.207852236766562250e-03 2.140680206601391968e-09
2.233417960754816977e-03 2.144187672837158340e-09
2.259279721874612925e-03 2.197898999541654798e-09
2.285440948074374777e-03 2.136488976503476466e-09
2.311905106996301092e-03 2.151866705608587008e-09
2.338675706435990129e-03 2.189884904365500071e-09
2.365756294807400822e-03 2.125498814483298266e-09
2.393150461613189652e-03 2.182577631375532407e-09
2.420861837920497157e-03 2.163088824135415790e-09
2.448894096842230486e-03 2.139706800847099184e-09
2.477250954023952137e-03 2.199234304750432693e-09
2.505936168136361879e-03 2.138426285816392442e-09
2.534953541373521912e-03 2.175227920249647227e-09
2.564306919956823531e-03 2.172776023612770955e-09
2.594000194644804132e-03 2.136780742810514592e-09
2.624037301248860997e-03 2.196062551207053744e-09
2.654422221154941613e-03 2.134740575886122804e-09
2.685158981851263043e-03 2.186840705876935946e-09
2.716251657462167429e-03 2.161322084065370095e-09
2.747704369288123637e-03 2.156620302780551536e-09
2.779521286352018561e-03 2.184588675109348513e-09
2.811706625951745052e-03 2.138755860127212860e-09
2.844264654219206146e-03 2.195504752382275596e-09
2.877199686685782878e-03 2.136335470616517946e-09
2.910516088854357610e-03 2.192272929837366306e-09
2.944218276777944496e-03 2.144203650845435273e-09
2.978310717645054565e-03 2.183569189482647381e-09
3.012797930371789810e-03 2.155395525059774596e-09
3.047684486200846234e-03 2.176834262970761445e-09
3.082975009307410696e-03 2.155173517144411720e-09
3.118674177412095096e-03 2.174024610387826904e-09
3.154786722400964270e-03 2.160971997911236243e-09
3.191317430952740879e-03 2.175396369978177647e-09
3.228271145173277484e-03 2.161183596170981447e-09
3.265652763237360430e-03 2.178301762610602070e-09
3.303467240037981714e-03 2.155906862331472585e-09
3.341719587843073637e-03 2.176919829633285433e-09
3.380414876959908759e-03 2.149102751614668964e-09
3.419558236407145221e-03 2.187413298967522067e-09
3.459154854594680920e-03 2.146462250176979369e-09
3.499209980011364681e-03 2.194758511751615082e-09
3.539728921920689761e-03 2.147122605722488341e-09
3.580717051064509580e-03 2.183931810145382704e-09
3.622179800374952623e-03 2.156765143765146701e-09
3.664122665694521767e-03 2.166071127187050747e-09
3.706551206504587938e-03 2.180937170333993741e-09
3.749471046662278956e-03 2.148856614631293628e-09
3.792887875145917534e-03 2.189984182900486824e-09
3.836807446809092567e-03 2.148703342008273163e-09
3.881235583143459542e-03 2.168747125847996918e-09
3.926178173050358551e-03 2.182402243062589774e-09
3.971641173621410364e-03 2.147317230805747795e-09
4.017630610928087966e-03 2.173000869026423506e-09
4.064152580820497296e-03 2.167853292180841098e-09
4.111213249735355506e-03 2.155129443801889774e-09
4.158818855513353625e-03 2.183135099474108407e-09
4.206975708225972610e-03 2.168396049431553274e-09
4.255690191011878530e-03 2.151404228755091378e-09
4.304968760923003589e-03 2.184967030926088623e-09
4.354817949780402306e-03 2.158707286385091691e-09
4.405244365040072822e-03 2.145667795028445392e-09
4.456254690668728577e-03 2.177589466726100655e-09
4.507855688029784036e-03 2.179480792190229101e-09
4.560054196779547535e-03 2.152031727328359355e-09
4.612857135773812921e-03 2.164523993038643924e-09
4.666271503984951476e-03 2.197751130604763795e-09
4.720304381429616877e-03 2.165366418380295694e-09
4.774962930107178559e-03 2.151442934701174915e-09
4.830254394949069947e-03 2.164346623869162663e-09
4.886186104779054185e-03 2.184534601812992465e-09
4.942765473284694427e-03 2.171408427813735468e-09
4.999999999999999237e-03 2.147328266201128590e-09
5.057897271299490252e-03 2.154009112045421256e-09
5.116464961403772820e-03 2.176521481221281534e-09
5.175710833396719723e-03 2.185400129832672406e-09
5.235642740254497010e-03 2.171730190166964467e-09
5.296268625886442309e-03 2.162749159372274743e-09
5.357596526188034176e-03 2.152896003226193241e-09
5.419634570106018380e-03 2.151589914649937315e-09
5.482390980715924449e-03 2.166212740088109535e-09
5.545874076312004575e-03 2.183084157637847824e-09
5.610092271509814314e-03 2.185028723950741513e-09
5.675054078361577332e-03 2.170668410436776242e-09
5.740768107484413990e-03 2.161862181410920327e-09
5.807243069201712196e-03 2.155450790931902960e-09
5.874487774697644861e-03 2.151138237613387576e-09
5.942511137185094161e-03 2.150745615222302567e-09
6.011322173087065013e-03 2.148230667398703524e-09
6.080930003231838424e-03 2.149457918541110216e-09
6.151343854061904620e-03 2.151016525017024215e-09
6.222573058856926617e-03 2.147589055577761311e-09
6.294627058970836582e-03 2.161971416928960297e-09
6.367515405083306115e-03 2.152340908998573537e-09
6.441247758465666780e-03 2.160990707489233518e-09
6.515833892261500317e-03 2.157136230158899137e-09
6.591283692782035596e-03 2.147552389794528532e-09
6.667607160816618576e-03 2.143114198713428246e-09
6.744814412958263956e-03 2.144880831007453787e-09
6.822915682944625040e-03 2.146665102642785479e-09
6.901921323014425201e-03 2.154375057864102691e-09
6.981841805279687466e-03 2.156512565603571547e-09
7.062687723113769168e-03 2.164440506710282459e-09
7.144469792555517389e-03 2.169032711465489194e-09
7.227198853729638849e-03 2.163675056994033135e-09
7.310885872283590450e-03 2.151571079989138393e-09
7.395541940841034688e-03 2.145849756567723809e-09
7.481178280472170448e-03 2.147214266966926254e-09
7.567806242181043287e-03 2.160052800539880793e-09
7.655437308410150028e-03 2.166492240352788480e-09
7.744083094562405345e-03 2.157369298927101819e-09
7.833755350540741805e-03 2.146017888241737351e-09
7.924465962305568892e-03 2.148558339572918709e-09
8.016226953450207235e-03 2.161882129539579029e-09
8.109050486794647586e-03 2.155039919772129619e-09
8.202948865997691796e-03 2.144335532777834006e-09
8.297934537187804521e-03 2.153253920406103362e-09
8.394020090612802285e-03 2.160563764095188852e-09
8.491218262308719913e-03 2.140394091905462767e-09
8.589541935787937607e-03 2.149604368068467434e-09
8.689004143746880890e-03 2.155904066368848445e-09
8.789618069793463453e-03 2.142740037839390341e-09
8.891397050194612892e-03 2.154647927276705820e-09
8.994354575643934840e-03 2.141768680744001451e-09
9.098504293049919714e-03 2.150322221523836301e-09
9.203860007344778771e-03 2.150386573757710170e-09
9.310435683314336255e-03 2.143334166662964860e-09
9.418245447448998428e-03 2.151654554766607509e-09
9.527303589816240106e-03 2.142603379470133935e-09
9.637624565954681574e-03 2.153310321942104749e-09
9.749222998790225969e-03 2.141570362838646906e-09
9.862113680574265823e-03 2.147040863158115367e-09
9.976311574844404576e-03 2.146101858650967554e-09
1.009183181840780756e-02 2.139572653864378444e-09
1.020868972334764563e-02 2.149909212462338911e-09
1.032690077905264354e-02 2.135876643407841223e-09
1.044648065427019115e-02 2.142478540439537244e-09
1.056744519918323411e-02 2.149454334834887546e-09
1.068981044751116105e-02 2.135376884175898776e-09
1.081359261863509835e-02 2.140781040570844997e-09
1.093880811974775637e-02 2.148529920332260956e-09
1.106547354802819329e-02 2.139303621030087853e-09
1.119360569284169951e-02 2.134819694932015537e-09
1.132322153796529694e-02 2.136513388205244824e-09
1.145433826383886189e-02 2.145003357528778494e-09
1.158697324984239718e-02 2.140192466247946245e-09
1.172114407659960965e-02 2.135434594387257518e-09
1.185686852830827517e-02 2.130632305376905202e-09
1.199416459509744862e-02 2.129693956978557144e-09
1.213305047541208236e-02 2.131020079690213306e-09
1.227354457842515234e-02 2.133849426093177755e-09
1.241566552647785024e-02 2.135037093293958273e-09
1.255943215754789545e-02 2.136853024859977193e-09
1.270486352774653077e-02 2.136747666836526588e-09
1.285197891384432314e-02 2.134596811270207079e-09
1.300079781582635929e-02 2.135243183207746301e-09
1.315133995947690565e-02 2.130249770433507750e-09
1.330362529899405295e-02 2.127454075443625840e-09
1.345767401963458322e-02 2.125272078385996301e-09
1.361350654038956040e-02 2.127360164207640997e-09
1.377114351669082859e-02 2.131967887904512805e-09
1.393060584314884456e-02 2.135197426259046477e-09
1.409191465632227483e-02 2.129920439356622971e-09
1.425509133751954628e-02 2.123849130233495213e-09
1.442015751563302701e-02 2.125311360645208565e-09
1.458713507000582686e-02 2.131890222722451899e-09
1.475604613333193239e-02 2.125895008741943252e-09
1.492691309458979952e-02 2.122980384376346353e-09
1.509975860201007852e-02 2.131340518304084989e-09
1.527460556607755995e-02 2.120424921109360872e-09
1.545147716256795901e-02 2.128559431526247164e-09
1.563039683561977602e-02 2.121884254769070766e-09
1.581138830084189567e-02 2.124242720217271619e-09
1.599447554845698227e-02 2.120274348090043172e-09
1.617968284648142047e-02 2.123183833280958551e-09
1.636703474394191060e-02 2.118929699104407156e-09
1.655655607412955324e-02 2.125953909979492880e-09
1.674827195789137593e-02 2.117132258611978778e-09
1.694220780696013146e-02 2.118079447015094379e-09
1.713838932732252018e-02 2.123516050769737992e-09
1.733684252262658251e-02 2.116301426995130956e-09
1.753759369762839665e-02 2.113997167211216345e-09
1.774066946167878259e-02 2.117318269464510808e-09
1.794609673225026208e-02 2.121337773766034039e-09
1.815390273850506567e-02 2.119464124752594530e-09
1.836411502490422482e-02 2.116345910235564305e-09
1.857676145485861671e-02 2.113031974586761143e-09
1.879187021442221134e-02 2.111100747332044027e-09
1.900946981602805869e-02 2.111166278092566416e-09
1.922958910226767182e-02 2.110312739154770854e-09
1.945225724971402087e-02 2.110932413521630522e-09
1.967750377278887353e-02 2.113107383282190909e-09
1.990535852767486361e-02 2.114708730316569836e-09
2.013585171627295042e-02 2.114602894824864658e-09
2.036901389020562628e-02 2.110105710151226797e-09
2.060487595486651738e-02 2.105363669461386171e-09
2.084346917351677028e-02 2.110647984793493083e-09
2.108482517142910503e-02 2.111947281944023552e-09
2.132897594007962527e-02 2.105283397617002092e-09
2.157595384138826650e-02 2.107614360974987767e-09
2.182579161200829884e-02 2.107111588898037873e-09
2.207852236766562337e-02 2.104213579540093720e-09
2.233417960754814635e-02 2.105465246449957847e-09
2.259279721874613012e-02 2.103030803870908073e-09
2.285440948074375644e-02 2.101385510789093055e-09
2.311905106996301265e-02 2.107149928559341306e-09
2.338675706435990390e-02 2.100311480288924401e-09
2.365756294807403598e-02 2.100490217549107892e-09
2.393150461613192254e-02 2.103885653818697619e-09
2.420861837920496376e-02 2.103122340573186279e-09
2.448894096842230139e-02 2.100412833230947807e-09
2.477250954023949708e-02 2.097678648581122746e-09
2.505936168136362052e-02 2.095998351040673128e-09
2.534953541373521912e-02 2.095601515514319717e-09
2.564306919956823791e-02 2.095215798238184739e-09
2.594000194644804219e-02 2.095258104048595674e-09
2.624037301248863599e-02 2.095752323350775817e-09
2.654422221154941613e-02 2.098562932970135777e-09
2.685158981851263130e-02 2.097409555851916085e-09
2.716251657462164654e-02 2.093323773053939662e-09
2.747704369288123810e-02 2.093309378525491219e-09
2.779521286352018214e-02 2.096399999195305381e-09
2.811706625951744878e-02 2.074763929638522807e-09
2.844264654219205712e-02 2.094720829951919875e-09
2.877199686685785740e-02 2.090120666973287101e-09
2.910516088854357350e-02 2.094558304730694033e-09
2.944218276777944496e-02 2.088200458069567109e-09
2.978310717645051356e-02 2.088737344446091353e-09
3.012797930371790070e-02 2.091482555144424294e-09
3.047684486200846407e-02 2.088965590839140481e-09
3.082975009307410696e-02 2.085963976035275398e-09
3.118674177412095530e-02 2.084627238044331388e-09
3.154786722400967913e-02 2.083674190369152048e-09
3.191317430952744089e-02 2.083327316521158484e-09
3.228271145173277484e-02 2.082726685187188823e-09
3.265652763237360950e-02 2.083546315402641051e-09
3.303467240037977898e-02 2.083824717531111422e-09
3.341719587843073463e-02 2.084930556068249836e-09
3.380414876959908499e-02 2.080696190351678574e-09
3.419558236407146262e-02 2.082102689360365495e-09
3.459154854594680834e-02 2.081723457652291674e-09
3.499209980011368931e-02 2.079499362694170008e-09
3.539728921920690108e-02 2.079715162617719629e-09
3.580717051064509493e-02 2.080331584391468783e-09
3.622179800374948633e-02 2.076535845955523419e-09
3.664122665694521247e-02 2.075804644822043795e-09
3.706551206504588025e-02 2.078834037702103169e-09
3.749471046662278262e-02 2.077718380220860902e-09
3.792887875145917187e-02 2.078125290881612867e-09
3.836807446809096384e-02 2.078078717254781530e-09
3.881235583143458762e-02 2.076381933859364522e-09
3.926178173050358378e-02 2.074269291964891501e-09
3.971641173621406201e-02 2.071207072192278331e-09
4.017630610928087792e-02 2.072533823103274914e-09
4.064152580820496602e-02 2.073289307640578982e-09
4.111213249735355679e-02 2.069789065362048699e-09
4.158818855513353452e-02 2.072041383373935464e-09
4.206975708225977467e-02 2.069549768997046570e-09
4.255690191011882867e-02 2.068002812806353537e-09
4.304968760923003068e-02 2.068997210528271009e-09
4.354817949780401959e-02 2.069784858551389612e-09
4.405244365040068139e-02 2.068603325917441627e-09
4.456254690668729618e-02 2.068099552322979777e-09
4.507855688029784730e-02 2.066723984434933011e-09
4.560054196779547708e-02 2.066478420137592474e-09
4.612857135773813788e-02 2.063595699687138023e-09
4.666271503984956853e-02 2.063060326786479555e-09
4.720304381429617224e-02 2.064835742993744194e-09
4.774962930107178732e-02 2.060935172266896234e-09
4.830254394949064223e-02 2.064404170328697785e-09
4.886186104779054878e-02 2.062909031951540216e-09
4.942765473284694427e-02 2.059309114118940443e-09
4.999999999999998890e-02 2.056707790820051869e-09
5.057897271299490599e-02 2.058342210404471332e-09
5.116464961403772299e-02 2.056898408342937979e-09
5.175710833396719723e-02 2.056598156801492939e-09
5.235642740254497357e-02 2.056732177145119687e-09
5.296268625886441789e-02 2.057800106604053775e-09
5.357596526188034003e-02 2.054233159233579797e-09
5.419634570106018207e-02 2.057057538120880701e-09
5.482390980715924622e-02 2.052746167447759933e-09
5.545874076312003881e-02 2.051689972385538476e-09
5.610092271509820039e-02 2.054006028363381302e-09
5.675054078361576465e-02 2.054008463044474008e-09
5.740768107484413296e-02 2.052769563344546236e-09
5.807243069201711849e-02 2.051872886509105619e-09
5.874487774697650933e-02 2.049835993727404208e-09
5.942511137185093467e-02 2.049111415223605082e-09
6.011322173087065013e-02 2.050195208685633350e-09
6.080930003231838771e-02 2.047511340672347982e-09
6.151343854061904620e-02 2.047695404475816447e-09
6.222573058856927658e-02 2.048695354529733611e-09
6.294627058970836408e-02 2.046508299195736916e-09
6.367515405083307156e-02 2.046415843367672851e-09
6.441247758465666606e-02 2.045484530953375669e-09
6.515833892261499449e-02 2.044529692826800237e-09
6.591283692782035075e-02 2.042577221226029128e-09
6.667607160816618750e-02 2.043864588893310909e-09
6.744814412958265171e-02 2.041241904217667034e-09
6.822915682944626081e-02 2.041081067135609359e-09
6.901921323014426068e-02 2.041601595671794976e-09
6.981841805279687119e-02 2.044558918685572335e-09
7.062687723113769689e-02 2.040281894739170281e-09
7.144469792555516174e-02 2.036885438980261603e-09
7.227198853729638328e-02 2.036916110609266781e-09
7.310885872283591491e-02 2.039046990590508044e-09
7.395541940841034168e-02 2.036637893655307838e-09
7.481178280472169928e-02 2.035210376184882214e-09
7.567806242181042420e-02 2.037551831173116586e-09
7.655437308410149855e-02 2.033341021583702553e-09
7.744083094562403957e-02 2.032921642292869707e-09
7.833755350540749784e-02 2.032443664947750882e-09
7.924465962305569933e-02 2.034121732097648614e-09
8.016226953450208970e-02 2.025403095322543663e-09
8.109050486794648627e-02 2.030604705178549591e-09
8.202948865997691796e-02 2.029585617671138072e-09
8.297934537187805215e-02 2.028909417501211527e-09
8.394020090612801244e-02 2.027596678573395517e-09
8.491218262308719567e-02 2.029281936254703415e-09
8.589541935787936566e-02 2.026729119404850062e-09
8.689004143746881237e-02 2.027572519542298960e-09
8.789618069793463107e-02 2.009752555382521320e-09
8.891397050194613239e-02 2.026416999182968059e-09
8.994354575643935534e-02 2.026098828057659797e-09
9.098504293049920755e-02 2.023733266168610957e-09
9.203860007344782934e-02 2.023412243478477485e-09
9.310435683314335908e-02 2.022573521418505502e-09
9.418245447449000163e-02 2.022793243871166969e-09
9.527303589816239759e-02 2.022185833414597699e-09
9.637624565954680533e-02 2.020587190971773482e-09
9.749222998790224581e-02 2.019532353621446641e-09
9.862113680574265129e-02 2.018853676165191267e-09
9.976311574844401453e-02 2.018075651444000492e-09
1.009183181840780652e-01 2.016862070806489848e-09
1.020868972334764563e-01 2.017705558399941244e-09
1.032690077905264459e-01 2.016088634307607262e-09
1.044648065427020295e-01 2.016378430105757787e-09
1.056744519918323688e-01 2.014994919796028722e-09
1.068981044751115966e-01 2.013474582614752046e-09
1.081359261863509835e-01 2.012383442971433821e-09
1.093880811974775880e-01 2.012224883514270350e-09
1.106547354802819155e-01 2.012123117857938584e-09
1.119360569284169882e-01 2.010571341868678954e-09
1.132322153796529590e-01 2.011155868579224155e-09
1.145433826383886050e-01 2.010116957534053190e-09
1.158697324984239718e-01 2.010584656475935942e-09
1.172114407659961138e-01 2.011117357445712389e-09
1.185686852830827448e-01 2.007608335697937762e-09
1.199416459509744931e-01 2.010930947159357651e-09
1.213305047541208270e-01 2.006564498104027521e-09
1.227354457842515373e-01 2.005599595291898945e-09
1.241566552647785093e-01 2.005675247680323947e-09
1.255943215754789510e-01 2.004909039484907313e-09
1.270486352774652938e-01 2.003400135611801197e-09
1.285197891384432245e-01 2.003509711944252867e-09
1.300079781582635929e-01 2.002378071419712162e-09
1.315133995947690426e-01 2.003500352027252660e-09
1.330362529899405399e-01 2.001463171269573855e-09
1.345767401963458010e-01 2.001127339881020239e-09
1.361350654038956109e-01 2.000452283950234389e-09
1.377114351669082859e-01 1.957853325919099446e-09
1.393060584314886052e-01 1.997845415043139567e-09
1.409191465632227414e-01 1.997588718627405041e-09
1.425509133751954594e-01 1.997599533175405734e-09
1.442015751563302528e-01 1.997776108016411733e-09
1.458713507000582721e-01 1.996644335613702895e-09
1.475604613333193205e-01 1.994634080508784883e-09
1.492691309458979987e-01 1.994288085564869435e-09
1.509975860201007714e-01 1.993697870542145004e-09
1.527460556607755926e-01 1.994089516752141933e-09
1.545147716256795867e-01 1.993652904475895523e-09
1.563039683561977533e-01 1.991193585850475437e-09
1.581138830084189428e-01 1.990511384295607165e-09
1.599447554845698227e-01 1.989822758802578258e-09
1.617968284648141908e-01 1.988411621645759727e-09
1.636703474394191060e-01 1.987538815191154138e-09
1.655655607412955255e-01 1.987425130946967170e-09
1.674827195789137801e-01 1.988954970780990697e-09
1.694220780696013284e-01 1.986576476281562599e-09
1.713838932732251741e-01 1.987014207691658703e-09
1.733684252262658043e-01 1.984689204796032330e-09
1.753759369762839249e-01 1.985027110986118268e-09
1.774066946167878189e-01 1.987953662195444170e-09
1.794609673225026625e-01 1.983215164691141897e-09
1.815390273850506775e-01 1.981928079117286336e-09
1.836411502490422898e-01 1.981781087464903441e-09
1.857676145485863684e-01 1.980546576106593015e-09
1.879187021442221273e-01 1.981363951117386475e-09
1.900946981602806285e-01 1.976999396652454151e-09
1.922958910226767459e-01 1.978973668337442918e-09
1.945225724971401948e-01 1.977790896574635084e-09
1.967750377278887908e-01 1.978764029568408860e-09
1.990535852767486291e-01 1.976702674197270880e-09
2.013585171627295112e-01 1.975992969879905486e-09
2.036901389020562836e-01 1.977421372187883708e-09
2.060487595486651669e-01 1.974485312062147894e-09
2.084346917351677098e-01 1.974437510050145684e-09
2.108482517142911128e-01 1.973941930782538941e-09
2.132897594007962250e-01 1.973534473390105614e-09
2.157595384138826511e-01 1.972483010128174287e-09
2.182579161200830231e-01 1.971419583244720997e-09
2.207852236766562060e-01 1.970231911229450288e-09
2.233417960754814635e-01 1.969488900357543081e-09
2.259279721874613012e-01 1.968717187165852879e-09
2.285440948074375644e-01 1.971210961309373552e-09
2.311905106996300918e-01 1.969312479112505493e-09
2.338675706435990043e-01 1.967609112008069401e-09
2.365756294807403459e-01 1.972100507208275194e-09
2.393150461613192115e-01 1.965280078939735613e-09
2.420861837920496862e-01 1.964274875367263005e-09
2.448894096842230417e-01 1.963823546941928001e-09
2.477250954023952345e-01 1.963469007133668195e-09
2.505936168136362330e-01 1.963103066405277992e-09
2.534953541373521912e-01 1.962238235750261226e-09
2.564306919956823583e-01 1.963142637647145214e-09
2.594000194644804358e-01 1.960267630003574954e-09
2.624037301248863807e-01 1.960275155619997308e-09
2.654422221154941752e-01 1.961162248812260635e-09
2.685158981851262783e-01 1.958368491577313720e-09
2.716251657462164792e-01 1.958740350277056607e-09
2.747704369288123671e-01 1.956774308922340024e-09
2.779521286352018006e-01 1.957712655856265723e-09
2.811706625951744809e-01 1.957105623392421141e-09
2.844264654219206268e-01 1.955165275602105724e-09
2.877199686685785740e-01 1.952277591534069747e-09
2.910516088854357419e-01 1.952214523267104198e-09
2.944218276777944010e-01 1.953952138806415888e-09
2.978310717645051287e-01 1.950484982547649208e-09
3.012797930371790001e-01 1.951747551672272220e-09
3.047684486200846199e-01 1.950164814790559791e-09
3.082975009307409864e-01 1.950414649827732940e-09
3.118674177412095183e-01 1.949974893355619151e-09
3.154786722400967358e-01 1.947951628053703681e-09
3.191317430952744227e-01 1.945798787269810802e-09
3.228271145173277623e-01 1.945225957247897421e-09
3.265652763237361089e-01 1.946265575172467547e-09
3.303467240037981645e-01 1.947389929490027572e-09
3.341719587843073880e-01 1.945450339692092773e-09
3.380414876959909054e-01 1.945149218726284016e-09
3.419558236407145846e-01 1.943282947320023782e-09
3.459154854594680417e-01 1.942405637359616460e-09
3.499209980011368515e-01 1.941914780823726059e-09
3.539728921920690663e-01 1.946852407931925980e-09
3.580717051064509771e-01 1.941332674267295801e-09
3.622179800374948910e-01 1.939015089168111527e-09
3.664122665694521941e-01 1.940143568908224434e-09
3.706551206504588025e-01 1.940046656112758334e-09
3.749471046662278817e-01 1.936948253526005299e-09
3.792887875145917742e-01 1.937572624639404642e-09
3.836807446809096800e-01 1.936717317516249137e-09
3.881235583143459178e-01 1.936603292617773611e-09
3.926178173050358100e-01 1.936164691293313915e-09
3.971641173621406340e-01 1.935734382545552345e-09
4.017630610928087931e-01 1.935397278969306112e-09
4.064152580820497018e-01 1.932878485943072568e-09
4.111213249735355402e-01 1.932359129455187195e-09
4.158818855513353729e-01 1.941140091480419584e-09
4.206975708225977328e-01 1.931528389455393292e-09
4.255690191011883283e-01 1.931896260283881981e-09
4.304968760923003068e-01 1.929483221553037507e-09
4.354817949780402375e-01 1.929417835445667248e-09
4.405244365040072441e-01 1.930682824418468731e-09
4.456254690668728369e-01 1.928255597022502961e-09
4.507855688029784313e-01 1.926669359128383627e-09
4.560054196779547708e-01 1.923497991460597647e-09
4.612857135773818507e-01 1.925766802594137945e-09
4.666271503984956714e-01 1.924978810783285010e-09
4.720304381429616947e-01 1.924423064993077495e-09
4.774962930107178871e-01 1.923632106762533364e-09
4.830254394949065055e-01 1.922566786841762259e-09
4.886186104779055572e-01 1.926294483389017777e-09
4.942765473284694289e-01 1.921528560984788998e-09
5.000000000000000000e-01 1.921108070736084951e-09
5.235642740254496941e-01 1.917781423952670239e-09
5.482390980715925455e-01 1.913646148668254017e-09
5.740768107484413019e-01 1.914171504714564581e-09
6.011322173087063625e-01 1.910187979584330260e-09
6.294627058970835298e-01 1.908466866385219940e-09
6.591283692782035075e-01 1.906723908487903142e-09
6.901921323014422738e-01 1.900910322679350070e-09
7.227198853729638328e-01 1.898702652587350734e-09
7.567806242181041032e-01 1.894315237783285021e-09
7.924465962305566880e-01 1.892322173160070117e-09
8.297934537187803272e-01 1.844265479097508737e-09
8.689004143746876796e-01 1.888965222526786703e-09
9.098504293049917147e-01 1.882928670169465630e-09
9.527303589816236151e-01 1.881993334287108141e-09
9.976311574844398677e-01 1.879194926593491816e-09
1.044648065427019601e+00 1.877059291344468007e-09
1.093880811974776268e+00 1.964575979564781540e-09
1.145433826383886355e+00 1.871024584017487349e-09
1.199416459509744959e+00 1.867887883363454008e-09
1.255943215754790065e+00 1.864717010574806842e-09
1.315133995947690870e+00 1.858983776399645110e-09
1.377114351669083137e+00 1.860178755874220324e-09
1.442015751563303194e+00 1.857093284553168508e-09
1.509975860201008047e+00 1.851600871573230983e-09
1.581138830084189539e+00 1.852242778387922369e-09
1.655655607412955810e+00 1.846797369624975275e-09
1.733684252262658321e+00 1.846512290765114493e-09
1.815390273850506775e+00 1.842086257579260158e-09
1.900946981602805730e+00 1.872965714643223389e-09
1.990535852767486125e+00 1.836968144285251869e-09
2.084346917351676876e+00 1.840000561755832368e-09
2.182579161200830065e+00 1.837717920629352280e-09
2.285440948074374923e+00 1.823124681814144985e-09
2.393150461613192004e+00 1.820427747043734241e-09
2.505936168136362330e+00 1.823421600986428793e-09
2.624037301248863141e+00 1.821146453320631337e-09
2.747704369288122450e+00 1.818154226421379886e-09
2.877199686685785185e+00 1.816393430507430378e-09
3.012797930371788890e+00 1.814334334995829827e-09
3.154786722400966248e+00 1.812673420885535973e-09
3.303467240037980091e+00 1.807008701541892318e-09
3.459154854594682416e+00 1.805101198642015387e-09
3.622179800374950798e+00 1.806759797376598354e-09
3.792887875145919185e+00 1.800846687573590970e-09
3.971641173621408338e+00 1.796426461855116427e-09
4.158818855513356283e+00 1.794401198097933023e-09
4.354817949780404263e+00 1.791025709468655865e-09
4.560054196779547375e+00 1.788819040209789232e-09
4.774962930107178316e+00 1.786567477320279654e-09
5.000000000000000888e+00 1.782305054791965747e-09
6.294627058970836408e+00 1.773664328467341971e-09
7.924465962305568212e+00 1.756023645393737460e-09
9.976311574844396901e+00 1.732884764959625465e-09
1.255943215754789932e+01 1.731185162504807578e-09
1.581138830084189451e+01 1.716883106336579783e-09
1.990535852767486347e+01 1.703448313505739155e-09
2.505936168136361886e+01 1.683180575512450745e-09
3.154786722400966070e+01 1.676669627026154969e-09
3.971641173621406296e+01 1.664032393763583474e-09
5.000000000000000000e+01 1.651972859395931666e-09
