3.971641173621410364e-05 1.757410874847343052e-13
4.064152580820497269e-05 2.816271039755895880e-13
4.158818855513353842e-05 5.648018696913931767e-13
4.255690191011877717e-05 1.019301284837082904e-12
4.354817949780397373e-05 1.644454038659034159e-12
4.456254690668729390e-05 2.442425708815586164e-12
4.560054196779547508e-05 3.419199454510679188e-12
4.666271503984952289e-05 4.583163881328159733e-12
4.774962930107183736e-05 5.950032288050641320e-12
4.886186104779054808e-05 7.522621448182740475e-12
4.999999999999998207e-05 9.324913189632096317e-12
5.057897271299490442e-05 1.031965376620490936e-11
5.116464961403767209e-05 1.137469611884634107e-11
5.175710833396714221e-05 1.249934168582447185e-11
5.235642740254491996e-05 1.368854446860815317e-11
5.296268625886447866e-05 1.494971776680067251e-11
5.357596526188034176e-05 1.629151128114444970e-11
5.419634570106017946e-05 1.770068260816873888e-11
5.482390980715925072e-05 1.919840803532691702e-11
5.545874076312004358e-05 2.078899609982443954e-11
5.610092271509813691e-05 2.245803717131222313e-11
5.675054078361570665e-05 2.422351012472200685e-11
5.740768107484407919e-05 2.608003474579478281e-11
5.807243069201718186e-05 2.805090708992276517e-11
5.874487774697651393e-05 3.011539414353066622e-11
5.942511137185093809e-05 3.228114385923294811e-11
6.011322173087064877e-05 3.457235544803303329e-11
6.080930003231838695e-05 3.698153299199007808e-11
6.151343854061905325e-05 3.951831084691695119e-11
6.222573058856921034e-05 4.216478169191090766e-11
6.294627058970830402e-05 4.495862474508791884e-11
6.367515405083314138e-05 4.789242379056713500e-11
6.441247758465673719e-05 5.097882509714586982e-11
6.515833892261499124e-05 5.421889539687676967e-11
6.591283692782035650e-05 5.760774004429868457e-11
6.667607160816619769e-05 6.116196424724048030e-11
6.744814412958265366e-05 6.487617295266047367e-11
6.822915682944618535e-05 6.879921382453362383e-11
6.901921323014417829e-05 7.288825741659688984e-11
6.981841805279679497e-05 7.717233379569316779e-11
7.062687723113775782e-05 8.166753401901693293e-11
7.144469792555517389e-05 8.633996458346138457e-11
7.227198853729638578e-05 9.127978820012001320e-11
7.310885872283590017e-05 9.640844201209924701e-11
7.395541940841035122e-05 1.017870311397231906e-10
7.481178280472162371e-05 1.074013148722660866e-10
7.567806242181034505e-05 1.132729648918267988e-10
7.655437308410142656e-05 1.193946163755800030e-10
7.744083094562412067e-05 1.258331094130073489e-10
7.833755350540748852e-05 1.324854293556325435e-10
7.924465962305569597e-05 1.394916153898849736e-10
8.016226953450209458e-05 1.467729887126594927e-10
8.109050486794647857e-05 1.543406854803955402e-10
8.202948865997692718e-05 1.622917956964699699e-10
8.297934537187795360e-05 1.705432438897455599e-10
8.394020090612792852e-05 1.791174278274785966e-10
8.491218262308728262e-05 1.881203151605079353e-10
8.589541935787945305e-05 1.974485483344066481e-10
8.689004143746881595e-05 2.072112747352879290e-10
8.789618069793464267e-05 2.173345060748885293e-10
8.891397050194613488e-05 2.278781985297500641e-10
8.994354575643936521e-05 2.388619845358833742e-10
9.098504293049911853e-05 2.502073434517380979e-10
9.203860007344770748e-05 2.620984553020726578e-10
9.310435683314326931e-05 2.744180526822753268e-10
9.418245447449009216e-05 2.872124106667150357e-10
9.527303589816239347e-05 3.005114509841680947e-10
9.637624565954680924e-05 3.142996241452404359e-10
9.749222998790225210e-05 3.286643251640491099e-10
9.862113680574264088e-05 3.435686117043432983e-10
9.976311574844392432e-05 3.589876565873898032e-10
1.009183181840780827e-04 3.749302244985326995e-10
1.020868972334764650e-04 3.914988590131103854e-10
1.032690077905264333e-04 4.086121450649525374e-10
1.044648065427019099e-04 4.264734825667701021e-10
1.056744519918323676e-04 4.448103031688561140e-10
1.068981044751116051e-04 4.639069131057409006e-10
1.081359261863509824e-04 4.836566864280447963e-10
1.093880811974775783e-04 5.039726733407687413e-10
1.106547354802819166e-04 5.249984206054773275e-10
1.119360569284169843e-04 5.467550865671526140e-10
1.132322153796529580e-04 5.692453018886200410e-10
1.145433826383886026e-04 5.924964790964131340e-10
1.158697324984239615e-04 6.163140816624110289e-10
1.172114407659961296e-04 6.410559237857605899e-10
1.185686852830827555e-04 6.663807435191978504e-10
1.199416459509744813e-04 6.927869877768237618e-10
1.213305047541207081e-04 7.196889794590879124e-10
1.227354457842515364e-04 7.473803034006831696e-10
1.241566552647784948e-04 7.758567082108928858e-10
1.255943215754789502e-04 8.050150198597447258e-10
1.270486352774653110e-04 8.354314199081181183e-10
1.285197891384432108e-04 8.662357501472302791e-10
1.300079781582635788e-04 8.978692625685431789e-10
1.315133995947690435e-04 9.305936186228271895e-10
1.330362529899403897e-04 9.638563360045365411e-10
1.345767401963458333e-04 9.980969406752863809e-10
1.361350654038956344e-04 1.032860105093234671e-09
1.377114351669082826e-04 1.068596499094484486e-09
1.393060584314884456e-04 1.105291501876869375e-09
1.409191465632227234e-04 1.142455023403676526e-09
1.425509133751954596e-04 1.180486425398467607e-09
1.442015751563302474e-04 1.219247687441636194e-09
1.458713507000582675e-04 1.258527255510062592e-09
1.475604613333193142e-04 1.298850294972514534e-09
1.492691309458979746e-04 1.339553177591298748e-09
1.509975860201007907e-04 1.380969251524974882e-09
1.527460556607755941e-04 1.423130618103719772e-09
1.545147716256795760e-04 1.465686192242681149e-09
1.563039683561977700e-04 1.509019382597636590e-09
1.581138830084189697e-04 1.552271946584665402e-09
1.599447554845698672e-04 1.596648524352185446e-09
1.617968284648140247e-04 1.640736739368803928e-09
1.636703474394191234e-04 1.685549139526832972e-09
1.655655607412955237e-04 1.730525949853621055e-09
1.674827195789137550e-04 1.775911148693004667e-09
1.694220780696013395e-04 1.821091660168847329e-09
1.713838932732251867e-04 1.866644210532081877e-09
1.733684252262658175e-04 1.912278451823134463e-09
1.753759369762839622e-04 1.956936210148816759e-09
1.774066946167876069e-04 2.002083338916730233e-09
1.794609673225026360e-04 2.047177706989990554e-09
1.815390273850506729e-04 2.091355984874512054e-09
1.836411502490422785e-04 2.135105765490931835e-09
1.857676145485863753e-04 2.178619460924649107e-09
1.879187021442221307e-04 2.221156801999498637e-09
1.900946981602805912e-04 2.262421675455214290e-09
1.922958910226767171e-04 2.303748663641918099e-09
1.945225724971401946e-04 2.343646266858297307e-09
1.967750377278885477e-04 2.382258972128584454e-09
1.990535852767486220e-04 2.419722278882194667e-09
2.013585171627295032e-04 2.455115442788347315e-09
2.036901389020563029e-04 2.488912263632660830e-09
2.060487595486651369e-04 2.521463704689829976e-09
2.084346917351676985e-04 2.551711648542926086e-09
2.108482517142910915e-04 2.581218083229201477e-09
2.132897594007962310e-04 2.607517385334685901e-09
2.157595384138824807e-04 2.631507940872492811e-09
2.182579161200830003e-04 2.653239651823040850e-09
2.207852236766562250e-04 2.672661626622124604e-09
2.233417960754814700e-04 2.689484854619934413e-09
2.259279721874612654e-04 2.703389230827532362e-09
2.285440948074375482e-04 2.714537264994179681e-09
2.311905106996301417e-04 2.722452616906910642e-09
2.338675706435990400e-04 2.727590506871813942e-09
2.365756294807401202e-04 2.729040417171326573e-09
2.393150461613192416e-04 2.727592566903168714e-09
2.420861837920496669e-04 2.722569282099311330e-09
2.448894096842230486e-04 2.714532777374735231e-09
2.477250954023952571e-04 2.702683876137201715e-09
2.505936168136362096e-04 2.687812939555814261e-09
2.534953541373521587e-04 2.669631727987080450e-09
2.564306919956823639e-04 2.647212681086997576e-09
2.594000194644803916e-04 2.622404688585322596e-09
2.624037301248860888e-04 2.593133886995302281e-09
2.654422221154941939e-04 2.560920707500377589e-09
2.685158981851263043e-04 2.526333077397576439e-09
2.716251657462165044e-04 2.487966279774049841e-09
2.747704369288123854e-04 2.446393258395991649e-09
2.779521286352018127e-04 2.402894517353173450e-09
2.811706625951744943e-04 2.356429452916631529e-09
2.844264654219205712e-04 2.308249415935064554e-09
2.877199686685782661e-04 2.257348464201066316e-09
2.910516088854357393e-04 2.205369405753505644e-09
2.944218276777944170e-04 2.151918178806401028e-09
2.978310717645051204e-04 2.096953076064512823e-09
3.012797930371790027e-04 2.041879151071809893e-09
3.047684486200846234e-04 1.985994697884612073e-09
3.082975009307410263e-04 1.930305726289835559e-09
3.118674177412095313e-04 1.875322386914669451e-09
3.154786722400964379e-04 1.821128725164226892e-09
3.191317430952743915e-04 1.768717101897395135e-09
3.228271145173277810e-04 1.717992972096374052e-09
3.265652763237360972e-04 1.669731969276541498e-09
3.303467240037981823e-04 1.624406626047157444e-09
3.341719587843073962e-04 1.582374503348055275e-09
3.380414876959908759e-04 1.544221260490724585e-09
3.419558236407146197e-04 1.510286303566795793e-09
3.459154854594681137e-04 1.481080011362331583e-09
3.499209980011365765e-04 1.457023419223785433e-09
3.539728921920690086e-04 1.437916996851797127e-09
3.580717051064509905e-04 1.424828219101844046e-09
3.622179800374948611e-04 1.417685180169811211e-09
3.664122665694521551e-04 1.417180279032695268e-09
3.706551206504588155e-04 1.421950930587011454e-09
3.749471046662279281e-04 1.433974321498612188e-09
3.792887875145916558e-04 1.452195371810725309e-09
3.836807446809091266e-04 1.476699732958754239e-09
3.881235583143459109e-04 1.507567225978453687e-09
3.926178173050358226e-04 1.544198448066877900e-09
3.971641173621405486e-04 1.586640922242094533e-09
4.017630610928088399e-04 1.634112089990589435e-09
4.064152580820496320e-04 1.686412316737748521e-09
4.111213249735355181e-04 1.742553539765965993e-09
4.158818855513353300e-04 1.802019961232102247e-09
4.206975708225972935e-04 1.864244033970384768e-09
4.255690191011882867e-04 1.927938568310818920e-09
4.304968760923003155e-04 1.992552420958114346e-09
4.354817949780401438e-04 2.056966076478417604e-09
4.405244365040072822e-04 2.120312629574681537e-09
4.456254690668728035e-04 2.181420830539427511e-09
4.507855688029784470e-04 2.239344971194226143e-09
4.560054196779547643e-04 2.292953584201459867e-09
4.612857135773813463e-04 2.341636380584423571e-09
4.666271503984952018e-04 2.384363550236431917e-09
4.720304381429617636e-04 2.419519982006369020e-09
4.774962930107178993e-04 2.447950458728315678e-09
4.830254394949064960e-04 2.467405293254907083e-09
4.886186104779055486e-04 2.478330632023886562e-09
4.942765473284694211e-04 2.480459304884833752e-09
4.999999999999999020e-04 2.473113410513359915e-09
5.057897271299491120e-04 2.456654864202821073e-09
5.116464961403766531e-04 2.431930693503573394e-09
5.175710833396719507e-04 2.398930016202775072e-09
5.235642740254497010e-04 2.358331580941366351e-09
5.296268625886442309e-04 2.312213490414214266e-09
5.357596526188034176e-04 2.259726036980241259e-09
5.419634570106019031e-04 2.203527443754515219e-09
5.482390980715924666e-04 2.144596027208509568e-09
5.545874076312004358e-04 2.085603936016713093e-09
5.610092271509814097e-04 2.026573694041044120e-09
5.675054078361570394e-04 1.970369922352865772e-09
5.740768107484413340e-04 1.918580848614792250e-09
5.807243069201711546e-04 1.872624302831626405e-09
5.874487774697650716e-04 1.834253605115229548e-09
5.942511137185093944e-04 1.804831141971351283e-09
6.011322173087063929e-04 1.785176151234403122e-09
6.080930003231838424e-04 1.777285649069692951e-09
6.151343854061905054e-04 1.779799122243314240e-09
6.222573058856920762e-04 1.794452257396129812e-09
6.294627058970837449e-04 1.820142385843525142e-09
6.367515405083307633e-04 1.856626082263592092e-09
6.441247758465674803e-04 1.902474741493259496e-09
6.515833892261498582e-04 1.957304478422286524e-09
6.591283692782035379e-04 2.017397062862962486e-09
6.667607160816619227e-04 2.081214448166919646e-09
6.744814412958264824e-04 2.147536665148914577e-09
6.822915682944617451e-04 2.212635316325007516e-09
6.901921323014424334e-04 2.274285657357716407e-09
6.981841805279687899e-04 2.328852024700318773e-09
7.062687723113776324e-04 2.374959610777206037e-09
7.144469792555517389e-04 2.410841701425300484e-09
7.227198853729638849e-04 2.434132748039789361e-09
7.310885872283591101e-04 2.442983006005591292e-09
7.395541940841035122e-04 2.439214328236590677e-09
7.481178280472162642e-04 2.420645060644477330e-09
7.567806242181032879e-04 2.389409012354514873e-09
7.655437308410150245e-04 2.346300538061506764e-09
7.744083094562404478e-04 2.293938684774486862e-09
7.833755350540749394e-04 2.235447649181036439e-09
7.924465962305569326e-04 2.174204239734490808e-09
8.016226953450205934e-04 2.113406873678268242e-09
8.109050486794647586e-04 2.057011427849428505e-09
8.202948865997692447e-04 2.008389453566795108e-09
8.297934537187796715e-04 1.971085193241529681e-09
8.394020090612802068e-04 1.947406229954529010e-09
8.491218262308720130e-04 1.939368744384788749e-09
8.589541935787945847e-04 1.947932863027168197e-09
8.689004143746880239e-04 1.972823691400526704e-09
8.789618069793464538e-04 2.012067611746856524e-09
8.891397050194612675e-04 2.064249380618899750e-09
8.994354575643935708e-04 2.125037973715251725e-09
9.098504293049911040e-04 2.190616236667681634e-09
9.203860007344779421e-04 2.255976739625272556e-09
9.310435683314336689e-04 2.316182761290232235e-09
9.418245447449008403e-04 2.366527202641835825e-09
9.527303589816242058e-04 2.403508525201008664e-09
9.637624565954682008e-04 2.422550328530056724e-09
9.749222998790226836e-04 2.423476481702365023e-09
9.862113680574266256e-04 2.405294151926496774e-09
9.976311574844392432e-04 2.370225966760766130e-09
1.009183181840779715e-03 2.320456184127801253e-09
1.020868972334764650e-03 2.261885494206420936e-09
1.032690077905264224e-03 2.199372313590485580e-09
1.044648065427020156e-03 2.139007929451995864e-09
1.056744519918323541e-03 2.087577310730588409e-09
1.068981044751116105e-03 2.050379339379043851e-09
1.081359261863509879e-03 2.031859838590510047e-09
1.093880811974775810e-03 2.034067008774361840e-09
1.106547354802818028e-03 2.057072106019686200e-09
1.119360569284169734e-03 2.099423199171237778e-09
1.132322153796529608e-03 2.156018300984579891e-09
1.145433826383887056e-03 2.220246142051195571e-09
1.158697324984239588e-03 2.285479962602022016e-09
1.172114407659961052e-03 2.343067896426051194e-09
1.185686852830827474e-03 2.385921425587909942e-09
1.199416459509744732e-03 2.406570642780665496e-09
1.213305047541206891e-03 2.408623252950964461e-09
1.227354457842515364e-03 2.384325863848257973e-09
1.241566552647784894e-03 2.340559046269535521e-09
1.255943215754790803e-03 2.282801704837774643e-09
1.270486352774652947e-03 2.219402201860585092e-09
1.285197891384432054e-03 2.160353256520199575e-09
1.300079781582635843e-03 2.114372318845149991e-09
1.315133995947690435e-03 2.089242155512537133e-09
1.330362529899403734e-03 2.089522358351622398e-09
1.345767401963456978e-03 2.114677324481546308e-09
1.361350654038956127e-03 2.162546053544243234e-09
1.377114351669082989e-03 2.224155471662917357e-09
1.393060584314885974e-03 2.289243191278131968e-09
1.409191465632227179e-03 2.346851867318010663e-09
1.425509133751954758e-03 2.386003400730801332e-09
1.442015751563302745e-03 2.399564201479664432e-09
1.458713507000582513e-03 2.384910916106070171e-09
1.475604613333191895e-03 2.344991361677146788e-09
1.492691309458979692e-03 2.286880508258410784e-09
1.509975860201007635e-03 2.223356786892205545e-09
1.527460556607757513e-03 2.167663805933013235e-09
1.545147716256795815e-03 2.131871892456983201e-09
1.563039683561977646e-03 2.124203895517921611e-09
1.581138830084189480e-03 2.146080651061442191e-09
1.599447554845698401e-03 2.193734123880414044e-09
1.617968284648140138e-03 2.260480066733018879e-09
1.636703474394191234e-03 2.320355267724829241e-09
1.655655607412955237e-03 2.368414754165270412e-09
1.674827195789139285e-03 2.389114138775602367e-09
1.694220780696013449e-03 2.377177387857285414e-09
1.713838932732251975e-03 2.335653657140571931e-09
1.733684252262657904e-03 2.275687815959971549e-09
1.753759369762839405e-03 2.208148355103749835e-09
1.774066946167876177e-03 2.166686739464944472e-09
1.794609673225024300e-03 2.150921237790134049e-09
1.815390273850506567e-03 2.167809288039044409e-09
1.836411502490423002e-03 2.214626370545738193e-09
1.857676145485863753e-03 2.279037419349413044e-09
1.879187021442221524e-03 2.341144357101901201e-09
1.900946981602806129e-03 2.373482067663223326e-09
1.922958910226767442e-03 2.373794573279100097e-09
1.945225724971402000e-03 2.338051002523810472e-09
1.967750377278885965e-03 2.281454259250620862e-09
1.990535852767486274e-03 2.218945794302666537e-09
2.013585171627295303e-03 2.175256885730315563e-09
2.036901389020564709e-03 2.170669234411409622e-09
2.060487595486651478e-03 2.199359594452741544e-09
2.084346917351677202e-03 2.255716501926570093e-09
2.108482517142910590e-03 2.323132801137044624e-09
2.132897594007962527e-03 2.363822740939917075e-09
2.157595384138824915e-03 2.367296057909058751e-09
2.182579161200830058e-03 2.331753736513285705e-09
2.207852236766562250e-03 2.272584809584528837e-09
2.233417960754816977e-03 2.213949594098960168e-09
2.259279721874612491e-03 2.180866589895407609e-09
2.285440948074375211e-03 2.194017592633040024e-09
2.311905106996301092e-03 2.244354418141384154e-09
2.338675706435990129e-03 2.309174502375002615e-09
2.365756294807400822e-03 2.356495426710025175e-09
2.393150461613189652e-03 2.359705103464162510e-09
2.420861837920496723e-03 2.320475346980318858e-09
2.448894096842230052e-03 2.258436312268970288e-09
2.477250954023952137e-03 2.204701406126676243e-09
2.505936168136361879e-03 2.190589976802858315e-09
2.534953541373521912e-03 2.223466770339645591e-09
2.564306919956823531e-03 2.285546908685415122e-09
2.594000194644803699e-03 2.338845375768251250e-09
2.624037301248860563e-03 2.354050831912882804e-09
2.654422221154941613e-03 2.318661425600517381e-09
2.685158981851263043e-03 2.257852929809315883e-09
2.716251657462167429e-03 2.208534769724377602e-09
2.747704369288123637e-03 2.202171170184213636e-09
2.779521286352018995e-03 2.245035938177114417e-09
2.811706625951745052e-03 2.309913934768473999e-09
2.844264654219206146e-03 2.349253142475249741e-09
2.877199686685782444e-03 2.329896731894541905e-09
2.910516088854357610e-03 2.276602773840907203e-09
2.944218276777944496e-03 2.220354056461630686e-09
2.978310717645054131e-03 2.204031701958531679e-09
3.012797930371790243e-03 2.242699425307597805e-09
3.047684486200846234e-03 2.306283662688393022e-09
3.082975009307410696e-03 2.340383134257068296e-09
3.118674177412095096e-03 2.318368451307437592e-09
3.154786722400964270e-03 2.258703721960367690e-09
3.191317430952740879e-03 2.211838629560840282e-09
3.228271145173277484e-03 2.220696608589276954e-09
3.265652763237361297e-03 2.274610277968632881e-09
3.303467240037981714e-03 2.326018176258164909e-09
3.341719587843073637e-03 2.326963608963826570e-09
3.380414876959908759e-03 2.273185760082061092e-09
3.419558236407145655e-03 2.215209300513023650e-09
3.459154854594680920e-03 2.217184972661218703e-09
3.499209980011365115e-03 2.271902793274486481e-09
3.539728921920689761e-03 2.322961539802320630e-09
3.580717051064510013e-03 2.319656531068168808e-09
3.622179800374952623e-03 2.262085003105692262e-09
3.664122665694521767e-03 2.215817746383763657e-09
3.706551206504587938e-03 2.232083453302670666e-09
3.749471046662278956e-03 2.288980219736129216e-09
3.792887875145917968e-03 2.324402145739929910e-09
3.836807446809093001e-03 2.288482824294273916e-09
3.881235583143459542e-03 2.230246495618907728e-09
3.926178173050358551e-03 2.220054365861530018e-09
3.971641173621410364e-03 2.271817271034841159e-09
4.017630610928087966e-03 2.316732472492766847e-09
4.064152580820497296e-03 2.295338256616407943e-09
4.111213249735355506e-03 2.234698799425292877e-09
4.158818855513353625e-03 2.219409611357240441e-09
4.206975708225972610e-03 2.270359927662471448e-09
4.255690191011878530e-03 2.313161032778321151e-09
4.304968760923003589e-03 2.283846092563953307e-09
4.354817949780402306e-03 2.226777715781880782e-09
4.405244365040072822e-03 2.225625012645514468e-09
4.456254690668728577e-03 2.284103691889837728e-09
4.507855688029784036e-03 2.305851490136089071e-09
4.560054196779547535e-03 2.257531422387001170e-09
4.612857135773812921e-03 2.217618694621738285e-09
4.666271503984951476e-03 2.253172093780640560e-09
4.720304381429616877e-03 2.304422897038247850e-09
4.774962930107178559e-03 2.278087155868909167e-09
4.830254394949069947e-03 2.223395542321011288e-09
4.886186104779055052e-03 2.236230136812837990e-09
4.942765473284694427e-03 2.292699414842464417e-09
4.999999999999999237e-03 2.283352634963528605e-09
5.057897271299490252e-03 2.226813990788346836e-09
5.116464961403772820e-03 2.231007616136008036e-09
5.175710833396719723e-03 2.286702859681108116e-09
5.235642740254497010e-03 2.282088078272923037e-09
5.296268625886442309e-03 2.223123696942734678e-09
5.357596526188035044e-03 2.235813893306319196e-09
5.419634570106018380e-03 2.286192104979005857e-09
5.482390980715924449e-03 2.267087367721415967e-09
5.545874076312004575e-03 2.216714842670912371e-09
5.610092271509814314e-03 2.251119798748263061e-09
5.675054078361578200e-03 2.289410775772904015e-09
5.740768107484413123e-03 2.241888345197876874e-09
5.807243069201712196e-03 2.219166789246976822e-09
5.874487774697644861e-03 2.273682017217423825e-09
5.942511137185094161e-03 2.268700079046178219e-09
6.011322173087065013e-03 2.214739757260920764e-09
6.080930003231839291e-03 2.247649480498385778e-09
6.151343854061904620e-03 2.278996305760375510e-09
6.222573058856927485e-03 2.227409998461814497e-09
6.294627058970836582e-03 2.228683563134238562e-09
6.367515405083306983e-03 2.276934414801687828e-09
6.441247758465666780e-03 2.238629260566009671e-09
6.515833892261499449e-03 2.216946076723912092e-09
6.591283692782036463e-03 2.271081895589204311e-09
6.667607160816618576e-03 2.243152578366326116e-09
6.744814412958264824e-03 2.215218814911426247e-09
6.822915682944625040e-03 2.265446697658812981e-09
6.901921323014425201e-03 2.241455598901576603e-09
6.981841805279687466e-03 2.215519794083367904e-09
7.062687723113769168e-03 2.265512991078921295e-09
7.144469792555517389e-03 2.233645179359707270e-09
7.227198853729638849e-03 2.219114714169633310e-09
7.310885872283590450e-03 2.265279861788309534e-09
7.395541940841034688e-03 2.221039465060118256e-09
7.481178280472171316e-03 2.229120243291815794e-09
7.567806242181043287e-03 2.258290357271778031e-09
7.655437308410150896e-03 2.209159221786530717e-09
7.744083094562405345e-03 2.237069878230506703e-09
7.833755350540741805e-03 2.237233362279530904e-09
7.924465962305568892e-03 2.210825753621937900e-09
8.016226953450207235e-03 2.257850228764526765e-09
8.109050486794647586e-03 2.214307846636532374e-09
8.202948865997691796e-03 2.235164480409130628e-09
8.297934537187804521e-03 2.237997168324674640e-09
8.394020090612802285e-03 2.209098378543236065e-09
8.491218262308719913e-03 2.250973823859268007e-09
8.589541935787937607e-03 2.205549821180261130e-09
8.689004143746880890e-03 2.240151740115131816e-09
8.789618069793463453e-03 2.219878133262666826e-09
8.891397050194612892e-03 2.220674996021862496e-09
8.994354575643934840e-03 2.234593533630681454e-09
9.098504293049919714e-03 2.202876272834892589e-09
9.203860007344778771e-03 2.245141599510516345e-09
9.310435683314336255e-03 2.196324999630932341e-09
9.418245447448998428e-03 2.241336775554224909e-09
9.527303589816240106e-03 2.198051525009226728e-09
9.637624565954681574e-03 2.236675202763958147e-09
9.749222998790225969e-03 2.202364274875767761e-09
9.862113680574265823e-03 2.223894620735002670e-09
9.976311574844402841e-03 2.204930783885325566e-09
1.009183181840780756e-02 2.220439987897714676e-09
1.020868972334764736e-02 2.206575215223593464e-09
1.032690077905264354e-02 2.224726641065061165e-09
1.044648065427018942e-02 2.202172949942938771e-09
1.056744519918323758e-02 2.222456438635276953e-09
1.068981044751115932e-02 2.199061694826699309e-09
1.081359261863509662e-02 2.228533928805279351e-09
1.093880811974775463e-02 2.190577499776827629e-09
1.106547354802819329e-02 2.231620328800495690e-09
1.119360569284169951e-02 2.187524164473008354e-09
1.132322153796529694e-02 2.222568073032770028e-09
1.145433826383886189e-02 2.194916107077804932e-09
1.158697324984239718e-02 2.209202469934454853e-09
1.172114407659961138e-02 2.208175613493461872e-09
1.185686852830827517e-02 2.191024909909667640e-09
1.199416459509744862e-02 2.222809553653291938e-09
1.213305047541208236e-02 2.182800898382072180e-09
1.227354457842515234e-02 2.212342365653086310e-09
1.241566552647785197e-02 2.198049066698614711e-09
1.255943215754789545e-02 2.189558171729433606e-09
1.270486352774653077e-02 2.215120694699385187e-09
1.285197891384432141e-02 2.178435588302148696e-09
1.300079781582635756e-02 2.199857813724747827e-09
1.315133995947690565e-02 2.207453138904343641e-09
1.330362529899405295e-02 2.177359567296970176e-09
1.345767401963457975e-02 2.198420029791486661e-09
1.361350654038956040e-02 2.200442709721029801e-09
1.377114351669082859e-02 2.179022388985086493e-09
1.393060584314884456e-02 2.195065754525815158e-09
1.409191465632227309e-02 2.201303191388676790e-09
1.425509133751954628e-02 2.176597135438333623e-09
1.442015751563302701e-02 2.186771153982158975e-09
1.458713507000582513e-02 2.199836507574024939e-09
1.475604613333193066e-02 2.181604735982494209e-09
1.492691309458979779e-02 2.172763574261774136e-09
1.509975860201007852e-02 2.188107243615136944e-09
1.527460556607755995e-02 2.192367890631005071e-09
1.545147716256795901e-02 2.175260404364827279e-09
1.563039683561977602e-02 2.170790940052536884e-09
1.581138830084189567e-02 2.184650507706139546e-09
1.599447554845698227e-02 2.190672173017886774e-09
1.617968284648142047e-02 2.180836089430067846e-09
1.636703474394191060e-02 2.166413705665810527e-09
1.655655607412955324e-02 2.167362642096444205e-09
1.674827195789137593e-02 2.179916047475307911e-09
1.694220780696013146e-02 2.188657165580105335e-09
1.713838932732252018e-02 2.181980317259469697e-09
1.733684252262658251e-02 2.167632663272296880e-09
1.753759369762839665e-02 2.160790767368909964e-09
1.774066946167878259e-02 2.160620871253305061e-09
1.794609673225026208e-02 2.165015596703334823e-09
1.815390273850506567e-02 2.170309807145522445e-09
1.836411502490422828e-02 2.176728248063786545e-09
1.857676145485861671e-02 2.176013916871635911e-09
1.879187021442221134e-02 2.175457673007825177e-09
1.900946981602805869e-02 2.170613046925976766e-09
1.922958910226767182e-02 2.164121005558600856e-09
1.945225724971402087e-02 2.159492955965823927e-09
1.967750377278887700e-02 2.158070604644061577e-09
1.990535852767486361e-02 2.154556627819644274e-09
2.013585171627295042e-02 2.152609341153811934e-09
2.036901389020562628e-02 2.151089581302633330e-09
2.060487595486651738e-02 2.150863435024495975e-09
2.084346917351676681e-02 2.152139554604619824e-09
2.108482517142911197e-02 2.149830535482434288e-09
2.132897594007962527e-02 2.152648051284851172e-09
2.157595384138826650e-02 2.153833610865905847e-09
2.182579161200829884e-02 2.156446415154989439e-09
2.207852236766562337e-02 2.159664712765118436e-09
2.233417960754815329e-02 2.159854207948985487e-09
2.259279721874613012e-02 2.156679528700263735e-09
2.285440948074375991e-02 2.150572838544485740e-09
2.311905106996301265e-02 2.145190755182535047e-09
2.338675706435990390e-02 2.138061566323731964e-09
2.365756294807403598e-02 2.139998441626374119e-09
2.393150461613192254e-02 2.148099925226439899e-09
2.420861837920496376e-02 2.151988628002475482e-09
2.448894096842230486e-02 2.147288137527168294e-09
2.477250954023949708e-02 2.137302113365409285e-09
2.505936168136362052e-02 2.134033921238714559e-09
2.534953541373522259e-02 2.141904075259395437e-09
2.564306919956823444e-02 2.145513823682710684e-09
2.594000194644804219e-02 2.133752395976417661e-09
2.624037301248863946e-02 2.130462797959545365e-09
2.654422221154941960e-02 2.142160266031036602e-09
2.685158981851263477e-02 2.134982862708237225e-09
2.716251657462164654e-02 2.126422377700325853e-09
2.747704369288123810e-02 2.138348524744564671e-09
2.779521286352018214e-02 2.130984692332211773e-09
2.811706625951744878e-02 2.126056935923610942e-09
2.844264654219206059e-02 2.136313358175559806e-09
2.877199686685785393e-02 2.121187881202032251e-09
2.910516088854357350e-02 2.131917640937572465e-09
2.944218276777944496e-02 2.125724193457072980e-09
2.978310717645051356e-02 2.123597905360499851e-09
3.012797930371790070e-02 2.126660347132167177e-09
3.047684486200846407e-02 2.120852640753694244e-09
3.082975009307410696e-02 2.124799412937852716e-09
3.118674177412095877e-02 2.119584204380821244e-09
3.154786722400967913e-02 2.120698409602263104e-09
3.191317430952744089e-02 2.120675234051772809e-09
3.228271145173277484e-02 2.114998595872161333e-09
3.265652763237360950e-02 2.123189629271706960e-09
3.303467240037977898e-02 2.112022700499948319e-09
3.341719587843073463e-02 2.116710706584733670e-09
3.380414876959908499e-02 2.117181019251523056e-09
3.419558236407146262e-02 2.106088168593691245e-09
3.459154854594680834e-02 2.112928861719808532e-09
3.499209980011368931e-02 2.115938647336473484e-09
3.539728921920690108e-02 2.105947370157999170e-09
3.580717051064509493e-02 2.104753488342282315e-09
3.622179800374948633e-02 2.111130715408609757e-09
3.664122665694521247e-02 2.111687678594106645e-09
3.706551206504588025e-02 2.105744517101671302e-09
3.749471046662278262e-02 2.100799476124384810e-09
3.792887875145917187e-02 2.099111189049359299e-09
3.836807446809096384e-02 2.101583426045533910e-09
3.881235583143458762e-02 2.103825304260014393e-09
3.926178173050358378e-02 2.104668845185337319e-09
3.971641173621406201e-02 2.103553530501550261e-09
4.017630610928087792e-02 2.103010062628705559e-09
4.064152580820496602e-02 2.102391798722786368e-09
4.111213249735355679e-02 2.101224220402455307e-09
4.158818855513353452e-02 2.099350745567214396e-09
4.206975708225977467e-02 2.097389875913610950e-09
4.255690191011882867e-02 2.096262649624418202e-09
4.304968760923003068e-02 2.092618926914432006e-09
4.354817949780401959e-02 2.088260020545471092e-09
4.405244365040068139e-02 2.085906537635350136e-09
4.456254690668728924e-02 2.087751027148388092e-09
4.507855688029784730e-02 2.091045927278297849e-09
4.560054196779547708e-02 2.090091132281165229e-09
4.612857135773813788e-02 2.083419671320470398e-09
4.666271503984956853e-02 2.082096921877633409e-09
4.720304381429616530e-02 2.087624652343490468e-09
4.774962930107178732e-02 2.082830153501717728e-09
4.830254394949064917e-02 2.079358751249564839e-09
4.886186104779054878e-02 2.084600746127086036e-09
4.942765473284694427e-02 2.076257019824446616e-09
4.999999999999998890e-02 2.081103308198464153e-09
5.057897271299490599e-02 2.075650837795207547e-09
5.116464961403772299e-02 2.078115750471407486e-09
5.175710833396719029e-02 2.074103810043659748e-09
5.235642740254497357e-02 2.077505820490993511e-09
5.296268625886442483e-02 2.069000286394742440e-09
5.357596526188034003e-02 2.074945772070667301e-09
5.419634570106018207e-02 2.070812537150842089e-09
5.482390980715925316e-02 2.067835152329763988e-09
5.545874076312003187e-02 2.072240552866022873e-09
5.610092271509819345e-02 2.069948018175385712e-09
5.675054078361576465e-02 2.064406492811394362e-09
5.740768107484413296e-02 2.063273914661719750e-09
5.807243069201711849e-02 2.065020459995238698e-09
5.874487774697650933e-02 2.067066399970023045e-09
5.942511137185093467e-02 2.065667661611623161e-09
6.011322173087065013e-02 2.065030919476959446e-09
6.080930003231839465e-02 2.063029748210364534e-09
6.151343854061905314e-02 2.062950936969173679e-09
6.222573058856928352e-02 2.061032886287625526e-09
6.294627058970836408e-02 2.060710882303374787e-09
6.367515405083307156e-02 2.058626891476770878e-09
6.441247758465666606e-02 2.055337895655248112e-09
6.515833892261499449e-02 2.051878545687342610e-09
6.591283692782035075e-02 2.051228052981963317e-09
6.667607160816618750e-02 2.053908984148705750e-09
6.744814412958265171e-02 2.052409681555205193e-09
6.822915682944626081e-02 2.048328831988299061e-09
6.901921323014426068e-02 2.050241615998287888e-09
6.981841805279687119e-02 2.047153956595492277e-09
7.062687723113769689e-02 2.046544028234459300e-09
7.144469792555516174e-02 2.046508946308107508e-09
7.227198853729638328e-02 2.044781374733612759e-09
7.310885872283590103e-02 2.042546119505979435e-09
7.395541940841034168e-02 2.044868248984927433e-09
7.481178280472169928e-02 2.039246692923381917e-09
7.567806242181042420e-02 2.040244414324219805e-09
7.655437308410149855e-02 2.042755063712516459e-09
7.744083094562403957e-02 2.038212367813237774e-09
7.833755350540749784e-02 2.034938225413944193e-09
7.924465962305569933e-02 2.033615195327800151e-09
8.016226953450207582e-02 2.033351096517150399e-09
8.109050486794645851e-02 2.033575034464017808e-09
8.202948865997691796e-02 2.032054450875688966e-09
8.297934537187805215e-02 2.030433800996626037e-09
8.394020090612801244e-02 2.027912065821002687e-09
8.491218262308719567e-02 2.028390380866141543e-09
8.589541935787936566e-02 2.028763438279487852e-09
8.689004143746879849e-02 2.029925582674314208e-09
8.789618069793463107e-02 2.025862409133543255e-09
8.891397050194613239e-02 2.024481372253448567e-09
8.994354575643936922e-02 2.026540897397055957e-09
9.098504293049920755e-02 2.021915264432780213e-09
9.203860007344781546e-02 2.023645556006387107e-09
9.310435683314335908e-02 2.018819923918798674e-09
9.418245447449001551e-02 2.021877553392691721e-09
9.527303589816239759e-02 2.018843059149702184e-09
9.637624565954681921e-02 2.016716818484266739e-09
9.749222998790225969e-02 2.018047174524772748e-09
9.862113680574265129e-02 2.017287405469104971e-09
9.976311574844402841e-02 2.016277877445416932e-09
1.009183181840780652e-01 2.013855910011828364e-09
1.020868972334764563e-01 2.012945923197178990e-09
1.032690077905264597e-01 2.012260458967268954e-09
1.044648065427020295e-01 2.011922410341031263e-09
1.056744519918323549e-01 2.011545090854190948e-09
1.068981044751116105e-01 2.008916508350718585e-09
1.081359261863509835e-01 2.006466443531108575e-09
1.093880811974775741e-01 2.006406567901296504e-09
1.106547354802819155e-01 2.005372784270184721e-09
1.119360569284169882e-01 2.004055804355522938e-09
1.132322153796529590e-01 2.003535369900298415e-09
1.145433826383885911e-01 2.003262443029461395e-09
1.158697324984239718e-01 1.998764199042419252e-09
1.172114407659961000e-01 2.000350561802886919e-09
1.185686852830827448e-01 2.000262467855240116e-09
1.199416459509744792e-01 1.998188661821945464e-09
1.213305047541208270e-01 1.996577192929542278e-09
1.227354457842515373e-01 1.994953870247789909e-09
1.241566552647785093e-01 1.994970759174905395e-09
1.255943215754789510e-01 1.995859449390160683e-09
1.270486352774652938e-01 1.993296607517930967e-09
1.285197891384432245e-01 1.989459080831130721e-09
1.300079781582635929e-01 1.990011284416444419e-09
1.315133995947690426e-01 1.990231868259508923e-09
1.330362529899405399e-01 1.987333705797601320e-09
1.345767401963458010e-01 1.987945209967880896e-09
1.361350654038956109e-01 1.986547905819890674e-09
1.377114351669082859e-01 1.984695780679159744e-09
1.393060584314886052e-01 1.983206499950437758e-09
1.409191465632227414e-01 1.983302945717244333e-09
1.425509133751954594e-01 1.982605327449317570e-09
1.442015751563302528e-01 1.981355183069416519e-09
1.458713507000582721e-01 1.979684811571314417e-09
1.475604613333193205e-01 1.976826214821282128e-09
1.492691309458979987e-01 1.978112874999168676e-09
1.509975860201007714e-01 1.977563576835526441e-09
1.527460556607755926e-01 1.974435311760100604e-09
1.545147716256795867e-01 1.974973790302649653e-09
1.563039683561977533e-01 1.973486495005322675e-09
1.581138830084189428e-01 1.971440795755954461e-09
1.599447554845698227e-01 1.971154958403862706e-09
1.617968284648141908e-01 1.970723265937884221e-09
1.636703474394191060e-01 1.969784631808307750e-09
1.655655607412955532e-01 1.968612254846042356e-09
1.674827195789137801e-01 1.965799940429701423e-09
1.694220780696013284e-01 1.965194437725574512e-09
1.713838932732252018e-01 1.965803848375558272e-09
1.733684252262658043e-01 1.962118230587778845e-09
1.753759369762839249e-01 1.963705322452165213e-09
1.774066946167878189e-01 1.960938158237859339e-09
1.794609673225026625e-01 1.959925632727470126e-09
1.815390273850507052e-01 1.959093197488016976e-09
1.836411502490422898e-01 1.958644048983555727e-09
1.857676145485863406e-01 1.956842169750303523e-09
1.879187021442221273e-01 1.955570092391350497e-09
1.900946981602805730e-01 1.955073653624368241e-09
1.922958910226767459e-01 1.955267970374438054e-09
1.945225724971401948e-01 1.952467133366480973e-09
1.967750377278887908e-01 1.952367874749737845e-09
1.990535852767486291e-01 1.951329908252136278e-09
2.013585171627295112e-01 1.949292398434186326e-09
2.036901389020562836e-01 1.948542445779979627e-09
2.060487595486651946e-01 1.947444055494794646e-09
2.084346917351677098e-01 1.947333119819138176e-09
2.108482517142910850e-01 1.946437078991936878e-09
2.132897594007962250e-01 1.943707504609541854e-09
2.157595384138826788e-01 1.944133487230661370e-09
2.182579161200829954e-01 1.942117869964524429e-09
2.207852236766562337e-01 1.937354407340914736e-09
2.233417960754814635e-01 1.941926430474579318e-09
2.259279721874612734e-01 1.938467681853438196e-09
2.285440948074375644e-01 1.937430806857941299e-09
2.311905106996301196e-01 1.937960657558762371e-09
2.338675706435990320e-01 1.936439746781490186e-09
2.365756294807403182e-01 1.934773388704949008e-09
2.393150461613192115e-01 1.933333757772473522e-09
2.420861837920497139e-01 1.933197379655869100e-09
2.448894096842230139e-01 1.932058770749106908e-09
2.477250954023952068e-01 1.931118215591211064e-09
2.505936168136362330e-01 1.929286844722855174e-09
2.534953541373521912e-01 1.928958921368567090e-09
2.564306919956823583e-01 1.926710639483953672e-09
2.594000194644804358e-01 1.927694540372931017e-09
2.624037301248863807e-01 1.925896931272073410e-09
2.654422221154941752e-01 1.924312443901281201e-09
2.685158981851262783e-01 1.923392880103338352e-09
2.716251657462164792e-01 1.922635531648497376e-09
2.747704369288123671e-01 1.920062997325896937e-09
2.779521286352018006e-01 1.920966599241557256e-09
2.811706625951744809e-01 1.918860027598834950e-09
2.844264654219206268e-01 1.917392807857485208e-09
2.877199686685785740e-01 1.916795976322987086e-09
2.910516088854357419e-01 1.916398061413283739e-09
2.944218276777944010e-01 1.914803717814589723e-09
2.978310717645051287e-01 1.913834064476247031e-09
3.012797930371790001e-01 1.912868414477203555e-09
3.047684486200846199e-01 1.911800038873792901e-09
3.082975009307410419e-01 1.910466624399224180e-09
3.118674177412095183e-01 1.909370124506993771e-09
3.154786722400967358e-01 1.909408589200695014e-09
3.191317430952744227e-01 1.908016727103094697e-09
3.228271145173277623e-01 1.906502885832548097e-09
3.265652763237360534e-01 1.905997004410473786e-09
3.303467240037981645e-01 1.904096860799325867e-09
3.341719587843073880e-01 1.902417854934108231e-09
3.380414876959909054e-01 1.903093725082493729e-09
3.419558236407145846e-01 1.900945309058259970e-09
3.459154854594680972e-01 1.899495332039553580e-09
3.499209980011368515e-01 1.898489631868713844e-09
3.539728921920690108e-01 1.898687848662826478e-09
3.580717051064510326e-01 1.894521495186948122e-09
3.622179800374948910e-01 1.896399903290953944e-09
3.664122665694521941e-01 1.895277957261285337e-09
3.706551206504588025e-01 1.894647230689124306e-09
3.749471046662278817e-01 1.891776568865733216e-09
3.792887875145917742e-01 1.891289129139723521e-09
3.836807446809096245e-01 1.884783997896924945e-09
3.881235583143459178e-01 1.888573043832779957e-09
3.926178173050358100e-01 1.888173357328468611e-09
3.971641173621405230e-01 1.892485981453927326e-09
4.017630610928087931e-01 1.885882511466378557e-09
4.064152580820497018e-01 1.887585759415387854e-09
4.111213249735354847e-01 1.883497479368304399e-09
4.158818855513353729e-01 1.882989400807117081e-09
4.206975708225977884e-01 1.882489023067402389e-09
4.255690191011883283e-01 1.881392997900229703e-09
4.304968760923003068e-01 1.879871680179238542e-09
4.354817949780401265e-01 1.879451418433845051e-09
4.405244365040072441e-01 1.877708141447493392e-09
4.456254690668728369e-01 1.877038008903089427e-09
4.507855688029784313e-01 1.875516920726199730e-09
4.560054196779547708e-01 1.874611348097526796e-09
4.612857135773818507e-01 1.874332089343667839e-09
4.666271503984956714e-01 1.871876777304560919e-09
4.720304381429616392e-01 1.872469603683357641e-09
4.774962930107178871e-01 1.870976124373890545e-09
4.830254394949065055e-01 1.869545303438370782e-09
4.886186104779055572e-01 1.868298084831081344e-09
4.942765473284694844e-01 1.867516686877210090e-09
5.000000000000000000e-01 1.866448454064614387e-09
5.235642740254496941e-01 1.862525854361278243e-09
5.482390980715925455e-01 1.858347634796431688e-09
5.740768107484413019e-01 1.853576250306269585e-09
6.011322173087064735e-01 1.850558200488872957e-09
6.294627058970835298e-01 1.845816301313843021e-09
6.591283692782035075e-01 1.841551583953292315e-09
6.901921323014424958e-01 1.837162330970798948e-09
7.227198853729638328e-01 1.832579282912265114e-09
7.567806242181041032e-01 1.828060174609414876e-09
7.924465962305566880e-01 1.824311159743615450e-09
8.297934537187803272e-01 1.821489229693055780e-09
8.689004143746876796e-01 1.815966300776814356e-09
9.098504293049916036e-01 1.812769398420023976e-09
9.527303589816236151e-01 1.808442507060731593e-09
9.976311574844398677e-01 1.802042472250936244e-09
1.044648065427019601e+00 1.797803089298939252e-09
1.093880811974776268e+00 1.795630481344504538e-09
1.145433826383886355e+00 1.791339263714660251e-09
1.199416459509745181e+00 1.787478596523560769e-09
1.255943215754790065e+00 1.783129220444819128e-09
1.315133995947690870e+00 1.779626918685740407e-09
1.377114351669083137e+00 1.774656878960275442e-09
1.442015751563303194e+00 1.771222252287208682e-09
1.509975860201008047e+00 1.769973818490258378e-09
1.581138830084189317e+00 1.762916510195926116e-09
1.655655607412955588e+00 1.756671145463069487e-09
1.733684252262658321e+00 1.755088733781473452e-09
1.815390273850506775e+00 1.749033451349733737e-09
1.900946981602805952e+00 1.747329588925724860e-09
1.990535852767486125e+00 1.742521582522865407e-09
2.084346917351676876e+00 1.733664894740558913e-09
2.182579161200830065e+00 1.734681475918653869e-09
2.285440948074374923e+00 1.730712112206952413e-09
2.393150461613192004e+00 1.724501743067451326e-09
2.505936168136361886e+00 1.721842761217022783e-09
2.624037301248862697e+00 1.718359723596157004e-09
2.747704369288122450e+00 1.714117552563609855e-09
2.877199686685784741e+00 1.709952315422736802e-09
3.012797930371788890e+00 1.707833697415883037e-09
3.154786722400966248e+00 1.700971158132016453e-09
3.303467240037980091e+00 1.697561066425632310e-09
3.459154854594682416e+00 1.695367266597286823e-09
3.622179800374950354e+00 1.689802825155338488e-09
3.792887875145919629e+00 1.686163520825690717e-09
3.971641173621408338e+00 1.681567282607460126e-09
4.158818855513356283e+00 1.678717181478368438e-09
4.354817949780404263e+00 1.674617167672966154e-09
4.560054196779547375e+00 1.669613585398891030e-09
4.774962930107178316e+00 1.665704191902059631e-09
5.000000000000000000e+00 1.661535595600112457e-09
6.294627058970835520e+00 1.635240469057512742e-09
7.924465962305568212e+00 1.622343498414887940e-09
9.976311574844396901e+00 1.602500902776917359e-09
1.255943215754790110e+01 1.583459052535747331e-09
1.581138830084189273e+01 1.563274261999459605e-09
1.990535852767486347e+01 1.544823272791982447e-09
2.505936168136361886e+01 1.519751217424072828e-09
3.154786722400966426e+01 1.506258539610714780e-09
3.971641173621406296e+01 1.488323153659558965e-09
4.999999999999999289e+01 1.468474476771990420e-09
