2.624037301248861295e-05 2.840599036932449511e-15
2.685158981851265889e-05 2.017176222284151262e-13
2.747704369288123718e-05 6.972635579103672033e-13
2.811706625951745011e-05 1.449615917178902201e-12
2.877199686685783203e-05 2.413917012767440426e-12
2.944218276777941324e-05 3.538462979363645869e-12
3.012797930371789959e-05 4.772044606219654390e-12
3.082975009307410534e-05 6.057661363625156917e-12
3.154786722400964650e-05 7.337261858487892558e-12
3.228271145173280656e-05 8.562787099172449873e-12
3.303467240037981687e-05 9.679204377812022601e-12
3.380414876959908759e-05 1.065654290896283294e-11
3.459154854594680595e-05 1.145682692287638463e-11
3.539728921920685885e-05 1.206217362270211827e-11
3.622179800374952406e-05 1.247089696574967473e-11
3.706551206504588155e-05 1.269198972714208857e-11
3.792887875145917236e-05 1.273353508752428861e-11
3.881235583143463039e-05 1.265434839286324802e-11
3.971641173621410364e-05 1.250977583226135942e-11
4.064152580820496591e-05 1.235069667780068691e-11
4.158818855513353842e-05 1.225150718687386887e-11
4.255690191011878395e-05 1.229595749607399383e-11
4.354817949780398050e-05 1.254875087935668266e-11
4.456254690668729390e-05 1.307831122684192942e-11
4.560054196779547508e-05 1.393317774254376944e-11
4.666271503984952289e-05 1.514915069178306076e-11
4.774962930107183736e-05 1.672385485487113944e-11
4.886186104779054808e-05 1.864268179356261886e-11
4.999999999999998884e-05 2.084733612978392848e-11
5.057897271299490442e-05 2.203077676043256799e-11
5.116464961403767209e-05 2.326101315941224975e-11
5.175710833396713543e-05 2.449959638237655746e-11
5.235642740254491318e-05 2.575888971065525167e-11
5.296268625886447866e-05 2.701492203381219026e-11
5.357596526188034176e-05 2.824107674660229465e-11
5.419634570106018624e-05 2.944029870826090912e-11
5.482390980715923717e-05 3.059880826452998156e-11
5.545874076312004358e-05 3.168889927810970917e-11
5.610092271509814368e-05 3.271155234477295083e-11
5.675054078361571342e-05 3.364289550879904389e-11
5.740768107484407919e-05 3.449430573285818211e-11
5.807243069201717509e-05 3.524885647642014077e-11
5.874487774697651393e-05 3.593113529020597316e-11
5.942511137185093809e-05 3.652516753795042705e-11
6.011322173087064200e-05 3.704446981518774434e-11
6.080930003231839372e-05 3.750587321945705610e-11
6.151343854061905325e-05 3.793356299432162511e-11
6.222573058856921034e-05 3.834120890842525149e-11
6.294627058970830402e-05 3.876999097718405190e-11
6.367515405083314138e-05 3.923821575108845736e-11
6.441247758465673719e-05 3.977791143927662291e-11
6.515833892261499124e-05 4.043102489951194720e-11
6.591283692782035650e-05 4.122930346390818210e-11
6.667607160816619769e-05 4.220379169266690333e-11
6.744814412958265366e-05 4.338026883124144509e-11
6.822915682944618535e-05 4.480847351999598545e-11
6.901921323014417829e-05 4.649839069137090289e-11
6.981841805279679497e-05 4.846143552756624443e-11
7.062687723113775782e-05 5.071004673333841892e-11
7.144469792555517389e-05 5.325804891783771715e-11
7.227198853729638578e-05 5.606812824662886774e-11
7.310885872283590017e-05 5.913288515476554271e-11
7.395541940841035122e-05 6.243471598459089794e-11
7.481178280472162371e-05 6.590654218406832940e-11
7.567806242181034505e-05 6.950163791959538960e-11
7.655437308410142656e-05 7.315908867863945966e-11
7.744083094562412067e-05 7.679937959968029432e-11
7.833755350540748852e-05 8.036111412470427993e-11
7.924465962305569597e-05 8.375196093575340798e-11
8.016226953450208102e-05 8.690404435139579804e-11
8.109050486794647857e-05 8.974236562636437921e-11
8.202948865997692718e-05 9.221075683252876908e-11
8.297934537187796715e-05 9.427258662322582436e-11
8.394020090612792852e-05 9.588272867967032815e-11
8.491218262308728262e-05 9.704116903930081585e-11
8.589541935787945305e-05 9.777282996430384211e-11
8.689004143746881595e-05 9.809116519356065218e-11
8.789618069793464267e-05 9.810658550878681100e-11
8.891397050194613488e-05 9.792206500978356204e-11
8.994354575643936521e-05 9.761736774910830132e-11
9.098504293049911853e-05 9.736845707134796288e-11
9.203860007344770748e-05 9.734182689629610621e-11
9.310435683314326931e-05 9.768884263083934652e-11
9.418245447449009216e-05 9.858422981151734232e-11
9.527303589816239347e-05 1.001834087313479642e-10
9.637624565954680924e-05 1.026224486188581686e-10
9.749222998790225210e-05 1.059918734944074186e-10
9.862113680574265443e-05 1.103804170574817107e-10
9.976311574844392432e-05 1.157583626262513791e-10
1.009183181840780691e-04 1.221046871491565310e-10
1.020868972334764650e-04 1.292877092524543751e-10
1.032690077905264333e-04 1.371376799042362238e-10
1.044648065427019099e-04 1.454313042268478582e-10
1.056744519918323676e-04 1.538566891772711326e-10
1.068981044751116051e-04 1.621252943048263931e-10
1.081359261863509960e-04 1.699185868505659303e-10
1.093880811974775783e-04 1.769126144590813719e-10
1.106547354802819166e-04 1.828407709305714980e-10
1.119360569284169978e-04 1.873740154891777016e-10
1.132322153796529580e-04 1.904728436453328734e-10
1.145433826383885891e-04 1.920723107811687082e-10
1.158697324984239615e-04 1.921984993959648311e-10
1.172114407659961296e-04 1.911355802658391305e-10
1.185686852830827420e-04 1.891739470502391651e-10
1.199416459509744677e-04 1.867491710050835105e-10
1.213305047541207081e-04 1.844522660617190180e-10
1.227354457842515364e-04 1.828192611561776725e-10
1.241566552647784948e-04 1.824457753902795275e-10
1.255943215754789502e-04 1.839031743229722725e-10
1.270486352774653110e-04 1.875927638918729031e-10
1.285197891384432108e-04 1.937996146134969213e-10
1.300079781582635788e-04 2.026393313449728496e-10
1.315133995947690435e-04 2.138889466299626048e-10
1.330362529899403897e-04 2.271252189292674575e-10
1.345767401963458333e-04 2.417824913182346194e-10
1.361350654038956344e-04 2.569438938281865015e-10
1.377114351669082826e-04 2.717152241141241467e-10
1.393060584314884456e-04 2.850972366217226586e-10
1.409191465632227234e-04 2.961085236047549312e-10
1.425509133751954596e-04 3.039711054687096379e-10
1.442015751563302474e-04 3.084458782459315144e-10
1.458713507000582675e-04 3.093134590130250986e-10
1.475604613333193142e-04 3.069816084212036317e-10
1.492691309458979746e-04 3.022665419628442498e-10
1.509975860201007907e-04 2.963538033581268326e-10
1.527460556607755941e-04 2.907162381246333370e-10
1.545147716256795760e-04 2.868441020585599068e-10
1.563039683561977700e-04 2.863261323531919026e-10
1.581138830084189426e-04 2.902057857746128341e-10
1.599447554845698401e-04 2.993230640301851306e-10
1.617968284648140247e-04 3.136844248430044911e-10
1.636703474394191234e-04 3.324946809666817478e-10
1.655655607412955237e-04 3.545676258479463766e-10
1.674827195789137550e-04 3.777310542946215183e-10
1.694220780696013395e-04 3.998180565468718353e-10
1.713838932732251867e-04 4.184661079287302792e-10
1.733684252262658175e-04 4.318331713769959377e-10
1.753759369762839622e-04 4.385141911775156111e-10
1.774066946167876340e-04 4.384702048040285257e-10
1.794609673225026631e-04 4.324897695723888600e-10
1.815390273850506729e-04 4.227378924709542770e-10
1.836411502490422785e-04 4.120926066557378541e-10
1.857676145485863753e-04 4.038123604323491516e-10
1.879187021442221307e-04 4.011870262007538026e-10
1.900946981602805912e-04 4.066954248216152865e-10
1.922958910226767171e-04 4.212905219909601349e-10
1.945225724971401946e-04 4.444523720299935689e-10
1.967750377278885748e-04 4.738146446861916148e-10
1.990535852767486220e-04 5.057664449005369968e-10
2.013585171627295032e-04 5.357637811926637530e-10
2.036901389020562758e-04 5.584733862958603405e-10
2.060487595486651640e-04 5.718420984301192578e-10
2.084346917351677256e-04 5.731002618062341045e-10
2.108482517142911186e-04 5.652082834935262262e-10
2.132897594007962582e-04 5.506105016956145609e-10
2.157595384138825078e-04 5.341594926045113831e-10
2.182579161200829732e-04 5.231374182758775668e-10
2.207852236766561979e-04 5.228784291520307812e-10
2.233417960754814700e-04 5.358665577848873619e-10
2.259279721874612654e-04 5.634129055140105878e-10
2.285440948074375482e-04 6.006693190733493939e-10
2.311905106996301146e-04 6.412055718606289635e-10
2.338675706435990400e-04 6.770735744064580217e-10
2.365756294807400931e-04 7.005453571062508347e-10
2.393150461613192416e-04 7.082347334756439016e-10
2.420861837920496940e-04 6.996807060036412376e-10
2.448894096842230486e-04 6.792851038335330087e-10
2.477250954023952571e-04 6.570887812270028040e-10
2.505936168136362096e-04 6.432114451910137054e-10
2.534953541373521587e-04 6.459342411132371725e-10
2.564306919956823639e-04 6.688814837604457273e-10
2.594000194644803916e-04 7.099369845083043446e-10
2.624037301248860888e-04 7.590501192616833975e-10
2.654422221154941939e-04 8.027095671143851476e-10
2.685158981851263043e-04 8.319599629485194323e-10
2.716251657462165044e-04 8.364933214145712610e-10
2.747704369288123854e-04 8.190761585657942232e-10
2.779521286352018127e-04 7.910300918425967148e-10
2.811706625951744943e-04 7.661158343706400376e-10
2.844264654219205712e-04 7.598194690644660529e-10
2.877199686685782661e-04 7.805214927587762058e-10
2.910516088854357393e-04 8.261214048947634873e-10
2.944218276777944170e-04 8.822166793722407176e-10
2.978310717645051204e-04 9.336639270267712440e-10
3.012797930371790027e-04 9.577431381392478767e-10
3.047684486200846234e-04 9.514921058832505936e-10
3.082975009307410263e-04 9.208548969856237636e-10
3.118674177412095313e-04 8.870371540279955846e-10
3.154786722400964379e-04 8.732177521877318501e-10
3.191317430952743915e-04 8.912493697630265934e-10
3.228271145173277267e-04 9.365842250762424660e-10
3.265652763237360972e-04 1.003509998717535437e-09
3.303467240037981823e-04 1.053962709668573568e-09
3.341719587843073962e-04 1.071307599511078929e-09
3.380414876959908759e-04 1.052557778717534389e-09
3.419558236407145655e-04 1.010441974703832207e-09
3.459154854594681137e-04 9.783195580965505936e-10
3.499209980011365223e-04 9.826383682381787155e-10
3.539728921920690086e-04 1.029385916179306436e-09
3.580717051064509905e-04 1.110894671584946086e-09
3.622179800374948611e-04 1.159452549984596397e-09
3.664122665694521551e-04 1.173964580235965346e-09
3.706551206504588155e-04 1.139808199662419590e-09
3.749471046662278739e-04 1.101577962297267965e-09
3.792887875145917100e-04 1.074510979969369571e-09
3.836807446809091808e-04 1.095998561332920220e-09
3.881235583143459109e-04 1.162165469291003451e-09
3.926178173050358226e-04 1.230072096030982198e-09
3.971641173621406028e-04 1.269631895376225682e-09
4.017630610928087857e-04 1.228653454588094326e-09
4.064152580820496862e-04 1.193120452472151321e-09
4.111213249735355181e-04 1.162683082972789339e-09
4.158818855513353300e-04 1.190654681475642424e-09
4.206975708225972935e-04 1.262068132170384315e-09
4.255690191011882867e-04 1.343654762099436626e-09
4.304968760923002613e-04 1.351198582309403411e-09
4.354817949780401981e-04 1.304524790931539162e-09
4.405244365040073364e-04 1.234002992014992493e-09
4.456254690668728577e-04 1.245922181991735489e-09
4.507855688029783927e-04 1.312803556508464010e-09
4.560054196779547101e-04 1.395779377651196705e-09
4.612857135773813463e-04 1.431002671127622355e-09
4.666271503984951476e-04 1.360458023176012430e-09
4.720304381429617636e-04 1.306380768198710724e-09
4.774962930107178993e-04 1.323124876866576459e-09
4.830254394949065502e-04 1.392651546729671367e-09
4.886186104779055486e-04 1.470074156651692195e-09
4.942765473284694211e-04 1.493056946204509543e-09
4.999999999999999020e-04 1.440795068815518916e-09
5.057897271299491120e-04 1.381056636915654127e-09
5.116464961403766531e-04 1.408848696926573365e-09
5.175710833396719507e-04 1.506247540878804175e-09
5.235642740254497010e-04 1.551368848948228721e-09
5.296268625886442309e-04 1.526291102656359479e-09
5.357596526188034176e-04 1.424235890248044508e-09
5.419634570106019031e-04 1.450233698025958497e-09
5.482390980715924666e-04 1.545233975527433596e-09
5.545874076312004358e-04 1.623204771243840472e-09
5.610092271509814097e-04 1.577843828977510985e-09
5.675054078361570394e-04 1.504192260422632311e-09
5.740768107484413340e-04 1.518835452683942901e-09
5.807243069201711546e-04 1.614838421483587690e-09
5.874487774697650716e-04 1.681464127283160739e-09
5.942511137185093944e-04 1.614125098763236334e-09
6.011322173087063929e-04 1.556423520648701354e-09
6.080930003231838424e-04 1.583147241336600999e-09
6.151343854061905054e-04 1.687043304802622233e-09
6.222573058856920762e-04 1.700393795426209782e-09
6.294627058970836365e-04 1.618035863258486419e-09
6.367515405083307633e-04 1.598844048000642298e-09
6.441247758465673719e-04 1.696142915866017731e-09
6.515833892261498582e-04 1.763400357824753301e-09
6.591283692782036463e-04 1.718790214870980548e-09
6.667607160816619227e-04 1.632726455007360081e-09
6.744814412958264824e-04 1.709986646499434899e-09
6.822915682944617451e-04 1.825226021165411421e-09
6.901921323014424334e-04 1.744390635257043322e-09
6.981841805279687899e-04 1.686125362859183968e-09
7.062687723113776324e-04 1.741451359072328811e-09
7.144469792555517389e-04 1.846054576254604129e-09
7.227198853729638849e-04 1.767407451682952117e-09
7.310885872283591101e-04 1.718498335823351115e-09
7.395541940841035122e-04 1.811309873009063104e-09
7.481178280472162642e-04 1.870788606958090985e-09
7.567806242181033963e-04 1.777358743990502003e-09
7.655437308410150245e-04 1.766456005724600711e-09
7.744083094562404478e-04 1.866476735083685846e-09
7.833755350540749394e-04 1.857736237219921895e-09
7.924465962305569326e-04 1.783418934504125221e-09
8.016226953450207018e-04 1.849886443867046173e-09
8.109050486794647586e-04 1.903107466435285165e-09
8.202948865997692447e-04 1.817231505417056735e-09
8.297934537187796715e-04 1.822340326858703411e-09
8.394020090612800983e-04 1.913830063985846353e-09
8.491218262308719046e-04 1.883766582376050321e-09
8.589541935787946931e-04 1.827428040053440750e-09
8.689004143746880239e-04 1.917217438801895774e-09
8.789618069793463453e-04 1.917992177237471633e-09
8.891397050194612675e-04 1.845055426769691529e-09
8.994354575643936792e-04 1.938586052369230981e-09
9.098504293049911040e-04 1.940849707380014725e-09
9.203860007344779421e-04 1.876240925995412203e-09
9.310435683314335605e-04 1.945080253622351024e-09
9.418245447449008403e-04 1.969721016644488587e-09
9.527303589816239890e-04 1.900059748466670265e-09
9.637624565954680924e-04 1.990276750091255056e-09
9.749222998790226836e-04 1.952518012015042807e-09
9.862113680574266256e-04 1.907892950304553658e-09
9.976311574844392432e-04 2.021296137080993986e-09
1.009183181840779715e-03 1.948613511495338314e-09
1.020868972334764650e-03 1.957642276016878124e-09
1.032690077905264224e-03 2.031135926293330411e-09
1.044648065427020156e-03 1.928740542881887769e-09
1.056744519918323541e-03 2.005638206241138890e-09
1.068981044751116105e-03 2.028503552036349582e-09
1.081359261863509879e-03 1.941374599672630974e-09
1.093880811974775810e-03 2.054543598110947504e-09
1.106547354802818028e-03 1.987984599809338398e-09
1.119360569284169734e-03 2.020489591159730331e-09
1.132322153796529608e-03 2.057391589705238651e-09
1.145433826383887056e-03 1.990468295562417477e-09
1.158697324984239588e-03 2.072939002013219648e-09
1.172114407659961052e-03 1.978625470417164248e-09
1.185686852830827474e-03 2.065000189037143178e-09
1.199416459509744732e-03 2.043560712915699144e-09
1.213305047541206891e-03 2.042727155805956688e-09
1.227354457842515364e-03 2.070663470830399909e-09
1.241566552647784894e-03 2.037247574379594092e-09
1.255943215754790803e-03 2.097104905153665299e-09
1.270486352774652947e-03 2.031562627052892266e-09
1.285197891384432054e-03 2.122195524682814485e-09
1.300079781582635843e-03 2.036389192320538314e-09
1.315133995947690435e-03 2.110330780656859008e-09
1.330362529899403951e-03 2.037566819945116903e-09
1.345767401963456761e-03 2.117832423670067555e-09
1.361350654038956127e-03 2.054694561215179306e-09
1.377114351669082772e-03 2.124913524383457770e-09
1.393060584314885974e-03 2.060257017356234849e-09
1.409191465632227396e-03 2.130386656111048951e-09
1.425509133751954758e-03 2.067350387470226689e-09
1.442015751563302745e-03 2.148927511787304260e-09
1.458713507000582730e-03 2.082143984329191551e-09
1.475604613333191895e-03 2.147784988754073574e-09
1.492691309458979909e-03 2.076530429805196605e-09
1.509975860201007635e-03 2.140568802179873423e-09
1.527460556607757513e-03 2.092303879445149805e-09
1.545147716256795815e-03 2.134556426533260553e-09
1.563039683561977646e-03 2.128824881620379736e-09
1.581138830084189480e-03 2.098303341986668703e-09
1.599447554845698401e-03 2.156541239588646620e-09
1.617968284648140355e-03 2.099270759992981377e-09
1.636703474394191234e-03 2.161693041357681840e-09
1.655655607412955021e-03 2.122483265665752037e-09
1.674827195789139068e-03 2.125403563783335379e-09
1.694220780696013449e-03 2.165759360253638203e-09
1.713838932732252192e-03 2.114618072564602112e-09
1.733684252262658121e-03 2.165165058935370365e-09
1.753759369762839622e-03 2.159997316601024742e-09
1.774066946167876394e-03 2.114680912679192615e-09
1.794609673225024517e-03 2.184032068100044997e-09
1.815390273850506350e-03 2.149225144238672285e-09
1.836411502490422568e-03 2.128712899920564892e-09
1.857676145485863536e-03 2.183209802328040990e-09
1.879187021442221741e-03 2.161861445002830140e-09
1.900946981602806346e-03 2.133180266148477530e-09
1.922958910226767442e-03 2.182394672350315701e-09
1.945225724971402434e-03 2.180065971414526759e-09
1.967750377278885965e-03 2.139549711502672710e-09
1.990535852767486274e-03 2.156389787188487472e-09
2.013585171627295303e-03 2.198423764754178119e-09
2.036901389020564709e-03 2.174290191762769618e-09
2.060487595486651478e-03 2.144543811635109769e-09
2.084346917351677202e-03 2.180898480006979789e-09
2.108482517142910590e-03 2.202567671057439505e-09
2.132897594007962527e-03 2.177772563851973573e-09
2.157595384138824915e-03 2.157065907182911164e-09
2.182579161200830058e-03 2.166382368378118156e-09
2.207852236766562250e-03 2.199175145985840505e-09
2.233417960754816977e-03 2.202662100232259256e-09
2.259279721874612491e-03 2.182921822209428354e-09
2.285440948074375211e-03 2.165678968397072528e-09
2.311905106996301092e-03 2.164301928116157963e-09
2.338675706435990129e-03 2.179108553532920127e-09
2.365756294807400822e-03 2.203658151849584171e-09
2.393150461613189652e-03 2.216053884270430269e-09
2.420861837920496723e-03 2.206143758023008757e-09
2.448894096842230052e-03 2.193299568475911256e-09
2.477250954023952137e-03 2.178507803978884205e-09
2.505936168136361879e-03 2.170637930059919665e-09
2.534953541373521912e-03 2.167558144110581715e-09
2.564306919956823531e-03 2.176978135513750844e-09
2.594000194644804132e-03 2.175338838808388279e-09
2.624037301248860997e-03 2.185434101217872940e-09
2.654422221154941613e-03 2.195903990805017162e-09
2.685158981851263043e-03 2.200257490636128150e-09
2.716251657462167429e-03 2.204393773940498308e-09
2.747704369288123637e-03 2.201878692523723506e-09
2.779521286352018561e-03 2.198289292543023491e-09
2.811706625951745052e-03 2.199546101828091401e-09
2.844264654219206146e-03 2.195709552675728609e-09
2.877199686685782878e-03 2.194367412538692143e-09
2.910516088854357610e-03 2.186642219215803180e-09
2.944218276777944496e-03 2.186726797174897142e-09
2.978310717645054565e-03 2.186663313721114209e-09
3.012797930371789810e-03 2.182515384036467808e-09
3.047684486200846234e-03 2.188588939453645573e-09
3.082975009307410696e-03 2.204970972289183122e-09
3.118674177412095096e-03 2.219228505731024027e-09
3.154786722400964270e-03 2.209744823288449730e-09
3.191317430952740879e-03 2.206634808011174893e-09
3.228271145173277484e-03 2.192626677757880837e-09
3.265652763237360864e-03 2.196246792264777618e-09
3.303467240037982148e-03 2.201573464249948093e-09
3.341719587843073637e-03 2.218558319137768230e-09
3.380414876959909193e-03 2.214118946733619144e-09
3.419558236407146089e-03 2.187585367415179848e-09
3.459154854594680487e-03 2.200073067520849190e-09
3.499209980011365548e-03 2.225975889388318024e-09
3.539728921920689761e-03 2.214566022788732923e-09
3.580717051064509580e-03 2.187885217171744360e-09
3.622179800374952623e-03 2.218845640415644672e-09
3.664122665694521767e-03 2.214665836739052030e-09
3.706551206504587938e-03 2.190753285666676307e-09
3.749471046662278956e-03 2.214417404010753003e-09
3.792887875145917968e-03 2.207001938757282195e-09
3.836807446809092567e-03 2.192237916812492296e-09
3.881235583143459109e-03 2.223855246832043369e-09
3.926178173050358551e-03 2.199048898997817161e-09
3.971641173621410364e-03 2.215055724858792703e-09
4.017630610928087966e-03 2.201643190418718208e-09
4.064152580820497296e-03 2.212131206344998760e-09
4.111213249735355506e-03 2.197888937841120619e-09
4.158818855513353625e-03 2.205792026433927016e-09
4.206975708225972610e-03 2.199596018339514109e-09
4.255690191011878530e-03 2.215288030963826942e-09
4.304968760923003589e-03 2.197000839419137832e-09
4.354817949780402306e-03 2.215261688216463294e-09
4.405244365040072822e-03 2.193445144466731024e-09
4.456254690668728577e-03 2.215243559432890381e-09
4.507855688029784036e-03 2.214974557141925443e-09
4.560054196779547535e-03 2.192832136529362513e-09
4.612857135773812921e-03 2.211523929153031740e-09
4.666271503984951476e-03 2.212933595822565065e-09
4.720304381429616877e-03 2.197305224995988859e-09
4.774962930107178559e-03 2.202174617936098718e-09
4.830254394949069947e-03 2.211852724864968564e-09
4.886186104779055052e-03 2.208754221292791924e-09
4.942765473284694427e-03 2.193861584900293344e-09
4.999999999999999237e-03 2.198031945335069347e-09
5.057897271299490252e-03 2.207919146682536422e-09
5.116464961403772820e-03 2.210987327116297765e-09
5.175710833396719723e-03 2.215062578628577884e-09
5.235642740254497010e-03 2.209174167080509350e-09
5.296268625886442309e-03 2.200648070382971110e-09
5.357596526188034176e-03 2.203599864927715001e-09
5.419634570106018380e-03 2.195544539572642109e-09
5.482390980715924449e-03 2.196289431700191390e-09
5.545874076312003707e-03 2.195664269875412167e-09
5.610092271509814314e-03 2.195379238029668858e-09
5.675054078361577332e-03 2.199250455923076788e-09
5.740768107484413990e-03 2.202607958036116183e-09
5.807243069201712196e-03 2.208991059780507631e-09
5.874487774697644861e-03 2.212366557003904529e-09
5.942511137185094161e-03 2.207646385134388568e-09
6.011322173087065013e-03 2.197035783371486344e-09
6.080930003231838424e-03 2.189678853354695367e-09
6.151343854061904620e-03 2.199824155616563844e-09
6.222573058856926617e-03 2.209945339203073237e-09
6.294627058970836582e-03 2.198605872685624383e-09
6.367515405083306983e-03 2.192257334202007546e-09
6.441247758465666780e-03 2.206453291269572459e-09
6.515833892261499449e-03 2.198131507260883677e-09
6.591283692782035596e-03 2.194778863842516195e-09
6.667607160816618576e-03 2.204094369137166055e-09
6.744814412958264824e-03 2.186637253666082840e-09
6.822915682944625040e-03 2.205003257759447908e-09
6.901921323014425201e-03 2.187876444286887471e-09
6.981841805279686598e-03 2.203740519226765545e-09
7.062687723113769168e-03 2.189293966374376488e-09
7.144469792555517389e-03 2.198751316903082697e-09
7.227198853729637981e-03 2.195266164943343698e-09
7.310885872283590450e-03 2.187691003432257562e-09
7.395541940841035555e-03 2.199031106215578167e-09
7.481178280472170448e-03 2.195630869725224812e-09
7.567806242181043287e-03 2.185643331157351056e-09
7.655437308410150028e-03 2.188701558541705417e-09
7.744083094562406212e-03 2.196484939740223858e-09
7.833755350540741805e-03 2.196836095353999503e-09
7.924465962305568892e-03 2.191603276094018708e-09
8.016226953450207235e-03 2.188552915718540484e-09
8.109050486794647586e-03 2.184740544354180281e-09
8.202948865997691796e-03 2.183334963878918226e-09
8.297934537187804521e-03 2.181152937204492173e-09
8.394020090612802285e-03 2.183319323080173827e-09
8.491218262308719913e-03 2.182980747399059681e-09
8.589541935787937607e-03 2.187688657330583264e-09
8.689004143746880890e-03 2.192961661078955568e-09
8.789618069793463453e-03 2.188140143826170305e-09
8.891397050194612892e-03 2.180594451872104513e-09
8.994354575643934840e-03 2.181196335431651987e-09
9.098504293049919714e-03 2.189177338862195927e-09
9.203860007344778771e-03 2.183994946499704122e-09
9.310435683314336255e-03 2.178132288534711863e-09
9.418245447448998428e-03 2.187020856999499384e-09
9.527303589816240106e-03 2.175661378061431363e-09
9.637624565954681574e-03 2.186548797755706065e-09
9.749222998790225969e-03 2.174722653638736216e-09
9.862113680574265823e-03 2.184921566032236806e-09
9.976311574844402841e-03 2.175476928576944729e-09
1.009183181840780756e-02 2.178007491225827689e-09
1.020868972334764563e-02 2.183206137380178091e-09
1.032690077905264354e-02 2.177880227433898716e-09
1.044648065427019115e-02 2.170748527455033719e-09
1.056744519918323584e-02 2.172360823930749104e-09
1.068981044751115932e-02 2.175661689906341847e-09
1.081359261863509835e-02 2.179192019870452868e-09
1.093880811974775637e-02 2.178938491452498156e-09
1.106547354802819329e-02 2.177272006453975902e-09
1.119360569284169951e-02 2.176244154404398448e-09
1.132322153796529694e-02 2.167603622304655712e-09
1.145433826383886189e-02 2.167293255163963319e-09
1.158697324984239718e-02 2.166417390350151970e-09
1.172114407659961138e-02 2.174176526769203840e-09
1.185686852830827517e-02 2.173288219105440543e-09
1.199416459509744862e-02 2.165513484229829518e-09
1.213305047541208236e-02 2.170334661614190406e-09
1.227354457842515234e-02 2.166469593191999717e-09
1.241566552647785024e-02 2.168246385944611059e-09
1.255943215754789545e-02 2.164937499653621635e-09
1.270486352774653077e-02 2.169353674601229558e-09
1.285197891384432141e-02 2.161444966680376080e-09
1.300079781582635929e-02 2.164034564433405257e-09
1.315133995947690565e-02 2.168265332941189643e-09
1.330362529899405295e-02 2.166219339964812096e-09
1.345767401963458149e-02 2.161813591341297837e-09
1.361350654038956040e-02 2.159268128305997667e-09
1.377114351669082859e-02 2.159073945976291257e-09
1.393060584314884456e-02 2.160573670763891914e-09
1.409191465632227309e-02 2.160694443389069646e-09
1.425509133751954802e-02 2.162986289401716816e-09
1.442015751563302528e-02 2.161414869763246708e-09
1.458713507000582686e-02 2.155066146359391281e-09
1.475604613333193239e-02 2.158379956156610722e-09
1.492691309458979952e-02 2.157781490057289895e-09
1.509975860201007852e-02 2.152567201832387531e-09
1.527460556607756169e-02 2.157495650987991455e-09
1.545147716256796075e-02 2.152662393359896377e-09
1.563039683561977602e-02 2.151339549590092300e-09
1.581138830084189567e-02 2.155327958803528172e-09
1.599447554845698227e-02 2.153396354902553186e-09
1.617968284648142047e-02 2.151923680433901730e-09
1.636703474394191060e-02 2.148572470701099466e-09
1.655655607412955324e-02 2.148195566008029672e-09
1.674827195789137593e-02 2.148040890093458580e-09
1.694220780696013146e-02 2.151178734800619549e-09
1.713838932732252018e-02 2.151262631399312702e-09
1.733684252262658251e-02 2.147469287268497178e-09
1.753759369762839665e-02 2.144594345132048791e-09
1.774066946167878259e-02 2.148393536472446415e-09
1.794609673225026208e-02 2.142895768622944964e-09
1.815390273850506567e-02 2.146044410500672742e-09
1.836411502490422828e-02 2.145556129987259877e-09
1.857676145485861671e-02 2.140015014473342419e-09
1.879187021442221134e-02 2.138886974573968599e-09
1.900946981602805869e-02 2.143449892986812916e-09
1.922958910226767182e-02 2.143009763108677289e-09
1.945225724971402087e-02 2.141085887693467442e-09
1.967750377278887700e-02 2.137144456140165095e-09
1.990535852767486361e-02 2.135790674833828444e-09
2.013585171627295042e-02 2.139195174669812586e-09
2.036901389020562628e-02 2.139104604014570974e-09
2.060487595486651738e-02 2.134503136977102313e-09
2.084346917351677028e-02 2.136125777978795716e-09
2.108482517142910850e-02 2.134311795282643974e-09
2.132897594007962527e-02 2.131780219757339539e-09
2.157595384138826650e-02 2.132868293858668859e-09
2.182579161200829884e-02 2.132400452169216158e-09
2.207852236766562337e-02 2.125785528596212565e-09
2.233417960754814982e-02 2.130421146320710278e-09
2.259279721874613012e-02 2.127826479094243554e-09
2.285440948074375644e-02 2.129917887363041195e-09
2.311905106996301265e-02 2.131142609029175741e-09
2.338675706435990390e-02 2.125648185491004564e-09
2.365756294807403598e-02 2.129602946836288802e-09
2.393150461613192254e-02 2.127024625086098116e-09
2.420861837920496376e-02 2.123949068720914990e-09
2.448894096842230139e-02 2.124349890451371094e-09
2.477250954023949708e-02 2.120156776927572832e-09
2.505936168136362052e-02 2.121239440570347645e-09
2.534953541373521912e-02 2.120769343864162097e-09
2.564306919956823791e-02 2.122995362634005927e-09
2.594000194644804219e-02 2.121855236104376614e-09
2.624037301248863946e-02 2.121603511485410326e-09
2.654422221154941960e-02 2.112681074529502273e-09
2.685158981851263130e-02 2.122199424875336639e-09
2.716251657462164654e-02 2.118859418974757775e-09
2.747704369288123810e-02 2.116682876543393148e-09
2.779521286352018214e-02 2.102238504320766668e-09
2.811706625951744531e-02 2.117670925178839420e-09
2.844264654219206059e-02 2.108656624561574211e-09
2.877199686685785393e-02 2.113435856962294445e-09
2.910516088854357350e-02 2.114556088457078553e-09
2.944218276777944843e-02 2.114924662712810421e-09
2.978310717645051703e-02 2.101543556195921992e-09
3.012797930371790070e-02 2.109841078843786046e-09
3.047684486200846407e-02 2.107810451024067509e-09
3.082975009307410696e-02 2.111433186849190838e-09
3.118674177412095530e-02 2.110813091069319524e-09
3.154786722400967913e-02 2.106502578928189024e-09
3.191317430952744089e-02 2.109885689273277652e-09
3.228271145173277484e-02 2.108690439442633689e-09
3.265652763237360950e-02 2.104247416984920600e-09
3.303467240037977898e-02 2.103198965855621746e-09
3.341719587843073463e-02 2.104432026206927408e-09
3.380414876959908499e-02 2.101678861968392087e-09
3.419558236407146262e-02 2.110060152408165641e-09
3.459154854594680834e-02 2.102064993130932567e-09
3.499209980011368931e-02 2.098664256765485807e-09
3.539728921920690108e-02 2.101936172454455376e-09
3.580717051064509493e-02 2.100440008773431442e-09
3.622179800374948633e-02 2.099855612008855175e-09
3.664122665694521247e-02 2.096695628718721406e-09
3.706551206504588025e-02 2.097878901265669736e-09
3.749471046662278262e-02 2.094423017758187617e-09
3.792887875145917187e-02 2.095055472096133042e-09
3.836807446809096384e-02 2.106187652552418207e-09
3.881235583143458762e-02 2.094538389478239854e-09
3.926178173050358378e-02 2.093284749038684914e-09
3.971641173621406201e-02 2.092057974117383487e-09
4.017630610928087792e-02 2.091325500265632373e-09
4.064152580820496602e-02 2.093792339933466705e-09
4.111213249735355679e-02 2.118484209078229058e-09
4.158818855513353452e-02 2.095083386854128084e-09
4.206975708225977467e-02 2.090049248613683761e-09
4.255690191011882867e-02 2.086018909583313250e-09
4.304968760923003068e-02 2.087335964902769124e-09
4.354817949780401959e-02 2.087862423680648384e-09
4.405244365040068139e-02 2.084579774732593376e-09
4.456254690668728924e-02 2.085150169659358042e-09
4.507855688029784730e-02 2.084891948179610003e-09
4.560054196779547708e-02 2.080755328948205770e-09
4.612857135773813788e-02 2.081413436135639831e-09
4.666271503984956853e-02 2.080473578373684102e-09
4.720304381429617224e-02 2.079609440925043529e-09
4.774962930107178732e-02 2.079143970497727419e-09
4.830254394949064223e-02 2.080012884147053606e-09
4.886186104779054878e-02 2.079675299822697712e-09
4.942765473284694427e-02 2.076910051859257205e-09
4.999999999999998890e-02 2.075772390220635389e-09
5.057897271299490599e-02 2.075743221901842893e-09
5.116464961403772299e-02 2.073792653247926896e-09
5.175710833396719723e-02 2.074902394912245193e-09
5.235642740254497357e-02 2.071259533323152115e-09
5.296268625886441789e-02 2.071710038555718090e-09
5.357596526188034003e-02 2.071915444450840470e-09
5.419634570106018207e-02 2.069412180170568761e-09
5.482390980715925316e-02 2.071023901332736189e-09
5.545874076312003881e-02 2.069288241847185312e-09
5.610092271509820039e-02 2.067970913306741730e-09
5.675054078361576465e-02 2.068388476629004478e-09
5.740768107484413296e-02 2.067852800650889928e-09
5.807243069201712543e-02 2.063191660186071113e-09
5.874487774697650933e-02 2.066300775099103297e-09
5.942511137185093467e-02 2.052143885499104803e-09
6.011322173087065013e-02 2.071045221731916443e-09
6.080930003231838771e-02 2.062838297797566022e-09
6.151343854061906008e-02 2.059684779571719647e-09
6.222573058856926964e-02 2.060754575714434813e-09
6.294627058970836408e-02 2.061005866678890217e-09
6.367515405083307156e-02 2.060630003467305120e-09
6.441247758465666606e-02 2.054330591390849420e-09
6.515833892261499449e-02 2.058642303661991175e-09
6.591283692782035075e-02 2.055917354677300273e-09
6.667607160816618750e-02 2.057935346204859983e-09
6.744814412958265171e-02 2.056235290922905089e-09
6.822915682944626081e-02 2.054279208615247190e-09
6.901921323014426068e-02 2.055035065482781284e-09
6.981841805279687119e-02 2.056050685506627238e-09
7.062687723113769689e-02 2.052728622797013901e-09
7.144469792555516174e-02 2.048914301982432053e-09
7.227198853729638328e-02 2.050222236143064870e-09
7.310885872283590103e-02 2.049259403275886098e-09
7.395541940841034168e-02 2.051062789553171889e-09
7.481178280472169928e-02 2.049039881842339748e-09
7.567806242181042420e-02 2.046474381875425178e-09
7.655437308410149855e-02 2.047854368438910361e-09
7.744083094562403957e-02 2.043056151629843372e-09
7.833755350540749784e-02 2.044697167633991087e-09
7.924465962305569933e-02 2.045266871890705157e-09
8.016226953450207582e-02 2.023858877227617378e-09
8.109050486794647239e-02 2.042350414474437534e-09
8.202948865997691796e-02 2.044396633437748329e-09
8.297934537187805215e-02 2.052144842788504386e-09
8.394020090612801244e-02 2.040077190253308289e-09
8.491218262308719567e-02 2.030515996602949654e-09
8.589541935787936566e-02 2.035925832737733584e-09
8.689004143746879849e-02 2.039996880311222719e-09
8.789618069793463107e-02 2.036137502972079784e-09
8.891397050194613239e-02 2.036546121273353612e-09
8.994354575643936922e-02 2.034760051503434396e-09
9.098504293049920755e-02 2.033361805221510876e-09
9.203860007344781546e-02 2.034567025500146298e-09
9.310435683314335908e-02 2.031942765444793760e-09
9.418245447449000163e-02 2.030570780900697644e-09
9.527303589816239759e-02 2.067015924939958792e-09
9.637624565954681921e-02 2.029951654130705178e-09
9.749222998790225969e-02 2.033053448442852751e-09
9.862113680574265129e-02 2.028219793884715967e-09
9.976311574844401453e-02 2.029219200916871292e-09
1.009183181840780652e-01 2.028705423473060476e-09
1.020868972334764563e-01 2.027046081979017473e-09
1.032690077905264459e-01 2.025186076936698754e-09
1.044648065427020295e-01 2.027251756383194117e-09
1.056744519918323688e-01 2.023637916430405559e-09
1.068981044751116105e-01 2.021382551782643175e-09
1.081359261863509835e-01 2.022442048522126578e-09
1.093880811974775741e-01 2.022285922107703428e-09
1.106547354802819294e-01 2.021285358603404555e-09
1.119360569284170021e-01 2.020242786980833638e-09
1.132322153796529729e-01 2.019387215867394095e-09
1.145433826383885911e-01 2.018906669379844356e-09
1.158697324984239579e-01 2.001593964915131367e-09
1.172114407659961138e-01 2.015743972892921518e-09
1.185686852830827448e-01 2.025293711956984763e-09
1.199416459509744931e-01 2.015101412407762781e-09
1.213305047541208270e-01 2.014863747023245566e-09
1.227354457842515373e-01 2.014525515544495824e-09
1.241566552647785232e-01 2.015096062699470041e-09
1.255943215754789510e-01 2.011584232539061723e-09
1.270486352774652938e-01 2.010059740207915636e-09
1.285197891384432245e-01 2.011965663806783338e-09
1.300079781582635929e-01 2.009581517189533257e-09
1.315133995947690426e-01 2.007550537741188212e-09
1.330362529899405399e-01 2.015373979277254856e-09
1.345767401963458010e-01 2.005389259752605428e-09
1.361350654038956109e-01 2.006858937817021217e-09
1.377114351669082859e-01 2.004963986728904612e-09
1.393060584314886052e-01 2.004968064514618190e-09
1.409191465632227414e-01 2.004060671789018879e-09
1.425509133751954594e-01 2.003540585936013501e-09
1.442015751563302528e-01 2.030312661469019469e-09
1.458713507000582721e-01 2.003214032254789003e-09
1.475604613333193205e-01 2.000417726874271848e-09
1.492691309458979987e-01 1.999680620602650435e-09
1.509975860201007714e-01 1.998880145996411584e-09
1.527460556607755926e-01 1.998378033946675977e-09
1.545147716256795867e-01 2.000625237240279638e-09
1.563039683561977533e-01 1.998431618403322085e-09
1.581138830084189428e-01 1.983400592979551651e-09
1.599447554845698227e-01 1.995715878547921720e-09
1.617968284648141908e-01 1.993991695777447474e-09
1.636703474394191060e-01 1.992934034621254209e-09
1.655655607412955255e-01 1.953444021095259041e-09
1.674827195789137801e-01 1.991908510407066934e-09
1.694220780696013284e-01 1.990901812572795388e-09
1.713838932732252018e-01 1.964544636992034539e-09
1.733684252262658043e-01 1.990345767054128425e-09
1.753759369762839249e-01 1.989526370901513973e-09
1.774066946167878189e-01 1.988006828188355537e-09
1.794609673225026625e-01 1.989806178451087883e-09
1.815390273850506775e-01 1.986207106452703419e-09
1.836411502490422898e-01 1.985439742642769059e-09
1.857676145485863684e-01 1.981342513566684430e-09
1.879187021442221273e-01 1.981821327856053749e-09
1.900946981602806007e-01 1.983277290206928665e-09
1.922958910226767459e-01 1.982677288145868605e-09
1.945225724971401948e-01 1.983947403029253646e-09
1.967750377278887908e-01 1.981156315272765325e-09
1.990535852767486291e-01 1.981054731323999844e-09
2.013585171627295112e-01 1.979372104781370094e-09
2.036901389020562836e-01 1.976926529015402540e-09
2.060487595486651669e-01 1.978663164638150881e-09
2.084346917351677098e-01 1.970925349825425293e-09
2.108482517142910850e-01 1.976007010827306139e-09
2.132897594007962250e-01 1.975520759079502550e-09
2.157595384138827066e-01 1.976447267057283642e-09
2.182579161200829954e-01 1.974152442642454899e-09
2.207852236766562337e-01 1.966768901134506214e-09
2.233417960754814635e-01 1.971117319329841188e-09
2.259279721874612734e-01 1.971897022885474134e-09
2.285440948074375644e-01 1.969993896374642055e-09
2.311905106996300918e-01 1.961971783516124823e-09
2.338675706435990598e-01 1.969407153980264116e-09
2.365756294807403459e-01 2.000703505038478921e-09
2.393150461613192392e-01 1.967001935349568975e-09
2.420861837920496862e-01 1.964646395346127939e-09
2.448894096842230417e-01 1.965308108813653188e-09
2.477250954023952345e-01 1.956442952908355482e-09
2.505936168136362330e-01 1.963359584108181678e-09
2.534953541373521912e-01 1.962921746901093794e-09
2.564306919956823583e-01 1.960261688032224892e-09
2.594000194644804358e-01 1.960742919881190160e-09
2.624037301248863807e-01 1.960968425823447563e-09
2.654422221154941752e-01 1.957985647716288784e-09
2.685158981851262783e-01 1.957404488579915171e-09
2.716251657462164792e-01 1.958844305856456889e-09
2.747704369288123671e-01 1.956804871440482600e-09
2.779521286352018006e-01 1.956978918809317913e-09
2.811706625951744809e-01 1.957058913437960493e-09
2.844264654219206268e-01 1.956896357334766218e-09
2.877199686685785740e-01 1.935940037330824657e-09
2.910516088854357419e-01 1.955247050830537865e-09
2.944218276777944010e-01 1.953453094102059406e-09
2.978310717645051287e-01 1.950244823980470495e-09
3.012797930371790001e-01 1.949689332776634622e-09
3.047684486200846199e-01 1.948484169426261367e-09
3.082975009307410419e-01 1.953363980443942780e-09
3.118674177412095183e-01 1.948596308611679472e-09
3.154786722400967358e-01 1.948552756692552388e-09
3.191317430952744227e-01 1.947190918403143686e-09
3.228271145173277623e-01 1.945664890074574207e-09
3.265652763237361089e-01 1.946037748442175032e-09
3.303467240037981645e-01 1.945209411316789442e-09
3.341719587843073880e-01 1.943206587577937269e-09
3.380414876959909054e-01 1.941534634161108664e-09
3.419558236407145846e-01 1.941568646808353727e-09
3.459154854594680417e-01 1.943390199895891367e-09
3.499209980011368515e-01 1.939080143281867712e-09
3.539728921920690108e-01 1.939487944573617486e-09
3.580717051064509771e-01 1.938666829499114459e-09
3.622179800374948910e-01 1.937628612415177416e-09
3.664122665694521941e-01 1.933555556361121397e-09
3.706551206504588025e-01 1.942079376735389134e-09
3.749471046662278817e-01 1.957542079033648737e-09
3.792887875145917742e-01 1.937050850064353729e-09
3.836807446809096245e-01 1.933973505472957361e-09
3.881235583143459178e-01 1.932506705240846129e-09
3.926178173050358100e-01 1.932303357464218391e-09
3.971641173621405785e-01 1.932943219171494677e-09
4.017630610928087931e-01 1.929916047288316118e-09
4.064152580820497018e-01 1.930784345360851385e-09
4.111213249735355402e-01 1.929194001394345341e-09
4.158818855513353729e-01 1.931098778938637550e-09
4.206975708225977328e-01 1.929201789380574720e-09
4.255690191011883283e-01 1.926751774116264157e-09
4.304968760923003068e-01 1.917296487198198091e-09
4.354817949780401820e-01 1.915283319960327106e-09
4.405244365040072441e-01 1.922704427092153753e-09
4.456254690668728924e-01 1.925424980827068127e-09
4.507855688029784313e-01 1.923277329334725824e-09
4.560054196779547708e-01 1.919775614016021688e-09
4.612857135773818507e-01 1.927931658884185809e-09
4.666271503984956714e-01 1.919174613162034544e-09
4.720304381429616947e-01 1.917712897499782991e-09
4.774962930107178871e-01 1.918751504738191340e-09
4.830254394949065055e-01 1.918039558432158383e-09
4.886186104779055572e-01 1.917351939543468432e-09
4.942765473284694844e-01 1.913693070492858675e-09
5.000000000000000000e-01 1.850719716741196441e-09
5.235642740254496941e-01 1.914723265269080352e-09
5.482390980715925455e-01 1.909578378735841539e-09
5.740768107484413019e-01 1.906979378449337956e-09
6.011322173087064735e-01 1.903588082812286870e-09
6.294627058970835298e-01 1.902820342898481518e-09
6.591283692782035075e-01 1.899738529142967022e-09
6.901921323014423848e-01 1.892020878830645827e-09
7.227198853729638328e-01 1.888842391152559924e-09
7.567806242181041032e-01 1.882234780737286156e-09
7.924465962305566880e-01 1.883505578374662061e-09
8.297934537187803272e-01 1.880722010943127920e-09
8.689004143746876796e-01 1.876109515866236418e-09
9.098504293049916036e-01 1.873679657345650435e-09
9.527303589816236151e-01 1.871393417626805610e-09
9.976311574844397567e-01 1.867357055462941001e-09
1.044648065427019601e+00 1.865100039449590994e-09
1.093880811974776268e+00 1.860995999428123980e-09
1.145433826383886355e+00 1.857419595484468867e-09
1.199416459509745181e+00 1.854314063700725071e-09
1.255943215754790065e+00 1.849606157604530071e-09
1.315133995947690870e+00 1.848233399109606643e-09
1.377114351669083137e+00 1.848686568386635475e-09
1.442015751563303194e+00 1.841509217680985941e-09
1.509975860201008047e+00 1.851569480899453044e-09
1.581138830084189539e+00 1.836096946112528596e-09
1.655655607412955588e+00 1.841786019273611509e-09
1.733684252262658099e+00 1.830110994029339728e-09
1.815390273850506775e+00 1.828475916565098488e-09
1.900946981602805730e+00 1.827134409602392350e-09
1.990535852767486125e+00 1.820743633117109060e-09
2.084346917351676876e+00 1.816853169637033607e-09
2.182579161200830065e+00 1.814114222221258534e-09
2.285440948074374923e+00 1.803787850366320212e-09
2.393150461613192004e+00 1.801839641043347622e-09
2.505936168136361886e+00 1.803328685121745943e-09
2.624037301248862697e+00 1.800723409396447101e-09
2.747704369288122450e+00 1.789834905657649784e-09
2.877199686685784741e+00 1.795030573113223492e-09
3.012797930371788890e+00 1.793007065590000065e-09
3.154786722400966248e+00 1.789825570992393319e-09
3.303467240037980091e+00 1.785220553384109554e-09
3.459154854594682416e+00 1.780825111692818583e-09
3.622179800374950354e+00 1.838960509365761151e-09
3.792887875145919185e+00 2.091957974646276536e-09
3.971641173621408338e+00 1.774003585184469363e-09
4.158818855513356283e+00 1.770005599993190665e-09
4.354817949780404263e+00 1.767161128175735871e-09
4.560054196779547375e+00 1.763485327036245736e-09
4.774962930107178316e+00 1.761835323371117330e-09
5.000000000000000000e+00 1.757147743943305989e-09
6.294627058970836408e+00 1.740363321924007091e-09
7.924465962305568212e+00 1.727810327365796887e-09
9.976311574844396901e+00 1.714834590001133586e-09
1.255943215754790110e+01 1.697344208921100253e-09
1.581138830084189451e+01 1.681170075949220068e-09
1.990535852767486347e+01 1.664035644195365965e-09
2.505936168136361886e+01 1.651369423853740751e-09
3.154786722400966781e+01 1.639367802453223534e-09
3.971641173621406296e+01 1.624806767851381795e-09
4.999999999999999289e+01 1.606469839012941967e-09
