3.706551206504587478e-05 1.000883533856090748e-14
3.792887875145917236e-05 4.531758198838069369e-13
3.881235583143463716e-05 1.613669995202092064e-12
3.971641173621409687e-05 3.485940251625118018e-12
4.064152580820496591e-05 6.049880681623954153e-12
4.158818855513353842e-05 9.274861014000143842e-12
4.255690191011878395e-05 1.310230483093591631e-11
4.354817949780398050e-05 1.746501364759506062e-11
4.456254690668729390e-05 2.227478870605608603e-11
4.560054196779547508e-05 2.744857413595350265e-11
4.666271503984951611e-05 3.286197582919955326e-11
4.774962930107183736e-05 3.839937187085972643e-11
4.886186104779054808e-05 4.392705408106639100e-11
4.999999999999998884e-05 4.930707798550857965e-11
5.057897271299491120e-05 5.192257375683454861e-11
5.116464961403767209e-05 5.442910486140695470e-11
5.175710833396714221e-05 5.684536188698287591e-11
5.235642740254491318e-05 5.914258557414746052e-11
5.296268625886448543e-05 6.131054172622850657e-11
5.357596526188034176e-05 6.333227506732877062e-11
5.419634570106018624e-05 6.520175521389363283e-11
5.482390980715923717e-05 6.692598437871738324e-11
5.545874076312003680e-05 6.845880843989582473e-11
5.610092271509813013e-05 6.982450716339516582e-11
5.675054078361570665e-05 7.100882369553722979e-11
5.740768107484407919e-05 7.203539379548555947e-11
5.807243069201718186e-05 7.285095665886247174e-11
5.874487774697652071e-05 7.353830185670911901e-11
5.942511137185093809e-05 7.401679334321006736e-11
6.011322173087065555e-05 7.437578476365333725e-11
6.080930003231838695e-05 7.459116203906599201e-11
6.151343854061905325e-05 7.469613155462609401e-11
6.222573058856921034e-05 7.470729288922200877e-11
6.294627058970830402e-05 7.467025312037793669e-11
6.367515405083314138e-05 7.453894043180356063e-11
6.441247758465673719e-05 7.442013608794682592e-11
6.515833892261499124e-05 7.435643408666190205e-11
6.591283692782035650e-05 7.434299665187772086e-11
6.667607160816619769e-05 7.442957716039921608e-11
6.744814412958265366e-05 7.462486950766636786e-11
6.822915682944618535e-05 7.504336188554035189e-11
6.901921323014417829e-05 7.568166618447635597e-11
6.981841805279679497e-05 7.659841720558970194e-11
7.062687723113775782e-05 7.784776737818215988e-11
7.144469792555517389e-05 7.944448617655979273e-11
7.227198853729638578e-05 8.148597517448806743e-11
7.310885872283590017e-05 8.393234280598265789e-11
7.395541940841033766e-05 8.687374404170486568e-11
7.481178280472162371e-05 9.032217604615294988e-11
7.567806242181035860e-05 9.431077530953651384e-11
7.655437308410142656e-05 9.888457930437988489e-11
7.744083094562412067e-05 1.040301315889311214e-10
7.833755350540748852e-05 1.097095582375300490e-10
7.924465962305569597e-05 1.159901767133715363e-10
8.016226953450208102e-05 1.228402511252227196e-10
8.109050486794647857e-05 1.301849570221017960e-10
8.202948865997692718e-05 1.380539862199211568e-10
8.297934537187798070e-05 1.464057450290310743e-10
8.394020090612792852e-05 1.551167559036336570e-10
8.491218262308728262e-05 1.641727457702421407e-10
8.589541935787943950e-05 1.734457055381192731e-10
8.689004143746881595e-05 1.829208661557878579e-10
8.789618069793464267e-05 1.925481559710584935e-10
8.891397050194613488e-05 2.020464576819256610e-10
8.994354575643936521e-05 2.114545945031403429e-10
9.098504293049911853e-05 2.205732622513315944e-10
9.203860007344770748e-05 2.294339430736076081e-10
9.310435683314326931e-05 2.377766625887411261e-10
9.418245447449009216e-05 2.454369032894306095e-10
9.527303589816239347e-05 2.525204372982216534e-10
9.637624565954680924e-05 2.589200541911798070e-10
9.749222998790226565e-05 2.643116844809686706e-10
9.862113680574265443e-05 2.689331555826809784e-10
9.976311574844392432e-05 2.725402972501755354e-10
1.009183181840780691e-04 2.752613127382456388e-10
1.020868972334764514e-04 2.769611708782315982e-10
1.032690077905264333e-04 2.777843300648728299e-10
1.044648065427019234e-04 2.777081734598867410e-10
1.056744519918323541e-04 2.769600629982339016e-10
1.068981044751116051e-04 2.755608021635926605e-10
1.081359261863509824e-04 2.736895285159194234e-10
1.093880811974775783e-04 2.714512103044250490e-10
1.106547354802819166e-04 2.692800494169041942e-10
1.119360569284169978e-04 2.672639427488029011e-10
1.132322153796529580e-04 2.657259381868613321e-10
1.145433826383886026e-04 2.647894658104047360e-10
1.158697324984239615e-04 2.649531633718150976e-10
1.172114407659961160e-04 2.663814330871401255e-10
1.185686852830827555e-04 2.692361461642247978e-10
1.199416459509744813e-04 2.739251265441525412e-10
1.213305047541207081e-04 2.805602879284974447e-10
1.227354457842515364e-04 2.892958494971836281e-10
1.241566552647784948e-04 3.003253793574552836e-10
1.255943215754789502e-04 3.135731381929767114e-10
1.270486352774653110e-04 3.291570585889328200e-10
1.285197891384432108e-04 3.468266531194203554e-10
1.300079781582635788e-04 3.665489821904430694e-10
1.315133995947690435e-04 3.879409689493021945e-10
1.330362529899403897e-04 4.106751330265969834e-10
1.345767401963458333e-04 4.344040440729737206e-10
1.361350654038956344e-04 4.585508959784339888e-10
1.377114351669082826e-04 4.826513769312052450e-10
1.393060584314884456e-04 5.061483076055499137e-10
1.409191465632227234e-04 5.283391244523512075e-10
1.425509133751954596e-04 5.484902438681412545e-10
1.442015751563302474e-04 5.663670149875604642e-10
1.458713507000582675e-04 5.813245309502879707e-10
1.475604613333193142e-04 5.928522171707141619e-10
1.492691309458979475e-04 6.009035419289524264e-10
1.509975860201007907e-04 6.050428584006334985e-10
1.527460556607755941e-04 6.055366351107303902e-10
1.545147716256795760e-04 6.023468697503983622e-10
1.563039683561977700e-04 5.960364168718281415e-10
1.581138830084189426e-04 5.869821787029725957e-10
1.599447554845698401e-04 5.762182507363171612e-10
1.617968284648140247e-04 5.643539567783474921e-10
1.636703474394191234e-04 5.526737063862778589e-10
1.655655607412955508e-04 5.421419043811129355e-10
1.674827195789137550e-04 5.341549301827602841e-10
1.694220780696013395e-04 5.292457595116713821e-10
1.713838932732251867e-04 5.289784115983223413e-10
1.733684252262658446e-04 5.339704872770536470e-10
1.753759369762839893e-04 5.447956431139526796e-10
1.774066946167876340e-04 5.619649835320944543e-10
1.794609673225026631e-04 5.853577460907979223e-10
1.815390273850506729e-04 6.145931387511061391e-10
1.836411502490422785e-04 6.487565712886996907e-10
1.857676145485863753e-04 6.870406406607961220e-10
1.879187021442221578e-04 7.274144850783638821e-10
1.900946981602806183e-04 7.685778610674147770e-10
1.922958910226767171e-04 8.082269000828736270e-10
1.945225724971401946e-04 8.448781493580525393e-10
1.967750377278885748e-04 8.761097039354330439e-10
1.990535852767486220e-04 9.009567631380584430e-10
2.013585171627295032e-04 9.173056155699812269e-10
2.036901389020562758e-04 9.248352283984341283e-10
2.060487595486651640e-04 9.235315345966327443e-10
2.084346917351676985e-04 9.136297693420454311e-10
2.108482517142910915e-04 8.968687174181864093e-10
2.132897594007962310e-04 8.748857262242680939e-10
2.157595384138824807e-04 8.501901629402023482e-10
2.182579161200830003e-04 8.258250485168147087e-10
2.207852236766562250e-04 8.047629053142642532e-10
2.233417960754814971e-04 7.900843122216355826e-10
2.259279721874612383e-04 7.844683338208481511e-10
2.285440948074375482e-04 7.897806254780084740e-10
2.311905106996301417e-04 8.073314306975593463e-10
2.338675706435990129e-04 8.372595483806184056e-10
2.365756294807401202e-04 8.780116990267320273e-10
2.393150461613192416e-04 9.273806301448022789e-10
2.420861837920496669e-04 9.820113518991088925e-10
2.448894096842230486e-04 1.037521293249277228e-09
2.477250954023952571e-04 1.089990082933922180e-09
2.505936168136362096e-04 1.133838283846104549e-09
2.534953541373521587e-04 1.166218333654880927e-09
2.564306919956823639e-04 1.184042400058243563e-09
2.594000194644803916e-04 1.185934026638973287e-09
2.624037301248860888e-04 1.172309879023611453e-09
2.654422221154941939e-04 1.146152519230485326e-09
2.685158981851263043e-04 1.111298961654604207e-09
2.716251657462165044e-04 1.073557519778162648e-09
2.747704369288123854e-04 1.038970621696573547e-09
2.779521286352018127e-04 1.014230885209556318e-09
2.811706625951744943e-04 1.004418461533795408e-09
2.844264654219205712e-04 1.013028388308439459e-09
2.877199686685782661e-04 1.041425750997394200e-09
2.910516088854357393e-04 1.087698988119493930e-09
2.944218276777944170e-04 1.147620247602582524e-09
2.978310717645051204e-04 1.214336695959350248e-09
3.012797930371790027e-04 1.279844577466328961e-09
3.047684486200846234e-04 1.335102365935375589e-09
3.082975009307409721e-04 1.373580320575844787e-09
3.118674177412095313e-04 1.389601716846918871e-09
3.154786722400964379e-04 1.381795254765199388e-09
3.191317430952743915e-04 1.353046489968857554e-09
3.228271145173277267e-04 1.309243249610731411e-09
3.265652763237360972e-04 1.260327427497617406e-09
3.303467240037981281e-04 1.217364212414371422e-09
3.341719587843074504e-04 1.189909575779623257e-09
3.380414876959908759e-04 1.186838436786531210e-09
3.419558236407145655e-04 1.211585283202259151e-09
3.459154854594680595e-04 1.262320208380798857e-09
3.499209980011365223e-04 1.331327130480748302e-09
3.539728921920690086e-04 1.407449051936932990e-09
3.580717051064509905e-04 1.476148134159067903e-09
3.622179800374948611e-04 1.525248389379653154e-09
3.664122665694521551e-04 1.544711726466568960e-09
3.706551206504588697e-04 1.532616627924232138e-09
3.749471046662278739e-04 1.492757302766977145e-09
3.792887875145917100e-04 1.436977866381236978e-09
3.836807446809091808e-04 1.380849342955159814e-09
3.881235583143459109e-04 1.341777047436344753e-09
3.926178173050358226e-04 1.332085571928632202e-09
3.971641173621406028e-04 1.358629603969950126e-09
4.017630610928087857e-04 1.417240906074815904e-09
4.064152580820496862e-04 1.496875687324135793e-09
4.111213249735355181e-04 1.577016676757551980e-09
4.158818855513353300e-04 1.634849171859716690e-09
4.206975708225973477e-04 1.664946454744497921e-09
4.255690191011882867e-04 1.650447334479102077e-09
4.304968760923003155e-04 1.601754886725401483e-09
4.354817949780401981e-04 1.536933779465207749e-09
4.405244365040072822e-04 1.478748726468494458e-09
4.456254690668728577e-04 1.450306837699164158e-09
4.507855688029783927e-04 1.465483797176313267e-09
4.560054196779547643e-04 1.523523006211186778e-09
4.612857135773813463e-04 1.604833408505051183e-09
4.666271503984952018e-04 1.688421021214871937e-09
4.720304381429617636e-04 1.750711053003300660e-09
4.774962930107179535e-04 1.754312492495705281e-09
4.830254394949064960e-04 1.717206777913438182e-09
4.886186104779055486e-04 1.659619323690810590e-09
4.942765473284694211e-04 1.593506241247219838e-09
4.999999999999999020e-04 1.553619211486722583e-09
5.057897271299491120e-04 1.561661052500825161e-09
5.116464961403766531e-04 1.625641296285728456e-09
5.175710833396719507e-04 1.714180012570645539e-09
5.235642740254497010e-04 1.801888495497959715e-09
5.296268625886442309e-04 1.829060225651911545e-09
5.357596526188034176e-04 1.806750810997450655e-09
5.419634570106019031e-04 1.743419975129919630e-09
5.482390980715924666e-04 1.669430031387226992e-09
5.545874076312004358e-04 1.627059315429883399e-09
5.610092271509814097e-04 1.644074594584047459e-09
5.675054078361570394e-04 1.710298519423430920e-09
5.740768107484413340e-04 1.807718278474296409e-09
5.807243069201711546e-04 1.880325276407834108e-09
5.874487774697650716e-04 1.883356593279920338e-09
5.942511137185092860e-04 1.823973877637843254e-09
6.011322173087062844e-04 1.750674463558242856e-09
6.080930003231838424e-04 1.690502847846061992e-09
6.151343854061905054e-04 1.708555342546762615e-09
6.222573058856920762e-04 1.775759242254545490e-09
6.294627058970836365e-04 1.869647651389411683e-09
6.367515405083307633e-04 1.939507079610278689e-09
6.441247758465673719e-04 1.920699112408791056e-09
6.515833892261497498e-04 1.837429373493653791e-09
6.591283692782036463e-04 1.763831344056169129e-09
6.667607160816619227e-04 1.743107844896307541e-09
6.744814412958264824e-04 1.797661738001433279e-09
6.822915682944617451e-04 1.892713646846524148e-09
6.901921323014424334e-04 1.968233733464335188e-09
6.981841805279687899e-04 1.967450665088150393e-09
7.062687723113776324e-04 1.895416451153882380e-09
7.144469792555516304e-04 1.819984553069699884e-09
7.227198853729638849e-04 1.748856826171757708e-09
7.310885872283591101e-04 1.880382250943534286e-09
7.395541940841035122e-04 1.959203606328262896e-09
7.481178280472163726e-04 2.005309515150619236e-09
7.567806242181035047e-04 1.962967962287178285e-09
7.655437308410149161e-04 1.877150201180891250e-09
7.744083094562404478e-04 1.840624976591714011e-09
7.833755350540749394e-04 1.857242917948446983e-09
7.924465962305569326e-04 1.959956236766420005e-09
8.016226953450207018e-04 2.022028954486220227e-09
8.109050486794647586e-04 1.999560475657449992e-09
8.202948865997691363e-04 1.909931520417343627e-09
8.297934537187796715e-04 1.884873102884457049e-09
8.394020090612802068e-04 1.940912432926065328e-09
8.491218262308721215e-04 1.998940375392187258e-09
8.589541935787945847e-04 2.059928538273842444e-09
8.689004143746880239e-04 1.979315820240036375e-09
8.789618069793463453e-04 1.910390932695901830e-09
8.891397050194612675e-04 1.904521633812039910e-09
8.994354575643934624e-04 2.000859608286541451e-09
9.098504293049911040e-04 2.062309806310660179e-09
9.203860007344779421e-04 2.022285252948801471e-09
9.310435683314336689e-04 1.956367102169427405e-09
9.418245447449008403e-04 1.916332631730358102e-09
9.527303589816240974e-04 1.996114219388570660e-09
9.637624565954682008e-04 2.083207190771873227e-09
9.749222998790226836e-04 2.049347926523616562e-09
9.862113680574266256e-04 1.963977353682679698e-09
9.976311574844392432e-04 1.957302958931479317e-09
1.009183181840779715e-03 2.024537821745793974e-09
1.020868972334764650e-03 2.098100732494437343e-09
1.032690077905264224e-03 2.061624913217601800e-09
1.044648065427020156e-03 1.968194621223175038e-09
1.056744519918323541e-03 1.992534609335618878e-09
1.068981044751116105e-03 2.098179068811462724e-09
1.081359261863509879e-03 2.097217277812885040e-09
1.093880811974775810e-03 2.005557815946300552e-09
1.106547354802818028e-03 1.984786304363643864e-09
1.119360569284169734e-03 2.073947632790440700e-09
1.132322153796529608e-03 2.124746929350493546e-09
1.145433826383887056e-03 2.044165746206411027e-09
1.158697324984239588e-03 1.985151375391428007e-09
1.172114407659961052e-03 2.074336377983904109e-09
1.185686852830827691e-03 2.134633084103978202e-09
1.199416459509744732e-03 2.057387590059178034e-09
1.213305047541206891e-03 2.012163794708474935e-09
1.227354457842515364e-03 2.090844863995603230e-09
1.241566552647784894e-03 2.145678353006014743e-09
1.255943215754790803e-03 2.050217041773999693e-09
1.270486352774652730e-03 2.034936745440119521e-09
1.285197891384432054e-03 2.120253894947934848e-09
1.300079781582635843e-03 2.126848157083402131e-09
1.315133995947690435e-03 2.046573533703026321e-09
1.330362529899404168e-03 2.072515865609196476e-09
1.345767401963456761e-03 2.151527729248496005e-09
1.361350654038956127e-03 2.096488202717270435e-09
1.377114351669082772e-03 2.041007880732043502e-09
1.393060584314885757e-03 2.157212021856869247e-09
1.409191465632227396e-03 2.156667450536165830e-09
1.425509133751954758e-03 2.053894433651953925e-09
1.442015751563302962e-03 2.117678561501640800e-09
1.458713507000582730e-03 2.168816609145404096e-09
1.475604613333191895e-03 2.088705664353770048e-09
1.492691309458979909e-03 2.103869681599803200e-09
1.509975860201007635e-03 2.188480260393713772e-09
1.527460556607757513e-03 2.097443729595648905e-09
1.545147716256795815e-03 2.088370073866488681e-09
1.563039683561977429e-03 2.166909357863260913e-09
1.581138830084189480e-03 2.113911572358020980e-09
1.599447554845698401e-03 2.106447208632471179e-09
1.617968284648140355e-03 2.181933778930635398e-09
1.636703474394191234e-03 2.107601071663601712e-09
1.655655607412955237e-03 2.097927214551116496e-09
1.674827195789139501e-03 2.173665979052394590e-09
1.694220780696013232e-03 2.103693590039777325e-09
1.713838932732251975e-03 2.141979811175813523e-09
1.733684252262658121e-03 2.187242507216893134e-09
1.753759369762839405e-03 2.096381155523887426e-09
1.774066946167876177e-03 2.168859130787688059e-09
1.794609673225024734e-03 2.152688851384198229e-09
1.815390273850506784e-03 2.122119453906077484e-09
1.836411502490422785e-03 2.190853332007116414e-09
1.857676145485863753e-03 2.108317209814692719e-09
1.879187021442221307e-03 2.152713297122690621e-09
1.900946981602805912e-03 2.176298885642674170e-09
1.922958910226767442e-03 2.109945706255892953e-09
1.945225724971402217e-03 2.191753260470322127e-09
1.967750377278885965e-03 2.117713182892129707e-09
1.990535852767486274e-03 2.174235024448878713e-09
2.013585171627295303e-03 2.164941207936709202e-09
2.036901389020564709e-03 2.139785901481145104e-09
2.060487595486651478e-03 2.192206611041918578e-09
2.084346917351677202e-03 2.120899322826727055e-09
2.108482517142910590e-03 2.213148278351738139e-09
2.132897594007962527e-03 2.125450179956316501e-09
2.157595384138824915e-03 2.175802522285944570e-09
2.182579161200830058e-03 2.149394699670777988e-09
2.207852236766562250e-03 2.197464136634457082e-09
2.233417960754816977e-03 2.152882362252425920e-09
2.259279721874612491e-03 2.165256903200545290e-09
2.285440948074375211e-03 2.161357519383196838e-09
2.311905106996301092e-03 2.173896464757784539e-09
2.338675706435990129e-03 2.175996320234211308e-09
2.365756294807400822e-03 2.175114350961439977e-09
2.393150461613189652e-03 2.175412713000712560e-09
2.420861837920496723e-03 2.167078555524325596e-09
2.448894096842230052e-03 2.177179761006077744e-09
2.477250954023952137e-03 2.179942890778624358e-09
2.505936168136361445e-03 2.165347214255339209e-09
2.534953541373521912e-03 2.193971640545998647e-09
2.564306919956823097e-03 2.156946228307302716e-09
2.594000194644804132e-03 2.203361797354688275e-09
2.624037301248860997e-03 2.151897477941382298e-09
2.654422221154942047e-03 2.206294078223693551e-09
2.685158981851263043e-03 2.151455593261437015e-09
2.716251657462167429e-03 2.201210319282213062e-09
2.747704369288123637e-03 2.176070637269913416e-09
2.779521286352018127e-03 2.166445940910925006e-09
2.811706625951745052e-03 2.202808738822448777e-09
2.844264654219206146e-03 2.156047497708389836e-09
2.877199686685782878e-03 2.198498478233373469e-09
2.910516088854357610e-03 2.178883596773083786e-09
2.944218276777944496e-03 2.171844624797236571e-09
2.978310717645054565e-03 2.207848366213284573e-09
3.012797930371789810e-03 2.162711373804322723e-09
3.047684486200846234e-03 2.193538948030262862e-09
3.082975009307410263e-03 2.204454802579622765e-09
3.118674177412095096e-03 2.160326050439218539e-09
3.154786722400964270e-03 2.187146215999098143e-09
3.191317430952740879e-03 2.206073467787668190e-09
3.228271145173277484e-03 2.168218908925456494e-09
3.265652763237361297e-03 2.181349398376162913e-09
3.303467240037981714e-03 2.210353607002634201e-09
3.341719587843074071e-03 2.168299578900860433e-09
3.380414876959908759e-03 2.170574274277209581e-09
3.419558236407145655e-03 2.209338913935447884e-09
3.459154854594680487e-03 2.196741267858656535e-09
3.499209980011365115e-03 2.164118928364173161e-09
3.539728921920689761e-03 2.182249704919221487e-09
3.580717051064509580e-03 2.208030824019238551e-09
3.622179800374952623e-03 2.193754821864776704e-09
3.664122665694522201e-03 2.166812791740099846e-09
3.706551206504587938e-03 2.176743855224413667e-09
3.749471046662278956e-03 2.185570696535865768e-09
3.792887875145917534e-03 2.204204345048193319e-09
3.836807446809092133e-03 2.187627424149044799e-09
3.881235583143459109e-03 2.171586610103849154e-09
3.926178173050358551e-03 2.167846949063004517e-09
3.971641173621410364e-03 2.189552917115184383e-09
4.017630610928087966e-03 2.205644218266154604e-09
4.064152580820497296e-03 2.198182823948907824e-09
4.111213249735355506e-03 2.196709526475048538e-09
4.158818855513353625e-03 2.184716293173787471e-09
4.206975708225972610e-03 2.171302737349118516e-09
4.255690191011878530e-03 2.168143684475815746e-09
4.304968760923003589e-03 2.173578275286676939e-09
4.354817949780402306e-03 2.187746983800162247e-09
4.405244365040072822e-03 2.184892811218381824e-09
4.456254690668728577e-03 2.198293606314242028e-09
4.507855688029784036e-03 2.201295026197787207e-09
4.560054196779547535e-03 2.197065096170647004e-09
4.612857135773812921e-03 2.194851472889072899e-09
4.666271503984951476e-03 2.198699241699910952e-09
4.720304381429616877e-03 2.199717790256465910e-09
4.774962930107178559e-03 2.205399131612263012e-09
4.830254394949069947e-03 2.195969632976259561e-09
4.886186104779055052e-03 2.197629917218563464e-09
4.942765473284694427e-03 2.198269133256122191e-09
4.999999999999999237e-03 2.191266384349697019e-09
5.057897271299490252e-03 2.186688572868846064e-09
5.116464961403772820e-03 2.183263895706816163e-09
5.175710833396719723e-03 2.172571657604763320e-09
5.235642740254497877e-03 2.168915775444958122e-09
5.296268625886443177e-03 2.179959019904662229e-09
5.357596526188034176e-03 2.188831534617168086e-09
5.419634570106018380e-03 2.196919816665608815e-09
5.482390980715924449e-03 2.197863812059880226e-09
5.545874076312003707e-03 2.194853126301177735e-09
5.610092271509813447e-03 2.177228093255402707e-09
5.675054078361577332e-03 2.172684266169494278e-09
5.740768107484413990e-03 2.183200608613009291e-09
5.807243069201712196e-03 2.201650346662828172e-09
5.874487774697644861e-03 2.189853024234249102e-09
5.942511137185094161e-03 2.166664361781945176e-09
6.011322173087065013e-03 2.184377749147949753e-09
6.080930003231837556e-03 2.192167888395572979e-09
6.151343854061903753e-03 2.179787359074511663e-09
6.222573058856926617e-03 2.168804318499081615e-09
6.294627058970836582e-03 2.196815776120809223e-09
6.367515405083306983e-03 2.177651975243878933e-09
6.441247758465666780e-03 2.173425763241628738e-09
6.515833892261498582e-03 2.195322558197358020e-09
6.591283692782034728e-03 2.171153700021937900e-09
6.667607160816618576e-03 2.182193427231462954e-09
6.744814412958263956e-03 2.181761740293295516e-09
6.822915682944625040e-03 2.174526980328731631e-09
6.901921323014425201e-03 2.184853290938536424e-09
6.981841805279687466e-03 2.171415278647603124e-09
7.062687723113769168e-03 2.190734150742521181e-09
7.144469792555517389e-03 2.171085825232562769e-09
7.227198853729638849e-03 2.185434663276601835e-09
7.310885872283590450e-03 2.173879086010433690e-09
7.395541940841034688e-03 2.178595671133134713e-09
7.481178280472169581e-03 2.176325205253960694e-09
7.567806242181042420e-03 2.173153097833132808e-09
7.655437308410150028e-03 2.187577518356450980e-09
7.744083094562405345e-03 2.167071084266986681e-09
7.833755350540741805e-03 2.175767005537657494e-09
7.924465962305568892e-03 2.186328122255952456e-09
8.016226953450207235e-03 2.165849508742773575e-09
8.109050486794647586e-03 2.166183056771327171e-09
8.202948865997691796e-03 2.185650623476204673e-09
8.297934537187804521e-03 2.177339444164645767e-09
8.394020090612802285e-03 2.164033726477560024e-09
8.491218262308719913e-03 2.169391931869154601e-09
8.589541935787937607e-03 2.176757909103620594e-09
8.689004143746880890e-03 2.182354676504609541e-09
8.789618069793463453e-03 2.174877818468589710e-09
8.891397050194612892e-03 2.169183856453580149e-09
8.994354575643934840e-03 2.160865275667946222e-09
9.098504293049919714e-03 2.160660125881769881e-09
9.203860007344778771e-03 2.160199062894048119e-09
9.310435683314336255e-03 2.163039791410748370e-09
9.418245447448998428e-03 2.161268260732808431e-09
9.527303589816240106e-03 2.160328565916065969e-09
9.637624565954681574e-03 2.159273174377783482e-09
9.749222998790225969e-03 2.159466924541250224e-09
9.862113680574265823e-03 2.160816125793984195e-09
9.976311574844402841e-03 2.161585957929620251e-09
1.009183181840780756e-02 2.168338151159101526e-09
1.020868972334764563e-02 2.176931675353390547e-09
1.032690077905264528e-02 2.171958758221813841e-09
1.044648065427019115e-02 2.160907923851028238e-09
1.056744519918323584e-02 2.155096031968096799e-09
1.068981044751115932e-02 2.164043929486624246e-09
1.081359261863509835e-02 2.170134055400620323e-09
1.093880811974775810e-02 2.159266388736427410e-09
1.106547354802819329e-02 2.158484498653085226e-09
1.119360569284169951e-02 2.166866156422401086e-09
1.132322153796529694e-02 2.155703887867504051e-09
1.145433826383886189e-02 2.164226666928779234e-09
1.158697324984239718e-02 2.157395295749479241e-09
1.172114407659961138e-02 2.158753990759352221e-09
1.185686852830827517e-02 2.157587824977944388e-09
1.199416459509744862e-02 2.157169941406260031e-09
1.213305047541208236e-02 2.155232373325427178e-09
1.227354457842515234e-02 2.160075824297424389e-09
1.241566552647785024e-02 2.148158767121909694e-09
1.255943215754789545e-02 2.158689371292987112e-09
1.270486352774653077e-02 2.159294342751063124e-09
1.285197891384432141e-02 2.149692161052611683e-09
1.300079781582635929e-02 2.153353939294130375e-09
1.315133995947690565e-02 2.159402939854191296e-09
1.330362529899405295e-02 2.155211548408342088e-09
1.345767401963458149e-02 2.149138041045425021e-09
1.361350654038956040e-02 2.145917283677467832e-09
1.377114351669082859e-02 2.147386674541823976e-09
1.393060584314884456e-02 2.147813053916185270e-09
1.409191465632227309e-02 2.147154261615788064e-09
1.425509133751954628e-02 2.146199642018369851e-09
1.442015751563302701e-02 2.145246375366602201e-09
1.458713507000582686e-02 2.143604236653215028e-09
1.475604613333193239e-02 2.142161368008846063e-09
1.492691309458979952e-02 2.146121980937415828e-09
1.509975860201007852e-02 2.150211468547944710e-09
1.527460556607755995e-02 2.150530661954671277e-09
1.545147716256795901e-02 2.143541993794960511e-09
1.563039683561977602e-02 2.141594206936238178e-09
1.581138830084189567e-02 2.149110291471339744e-09
1.599447554845698227e-02 2.140970753920861055e-09
1.617968284648142047e-02 2.142231061364242640e-09
1.636703474394191060e-02 2.144329208649311847e-09
1.655655607412955324e-02 2.139111192232629745e-09
1.674827195789137593e-02 2.143541314622665008e-09
1.694220780696013146e-02 2.140832287552357270e-09
1.713838932732252018e-02 2.136226239290551151e-09
1.733684252262658251e-02 2.143999282424100904e-09
1.753759369762839665e-02 2.137050943492121449e-09
1.774066946167878259e-02 2.133162433031370417e-09
1.794609673225026208e-02 2.138970663842004293e-09
1.815390273850506567e-02 2.141838944045209690e-09
1.836411502490422828e-02 2.140821931140769509e-09
1.857676145485861671e-02 2.138190567575553365e-09
1.879187021442221134e-02 2.135403840989690203e-09
1.900946981602805522e-02 2.133793595472784094e-09
1.922958910226767182e-02 2.134743993705952161e-09
1.945225724971402434e-02 2.138841411666870164e-09
1.967750377278887700e-02 2.136063311515407108e-09
1.990535852767486361e-02 2.131093894142214543e-09
2.013585171627294695e-02 2.125791340401918509e-09
2.036901389020562628e-02 2.130832369423279113e-09
2.060487595486651738e-02 2.132149450097956542e-09
2.084346917351677028e-02 2.125055463024520708e-09
2.108482517142910850e-02 2.132604633440774809e-09
2.132897594007962527e-02 2.124139123328807922e-09
2.157595384138826650e-02 2.131168134338479530e-09
2.182579161200829884e-02 2.123780877862737426e-09
2.207852236766562337e-02 2.133201231159487535e-09
2.233417960754814982e-02 2.127355686873556325e-09
2.259279721874613012e-02 2.122907322357386698e-09
2.285440948074375644e-02 2.119736611327293140e-09
2.311905106996301265e-02 2.122659030170031328e-09
2.338675706435990390e-02 2.122445547352229678e-09
2.365756294807403251e-02 2.123358316099215952e-09
2.393150461613192254e-02 2.120386294662982727e-09
2.420861837920496376e-02 2.118939508802461484e-09
2.448894096842230139e-02 2.116996448057789988e-09
2.477250954023949708e-02 2.118299314438130914e-09
2.505936168136362052e-02 2.121923290407307480e-09
2.534953541373521912e-02 2.117200813916663576e-09
2.564306919956823791e-02 2.117269172335408692e-09
2.594000194644804566e-02 2.117143576666809356e-09
2.624037301248863599e-02 2.116814092376440759e-09
2.654422221154941613e-02 2.114079549867503931e-09
2.685158981851262783e-02 2.118591239465895231e-09
2.716251657462164654e-02 2.113310440671845100e-09
2.747704369288123810e-02 2.110712809468933038e-09
2.779521286352018214e-02 2.111027036660329772e-09
2.811706625951744878e-02 2.112369470641639589e-09
2.844264654219206406e-02 2.112095865383340995e-09
2.877199686685785393e-02 2.109461492546157147e-09
2.910516088854357350e-02 2.108298499709256547e-09
2.944218276777944496e-02 2.107020877157146312e-09
2.978310717645051356e-02 2.103309642392363803e-09
3.012797930371789723e-02 2.110015769351178651e-09
3.047684486200846407e-02 2.106893105044881194e-09
3.082975009307410696e-02 2.107950786702162366e-09
3.118674177412095530e-02 2.104848011866991984e-09
3.154786722400967913e-02 2.102678369808267805e-09
3.191317430952744089e-02 2.106937964825431905e-09
3.228271145173277484e-02 2.104086002045395440e-09
3.265652763237360950e-02 2.102729549663131210e-09
3.303467240037977898e-02 2.102407275876213751e-09
3.341719587843073463e-02 2.101736642263109232e-09
3.380414876959908499e-02 2.102905205020326073e-09
3.419558236407146262e-02 2.102476219492813460e-09
3.459154854594680834e-02 2.109256252612143169e-09
3.499209980011368931e-02 2.097435634066757712e-09
3.539728921920690108e-02 2.099551004716881391e-09
3.580717051064509493e-02 2.096158687013079846e-09
3.622179800374948633e-02 2.096375187129995152e-09
3.664122665694521247e-02 2.098475278141464999e-09
3.706551206504588025e-02 2.094977464003414365e-09
3.749471046662277568e-02 2.093708324464230241e-09
3.792887875145917881e-02 2.093360660350600441e-09
3.836807446809096384e-02 2.092948606669673357e-09
3.881235583143458762e-02 2.083148983701671905e-09
3.926178173050357684e-02 2.093121198268945768e-09
3.971641173621406201e-02 2.089741175740470810e-09
4.017630610928087792e-02 2.092561838447826172e-09
4.064152580820496602e-02 2.087999814379147111e-09
4.111213249735355679e-02 2.090364403728595569e-09
4.158818855513353452e-02 2.089704746233990802e-09
4.206975708225977467e-02 2.088551367202215322e-09
4.255690191011882867e-02 2.087719579560484296e-09
4.304968760923003068e-02 2.088507196969139299e-09
4.354817949780401959e-02 2.087379059825175618e-09
4.405244365040067445e-02 2.084180227447558159e-09
4.456254690668728924e-02 2.083114890749263428e-09
4.507855688029784730e-02 2.082798874508946646e-09
4.560054196779548402e-02 2.082861711170156939e-09
4.612857135773813788e-02 2.080083247306806962e-09
4.666271503984956853e-02 2.081860446075305330e-09
4.720304381429617224e-02 2.079597257351440812e-09
4.774962930107178732e-02 2.080075994321944503e-09
4.830254394949064223e-02 2.077976196451966260e-09
4.886186104779054878e-02 2.074652037754705552e-09
4.942765473284695121e-02 2.077474598819013644e-09
4.999999999999998890e-02 2.077098908147645751e-09
5.057897271299490599e-02 2.076122137729893056e-09
5.116464961403771605e-02 2.077056175778150600e-09
5.175710833396720417e-02 2.076360523051766541e-09
5.235642740254497357e-02 2.075465364026648302e-09
5.296268625886442483e-02 2.074743529176665799e-09
5.357596526188034003e-02 2.069356754982626825e-09
5.419634570106018207e-02 2.073538544168977845e-09
5.482390980715924622e-02 2.069585839543193811e-09
5.545874076312003881e-02 2.071561218478610422e-09
5.610092271509820039e-02 2.070587288366073555e-09
5.675054078361576465e-02 2.070161938776080583e-09
5.740768107484413296e-02 2.068215850843213481e-09
5.807243069201711849e-02 2.068994898082298607e-09
5.874487774697650933e-02 2.065421183686360976e-09
5.942511137185093467e-02 2.067302880392994019e-09
6.011322173087065013e-02 2.064084672751382309e-09
6.080930003231838771e-02 2.063011993207643736e-09
6.151343854061905314e-02 2.059019489360446483e-09
6.222573058856927658e-02 2.061525243328374924e-09
6.294627058970836408e-02 2.060700981731120225e-09
6.367515405083307156e-02 2.062781703189826310e-09
6.441247758465666606e-02 2.061881956956106828e-09
6.515833892261499449e-02 2.059635234725623471e-09
6.591283692782035075e-02 2.067056100421017243e-09
6.667607160816618750e-02 2.057964983747353634e-09
6.744814412958265171e-02 2.057121574411188967e-09
6.822915682944626081e-02 2.056868791121917409e-09
6.901921323014426068e-02 2.054810110964412910e-09
6.981841805279687119e-02 2.056410917401844616e-09
7.062687723113769689e-02 2.056827842770204414e-09
7.144469792555516174e-02 2.055402836732835094e-09
7.227198853729638328e-02 2.055729577103421617e-09
7.310885872283590103e-02 2.053065896554566680e-09
7.395541940841034168e-02 2.053436030915266445e-09
7.481178280472169928e-02 2.052778454939752571e-09
7.567806242181042420e-02 2.050687152261258677e-09
7.655437308410149855e-02 2.050459138610532887e-09
7.744083094562403957e-02 2.050964623539093929e-09
7.833755350540749784e-02 2.049620370889492123e-09
7.924465962305569933e-02 2.047138594230363935e-09
8.016226953450207582e-02 2.047483905436107372e-09
8.109050486794647239e-02 2.044915609460471128e-09
8.202948865997691796e-02 2.046359063039569774e-09
8.297934537187803827e-02 2.045951645343953837e-09
8.394020090612801244e-02 2.046106312621180660e-09
8.491218262308719567e-02 2.039603295797254215e-09
8.589541935787936566e-02 2.042227257391907473e-09
8.689004143746879849e-02 2.042767557868822356e-09
8.789618069793463107e-02 2.040316478359587808e-09
8.891397050194613239e-02 2.042057433432675264e-09
8.994354575643936922e-02 2.041046602204796001e-09
9.098504293049920755e-02 2.032143174882492949e-09
9.203860007344781546e-02 2.041731933180067591e-09
9.310435683314335908e-02 2.036736887257474553e-09
9.418245447449000163e-02 2.036083018128548196e-09
9.527303589816239759e-02 2.035777150578927267e-09
9.637624565954681921e-02 2.034461773596517454e-09
9.749222998790225969e-02 2.035346165297408431e-09
9.862113680574265129e-02 2.052667645829538759e-09
9.976311574844401453e-02 2.034325379195626040e-09
1.009183181840780652e-01 2.032989371664078439e-09
1.020868972334764563e-01 2.030771236289917679e-09
1.032690077905264459e-01 2.036841190048485498e-09
1.044648065427020295e-01 2.029485403098814173e-09
1.056744519918323688e-01 2.028856842126760297e-09
1.068981044751115966e-01 2.019573466392618857e-09
1.081359261863509835e-01 2.026064573576416522e-09
1.093880811974775741e-01 2.026267359112047358e-09
1.106547354802819294e-01 2.027364639598574116e-09
1.119360569284169882e-01 2.026150031162240467e-09
1.132322153796529590e-01 2.023365020963162444e-09
1.145433826383886050e-01 2.023568806263688603e-09
1.158697324984239718e-01 2.024163322517125567e-09
1.172114407659961138e-01 2.022062589391380878e-09
1.185686852830827448e-01 2.022205749319500098e-09
1.199416459509744792e-01 2.020647390692656025e-09
1.213305047541208270e-01 2.019287715122750934e-09
1.227354457842515373e-01 2.020867412001180389e-09
1.241566552647785093e-01 2.018207384421276357e-09
1.255943215754789510e-01 2.018592884976989164e-09
1.270486352774652938e-01 2.017454324695250150e-09
1.285197891384432245e-01 2.016645147558213460e-09
1.300079781582635929e-01 2.016157698462572217e-09
1.315133995947690426e-01 2.022199021726950133e-09
1.330362529899405399e-01 2.014820793676929369e-09
1.345767401963458010e-01 2.014987116613488533e-09
1.361350654038956109e-01 2.014241834544139803e-09
1.377114351669082859e-01 2.010132098805244945e-09
1.393060584314886052e-01 2.005829611105753546e-09
1.409191465632227414e-01 2.010849929042453487e-09
1.425509133751954594e-01 2.009343685308442609e-09
1.442015751563302528e-01 2.010131095431719606e-09
1.458713507000582721e-01 2.009598942615486369e-09
1.475604613333193205e-01 1.993323898206650409e-09
1.492691309458979987e-01 2.007238206246596292e-09
1.509975860201007714e-01 2.005879293178553634e-09
1.527460556607755926e-01 2.006165454076752730e-09
1.545147716256795867e-01 2.004182237980053535e-09
1.563039683561977533e-01 2.003701469499241971e-09
1.581138830084189428e-01 1.957901113400081047e-09
1.599447554845698227e-01 2.002292134959126336e-09
1.617968284648142185e-01 2.001504630824827607e-09
1.636703474394191060e-01 2.001659268156618232e-09
1.655655607412955255e-01 2.000764099246580416e-09
1.674827195789137801e-01 1.999174576997704505e-09
1.694220780696013284e-01 1.997787902352175895e-09
1.713838932732252018e-01 2.000818651174962195e-09
1.733684252262658043e-01 1.997322452573631277e-09
1.753759369762839249e-01 1.986373042013296745e-09
1.774066946167878467e-01 1.995637184494703198e-09
1.794609673225026625e-01 1.993394477980680878e-09
1.815390273850506775e-01 1.993835063361485954e-09
1.836411502490422898e-01 1.992577222285536203e-09
1.857676145485863684e-01 1.993293644326027561e-09
1.879187021442221273e-01 1.994925576400401156e-09
1.900946981602806007e-01 1.992422533711061375e-09
1.922958910226767459e-01 1.994303980240301734e-09
1.945225724971401948e-01 1.970955339189702463e-09
1.967750377278887908e-01 1.987539764012408833e-09
1.990535852767486291e-01 1.957078855098259125e-09
2.013585171627295112e-01 1.988319475758609670e-09
2.036901389020562836e-01 1.987548935131558257e-09
2.060487595486651946e-01 1.998821107245332340e-09
2.084346917351677375e-01 1.986938165800362756e-09
2.108482517142910850e-01 1.984910909229640124e-09
2.132897594007962527e-01 1.983254667219558590e-09
2.157595384138826788e-01 1.982448089975813947e-09
2.182579161200829954e-01 1.981258405239334856e-09
2.207852236766562337e-01 1.978549550322567164e-09
2.233417960754814635e-01 1.979790956055845242e-09
2.259279721874612734e-01 1.992454728677170964e-09
2.285440948074375367e-01 1.981172702222240699e-09
2.311905106996301196e-01 1.977965133665075129e-09
2.338675706435990320e-01 1.974780093142405656e-09
2.365756294807403459e-01 1.975110286272105911e-09
2.393150461613192115e-01 1.980982046740956932e-09
2.420861837920496862e-01 1.976128308401328294e-09
2.448894096842230417e-01 1.975515161723187787e-09
2.477250954023952345e-01 1.974596881699534327e-09
2.505936168136362330e-01 1.971400752970710258e-09
2.534953541373521912e-01 1.937895495637431159e-09
2.564306919956823583e-01 1.972559431524532131e-09
2.594000194644804358e-01 1.967781294999354056e-09
2.624037301248863807e-01 1.973610733238303651e-09
2.654422221154941752e-01 1.969678235173547726e-09
2.685158981851262783e-01 1.969765843595483624e-09
2.716251657462164792e-01 1.967666323445578071e-09
2.747704369288123671e-01 1.968155967433873147e-09
2.779521286352018006e-01 1.979983769613848581e-09
2.811706625951744809e-01 1.966762204108181570e-09
2.844264654219206268e-01 1.965744224121417949e-09
2.877199686685785740e-01 1.966130504348422168e-09
2.910516088854357419e-01 1.964181702876364096e-09
2.944218276777944010e-01 1.963928501792511345e-09
2.978310717645051287e-01 1.975169588510267929e-09
3.012797930371790001e-01 1.961407986816925140e-09
3.047684486200846199e-01 1.959572467149917899e-09
3.082975009307410419e-01 1.959565181684900031e-09
3.118674177412095183e-01 1.960021050908371640e-09
3.154786722400967358e-01 1.958894096256766718e-09
3.191317430952744227e-01 1.957552547643257500e-09
3.228271145173277623e-01 1.957104164569411585e-09
3.265652763237361089e-01 1.956196822070112361e-09
3.303467240037981645e-01 1.955988902366941387e-09
3.341719587843073880e-01 1.954908324575610962e-09
3.380414876959909054e-01 1.952811605543038712e-09
3.419558236407145846e-01 1.952381856764958918e-09
3.459154854594680417e-01 1.950741340879833140e-09
3.499209980011368515e-01 1.952492981338256827e-09
3.539728921920690108e-01 1.951083388949699259e-09
3.580717051064509771e-01 1.950649255922908747e-09
3.622179800374948910e-01 1.952669074605731552e-09
3.664122665694521941e-01 1.948930527957262478e-09
3.706551206504588025e-01 1.948835563644362290e-09
3.749471046662278817e-01 1.949689065015751160e-09
3.792887875145917742e-01 1.946988638405486797e-09
3.836807446809096245e-01 1.939994390391907371e-09
3.881235583143459178e-01 1.945684196302081566e-09
3.926178173050358100e-01 1.945538377522399373e-09
3.971641173621405785e-01 1.945835274581117926e-09
4.017630610928087931e-01 1.944169003488241333e-09
4.064152580820497018e-01 1.945348771857857798e-09
4.111213249735355402e-01 1.942093194392324714e-09
4.158818855513353729e-01 1.941248629721748839e-09
4.206975708225977328e-01 1.940814183502539605e-09
4.255690191011883283e-01 1.940716932111123812e-09
4.304968760923003068e-01 1.940529997042620983e-09
4.354817949780401820e-01 1.940522251932813514e-09
4.405244365040072441e-01 1.940997593351519570e-09
4.456254690668728924e-01 1.936830784420488743e-09
4.507855688029784869e-01 1.937524864624596285e-09
4.560054196779547708e-01 1.934657777387861701e-09
4.612857135773818507e-01 1.935019746854022157e-09
4.666271503984956714e-01 1.927073290108184491e-09
4.720304381429616392e-01 1.932272786189981498e-09
4.774962930107178871e-01 1.934753037570035004e-09
4.830254394949065055e-01 1.932773840066043217e-09
4.886186104779055572e-01 1.931455666822425188e-09
4.942765473284695399e-01 1.928873461045742705e-09
5.000000000000000000e-01 1.929231000026053164e-09
5.235642740254496941e-01 1.907168916352038671e-09
5.482390980715925455e-01 1.923887667719579915e-09
5.740768107484413019e-01 1.920827937723817122e-09
6.011322173087065845e-01 1.916292166320750428e-09
6.294627058970835298e-01 1.916988293193548352e-09
6.591283692782033965e-01 1.911161601538857383e-09
6.901921323014423848e-01 1.895808157534986848e-09
7.227198853729639438e-01 1.924824835201791649e-09
7.567806242181041032e-01 1.901304876083805067e-09
7.924465962305566880e-01 1.899746763509022810e-09
8.297934537187803272e-01 1.896083022279577567e-09
8.689004143746876796e-01 1.894049226967053126e-09
9.098504293049917147e-01 1.892954963898629129e-09
9.527303589816236151e-01 1.929122345756880245e-09
9.976311574844398677e-01 1.885150130829386919e-09
1.044648065427019601e+00 1.882157025807573459e-09
1.093880811974776268e+00 1.879045490814148391e-09
1.145433826383886355e+00 1.875672899598145826e-09
1.199416459509745181e+00 1.871308520585824041e-09
1.255943215754789843e+00 1.869162708231227351e-09
1.315133995947690870e+00 1.866293945815774485e-09
1.377114351669083137e+00 1.863491655623741924e-09
1.442015751563303194e+00 1.861157959016186972e-09
1.509975860201008047e+00 1.853821335111358948e-09
1.581138830084189539e+00 1.854501965906427537e-09
1.655655607412955588e+00 1.852293527419750730e-09
1.733684252262658321e+00 1.850355506616772217e-09
1.815390273850506775e+00 1.846803678265476626e-09
1.900946981602805730e+00 1.844277587910082875e-09
1.990535852767486125e+00 1.840821438727425912e-09
2.084346917351676876e+00 1.835629831082713936e-09
2.182579161200830065e+00 1.822005031633814251e-09
2.285440948074374923e+00 1.833815038936692629e-09
2.393150461613192004e+00 1.824418508421665124e-09
2.505936168136361886e+00 1.828786879944940798e-09
2.624037301248862697e+00 1.822149291793225722e-09
2.747704369288122450e+00 1.820782425980913309e-09
2.877199686685784741e+00 1.819520038207841354e-09
3.012797930371788890e+00 1.815789675584209225e-09
3.154786722400966248e+00 1.811649922325103062e-09
3.303467240037980091e+00 1.815238627814285998e-09
3.459154854594682416e+00 1.809674061935043365e-09
3.622179800374950354e+00 9.813161336541520457e-10
3.792887875145919185e+00 1.788202143143934742e-09
3.971641173621407894e+00 1.797360410246867351e-09
4.158818855513356283e+00 1.794057409725278582e-09
4.354817949780404263e+00 1.795722157970946414e-09
4.560054196779547375e+00 1.788827356826252478e-09
4.774962930107178316e+00 1.787372068128655982e-09
5.000000000000000000e+00 1.784571068634180653e-09
6.294627058970836408e+00 1.770099728183356025e-09
7.924465962305567324e+00 1.751397785387809907e-09
9.976311574844396901e+00 1.739634399413810265e-09
1.255943215754790110e+01 1.722226390554010217e-09
1.581138830084189273e+01 1.722624758470520817e-09
1.990535852767486347e+01 1.699149454524069457e-09
2.505936168136361886e+01 1.682730157135544602e-09
3.154786722400966426e+01 1.672076258237074387e-09
3.971641173621406296e+01 1.654694283439388284e-09
4.999999999999999289e+01 1.644719457288250444e-09
