2.811706625951745011e-05 1.003347981541082512e-13
2.877199686685783203e-05 1.121171130284087915e-12
2.944218276777941663e-05 3.832087890453286893e-12
3.012797930371790636e-05 8.377526258442248553e-12
3.082975009307410534e-05 1.490672763847897642e-11
3.154786722400964650e-05 2.354782758844901897e-11
3.228271145173280656e-05 3.443114700638414184e-11
3.303467240037981687e-05 4.761979668770985549e-11
3.380414876959908759e-05 6.331679102870192307e-11
3.459154854594680595e-05 8.151253321445270651e-11
3.539728921920685885e-05 1.023183496015471176e-10
3.622179800374952406e-05 1.257272162428302268e-10
3.706551206504588155e-05 1.518215371653131319e-10
3.792887875145917236e-05 1.804583078121244534e-10
3.881235583143463039e-05 2.116896319384046828e-10
3.971641173621410364e-05 2.453860448410661149e-10
4.064152580820496591e-05 2.813103949235704090e-10
4.158818855513353842e-05 3.193662939949950898e-10
4.255690191011878395e-05 3.594588446124770411e-10
4.354817949780398050e-05 4.009498012401129321e-10
4.456254690668729390e-05 4.436968997487390524e-10
4.560054196779547508e-05 4.872004355096340476e-10
4.666271503984952289e-05 5.313326434930815063e-10
4.774962930107183736e-05 5.752055215252461078e-10
4.886186104779054808e-05 6.181627044638863752e-10
4.999999999999998884e-05 6.600196966975860109e-10
5.057897271299490442e-05 6.804881991647936049e-10
5.116464961403767209e-05 7.001234542869591894e-10
5.175710833396714221e-05 7.192289446044064159e-10
5.235642740254491318e-05 7.376673335525772534e-10
5.296268625886447866e-05 7.552552323004354868e-10
5.357596526188034176e-05 7.721323274778209901e-10
5.419634570106018624e-05 7.876182641837563081e-10
5.482390980715924394e-05 8.025261759930371905e-10
5.545874076312004358e-05 8.164798423616226393e-10
5.610092271509813691e-05 8.286610753852759572e-10
5.675054078361571342e-05 8.398622011790825922e-10
5.740768107484407241e-05 8.501562421411090282e-10
5.807243069201718186e-05 8.583988708605786344e-10
5.874487774697652071e-05 8.655123487999586965e-10
5.942511137185094486e-05 8.712727497938967617e-10
6.011322173087065555e-05 8.753357001383598881e-10
6.080930003231839372e-05 8.778249913897636965e-10
6.151343854061905325e-05 8.789292057344522788e-10
6.222573058856921034e-05 8.784989453802968768e-10
6.294627058970830402e-05 8.764470492387007027e-10
6.367515405083314138e-05 8.728016241274553820e-10
6.441247758465673719e-05 8.676916227958902282e-10
6.515833892261499124e-05 8.609561983622868405e-10
6.591283692782035650e-05 8.529571878745616008e-10
6.667607160816619769e-05 8.433283070843706735e-10
6.744814412958265366e-05 8.327107938880009783e-10
6.822915682944618535e-05 8.206461849628491660e-10
6.901921323014417829e-05 8.076905607406998537e-10
6.981841805279679497e-05 7.936936900614639386e-10
7.062687723113775782e-05 7.787202946609181386e-10
7.144469792555517389e-05 7.632995950819729741e-10
7.227198853729638578e-05 7.473622708864565529e-10
7.310885872283590017e-05 7.311835505570803412e-10
7.395541940841035122e-05 7.148492258723913359e-10
7.481178280472162371e-05 6.988380507304458071e-10
7.567806242181034505e-05 6.828989747579573092e-10
7.655437308410142656e-05 6.676537894859824128e-10
7.744083094562412067e-05 6.533446356438176343e-10
7.833755350540748852e-05 6.399812185595788585e-10
7.924465962305569597e-05 6.281850603921147289e-10
8.016226953450208102e-05 6.177365459997685322e-10
8.109050486794647857e-05 6.091477372304626939e-10
8.202948865997692718e-05 6.029735594204875765e-10
8.297934537187796715e-05 5.989442367725978504e-10
8.394020090612792852e-05 5.976444658467361472e-10
8.491218262308728262e-05 5.987978386676569140e-10
8.589541935787945305e-05 6.032009741509523986e-10
8.689004143746881595e-05 6.107639618516012314e-10
8.789618069793464267e-05 6.215477059535079476e-10
8.891397050194613488e-05 6.357928661454265420e-10
8.994354575643936521e-05 6.535011364594090829e-10
9.098504293049911853e-05 6.748434058311960450e-10
9.203860007344770748e-05 6.996114653046949132e-10
9.310435683314326931e-05 7.279162037359304586e-10
9.418245447449009216e-05 7.595508853291356218e-10
9.527303589816239347e-05 7.945074392238876059e-10
9.637624565954680924e-05 8.324651854837125536e-10
9.749222998790225210e-05 8.732112746993077703e-10
9.862113680574265443e-05 9.163513475770881666e-10
9.976311574844392432e-05 9.615572358255404418e-10
1.009183181840780691e-04 1.008644641071392385e-09
1.020868972334764650e-04 1.056976659620622105e-09
1.032690077905264333e-04 1.105788608171946330e-09
1.044648065427019099e-04 1.155117127047432853e-09
1.056744519918323676e-04 1.203760827865066240e-09
1.068981044751116051e-04 1.251628299270425898e-09
1.081359261863509824e-04 1.297564787705777401e-09
1.093880811974775783e-04 1.341350965841739387e-09
1.106547354802819166e-04 1.382387606321908860e-09
1.119360569284169843e-04 1.419664945492723203e-09
1.132322153796529580e-04 1.453145775273919608e-09
1.145433826383885891e-04 1.481553710066970715e-09
1.158697324984239480e-04 1.505812753839293302e-09
1.172114407659961296e-04 1.523623903344713658e-09
1.185686852830827555e-04 1.536316207500818532e-09
1.199416459509744948e-04 1.542446621494294975e-09
1.213305047541207216e-04 1.542741039696671494e-09
1.227354457842515364e-04 1.536467777531412230e-09
1.241566552647784948e-04 1.524579874035035586e-09
1.255943215754789502e-04 1.506969184361363635e-09
1.270486352774653110e-04 1.483943007672939016e-09
1.285197891384432108e-04 1.456373938683150780e-09
1.300079781582635788e-04 1.424664791145220760e-09
1.315133995947690435e-04 1.389407395066360502e-09
1.330362529899403897e-04 1.352264668427698774e-09
1.345767401963458333e-04 1.313638864163557482e-09
1.361350654038956344e-04 1.274909714175519685e-09
1.377114351669082826e-04 1.237541158808247646e-09
1.393060584314884456e-04 1.202078507450310712e-09
1.409191465632227234e-04 1.170649679873950399e-09
1.425509133751954596e-04 1.143577991187351218e-09
1.442015751563302474e-04 1.122461235644290245e-09
1.458713507000582675e-04 1.108295552130664867e-09
1.475604613333193142e-04 1.102001218792858911e-09
1.492691309458979746e-04 1.103644157894720960e-09
1.509975860201007907e-04 1.114589861915326339e-09
1.527460556607755941e-04 1.134331299881374598e-09
1.545147716256795760e-04 1.162601146754024836e-09
1.563039683561977700e-04 1.199861192880998065e-09
1.581138830084189426e-04 1.244412263054693613e-09
1.599447554845698401e-04 1.296439627027871742e-09
1.617968284648140247e-04 1.353519171940768707e-09
1.636703474394191234e-04 1.414885017641270295e-09
1.655655607412955237e-04 1.478089638157542515e-09
1.674827195789137550e-04 1.542051382115423851e-09
1.694220780696013395e-04 1.603573859848440975e-09
1.713838932732251867e-04 1.661450598295989607e-09
1.733684252262658175e-04 1.713100960126162357e-09
1.753759369762839622e-04 1.757128835106071429e-09
1.774066946167876340e-04 1.791741048443171415e-09
1.794609673225026631e-04 1.815661279964499299e-09
1.815390273850506729e-04 1.827523236824091811e-09
1.836411502490422785e-04 1.827129218663033886e-09
1.857676145485863753e-04 1.815030145094770302e-09
1.879187021442221307e-04 1.791188222818187624e-09
1.900946981602805912e-04 1.757346281132560298e-09
1.922958910226767171e-04 1.715114107006042305e-09
1.945225724971401946e-04 1.666630856294279213e-09
1.967750377278885748e-04 1.615112113467359054e-09
1.990535852767486220e-04 1.562825937454431672e-09
2.013585171627295032e-04 1.513264611639997301e-09
2.036901389020562758e-04 1.469759236641978852e-09
2.060487595486651640e-04 1.434925826321087922e-09
2.084346917351676985e-04 1.411476794198482937e-09
2.108482517142910915e-04 1.401671497136857249e-09
2.132897594007962310e-04 1.406198098159623410e-09
2.157595384138824807e-04 1.426446581444613695e-09
2.182579161200830003e-04 1.461349431052923029e-09
2.207852236766562250e-04 1.509156125277680595e-09
2.233417960754814971e-04 1.568367738817518117e-09
2.259279721874612654e-04 1.634939561312600849e-09
2.285440948074375753e-04 1.705529581943781995e-09
2.311905106996301688e-04 1.775359639097249415e-09
2.338675706435990400e-04 1.840314582649460493e-09
2.365756294807401202e-04 1.895843924600745923e-09
2.393150461613192416e-04 1.938542125145022197e-09
2.420861837920496940e-04 1.964027865062105745e-09
2.448894096842230486e-04 1.972264307233131660e-09
2.477250954023952571e-04 1.962362037222162711e-09
2.505936168136362096e-04 1.934349872890825929e-09
2.534953541373521587e-04 1.891920377374794938e-09
2.564306919956823639e-04 1.838016374377798166e-09
2.594000194644803916e-04 1.778143959502106635e-09
2.624037301248860888e-04 1.718548391015003850e-09
2.654422221154941939e-04 1.664851663600026972e-09
2.685158981851263043e-04 1.622733134621178210e-09
2.716251657462165044e-04 1.597152571782166506e-09
2.747704369288123854e-04 1.591540493428396643e-09
2.779521286352018127e-04 1.607203063471009678e-09
2.811706625951744943e-04 1.644088651263062857e-09
2.844264654219205712e-04 1.698635670374194366e-09
2.877199686685782661e-04 1.766389763351217514e-09
2.910516088854357393e-04 1.840555374300748323e-09
2.944218276777944170e-04 1.913465488777112705e-09
2.978310717645051204e-04 1.977957237243957626e-09
3.012797930371790027e-04 2.026112118330600300e-09
3.047684486200846234e-04 2.052642261080640533e-09
3.082975009307410263e-04 2.054847976039788744e-09
3.118674177412095313e-04 2.032620199157888384e-09
3.154786722400964379e-04 1.989517228652741403e-09
3.191317430952743915e-04 1.930649360673445570e-09
3.228271145173277267e-04 1.865434683022405050e-09
3.265652763237360972e-04 1.803027188396545973e-09
3.303467240037981823e-04 1.753124004729390753e-09
3.341719587843073962e-04 1.724503017311539554e-09
3.380414876959908759e-04 1.721796949352032047e-09
3.419558236407145655e-04 1.746409734813628896e-09
3.459154854594681137e-04 1.796306175935328889e-09
3.499209980011365223e-04 1.864753813703554380e-09
3.539728921920690086e-04 1.941209129918952235e-09
3.580717051064509905e-04 2.014392552381516775e-09
3.622179800374948611e-04 2.072363192167041576e-09
3.664122665694521551e-04 2.105532652816487000e-09
3.706551206504588155e-04 2.108301887360392417e-09
3.749471046662278739e-04 2.081044324967420887e-09
3.792887875145917100e-04 2.029091748181517673e-09
3.836807446809091808e-04 1.962582821415984946e-09
3.881235583143459109e-04 1.895264444235623674e-09
3.926178173050358226e-04 1.841644008356203875e-09
3.971641173621406028e-04 1.813568754361637125e-09
4.017630610928087857e-04 1.818823215802052192e-09
4.064152580820496862e-04 1.855078130294916681e-09
4.111213249735355181e-04 1.920263505864649356e-09
4.158818855513353300e-04 1.997580907794439284e-09
4.206975708225972935e-04 2.073572696061216081e-09
4.255690191011882867e-04 2.125655746960891041e-09
4.304968760923003155e-04 2.147902227661807119e-09
4.354817949780401981e-04 2.135817359121625592e-09
4.405244365040072822e-04 2.087420128081519772e-09
4.456254690668728577e-04 2.018017100049839216e-09
4.507855688029783927e-04 1.955149638212777298e-09
4.560054196779547101e-04 1.898552925905459533e-09
4.612857135773813463e-04 1.882769359444746893e-09
4.666271503984952018e-04 1.898976968557308025e-09
4.720304381429617636e-04 1.960297149363547244e-09
4.774962930107178451e-04 2.033424061604590271e-09
4.830254394949064418e-04 2.109409201649873575e-09
4.886186104779055486e-04 2.165338367420369294e-09
4.942765473284694211e-04 2.173923430257032782e-09
4.999999999999999020e-04 2.143397080384585716e-09
5.057897271299491120e-04 2.083914509533428490e-09
5.116464961403766531e-04 2.009656512417735431e-09
5.175710833396719507e-04 1.950942088049905876e-09
5.235642740254497010e-04 1.931627726201000878e-09
5.296268625886442309e-04 1.958886472391220577e-09
5.357596526188034176e-04 2.025321554907201700e-09
5.419634570106019031e-04 2.100482277336336558e-09
5.482390980715924666e-04 2.173971242075786827e-09
5.545874076312004358e-04 2.193498349087962460e-09
5.610092271509814097e-04 2.172935990525886556e-09
5.675054078361570394e-04 2.112728132286771974e-09
5.740768107484413340e-04 2.043366393759519747e-09
5.807243069201711546e-04 1.985201959868472672e-09
5.874487774697650716e-04 1.979702890698927860e-09
5.942511137185093944e-04 2.013049090126236107e-09
6.011322173087063929e-04 2.091783625726503122e-09
6.080930003231838424e-04 2.163034964591045850e-09
6.151343854061905054e-04 2.204417708728845970e-09
6.222573058856920762e-04 2.185093965198903986e-09
6.294627058970836365e-04 2.134515708311228376e-09
6.367515405083307633e-04 2.063122881750338799e-09
6.441247758465673719e-04 2.012083369089474182e-09
6.515833892261498582e-04 2.015126283707395197e-09
6.591283692782036463e-04 2.079113824974646758e-09
6.667607160816619227e-04 2.149668033965990853e-09
6.744814412958264824e-04 2.208523467698483362e-09
6.822915682944617451e-04 2.213172882949529327e-09
6.901921323014424334e-04 2.164131287847719276e-09
6.981841805279687899e-04 2.088236772064241732e-09
7.062687723113776324e-04 2.042027740574592009e-09
7.144469792555517389e-04 2.036730096003121067e-09
7.227198853729638849e-04 2.102976911326483992e-09
7.310885872283591101e-04 2.191070719134921968e-09
7.395541940841035122e-04 2.230517249473167240e-09
7.481178280472162642e-04 2.204805698433304445e-09
7.567806242181033963e-04 2.132225357436418180e-09
7.655437308410150245e-04 2.080231426569208772e-09
7.744083094562404478e-04 2.044447312013281218e-09
7.833755350540749394e-04 2.105049624366161450e-09
7.924465962305569326e-04 2.193066755094165286e-09
8.016226953450207018e-04 2.232401192906909946e-09
8.109050486794647586e-04 2.209335868096387491e-09
8.202948865997692447e-04 2.137276196933363448e-09
8.297934537187796715e-04 2.099918003537130288e-09
8.394020090612802068e-04 2.082344691516542671e-09
8.491218262308720130e-04 2.151311012739974402e-09
8.589541935787945847e-04 2.231234478572144048e-09
8.689004143746880239e-04 2.231047128641301146e-09
8.789618069793463453e-04 2.173809611848373215e-09
8.891397050194612675e-04 2.105009191808620755e-09
8.994354575643935708e-04 2.098838512944214087e-09
9.098504293049909956e-04 2.147910455739961799e-09
9.203860007344780506e-04 2.234156231677444966e-09
9.310435683314336689e-04 2.241737424347833187e-09
9.418245447449008403e-04 2.175150212376958689e-09
9.527303589816239890e-04 2.112856923836720533e-09
9.637624565954682008e-04 2.118941623942166925e-09
9.749222998790225752e-04 2.187530032531080157e-09
9.862113680574266256e-04 2.245733079216761629e-09
9.976311574844392432e-04 2.224100183483225483e-09
1.009183181840779715e-03 2.145220782537713524e-09
1.020868972334764650e-03 2.125810403092202803e-09
1.032690077905264224e-03 2.167015891889375977e-09
1.044648065427020156e-03 2.214250496821661515e-09
1.056744519918323541e-03 2.228286057407809717e-09
1.068981044751116105e-03 2.157129665672557841e-09
1.081359261863509879e-03 2.122230197368963964e-09
1.093880811974775810e-03 2.167520978757287894e-09
1.106547354802818028e-03 2.242401474651553978e-09
1.119360569284169734e-03 2.233923000447873841e-09
1.132322153796529608e-03 2.163974880399409275e-09
1.145433826383887056e-03 2.128717664588991228e-09
1.158697324984239588e-03 2.188956658311914485e-09
1.172114407659961052e-03 2.247929370410519395e-09
1.185686852830827474e-03 2.226745472685397058e-09
1.199416459509744732e-03 2.144292949144324623e-09
1.213305047541206891e-03 2.167989102503957397e-09
1.227354457842515364e-03 2.245038831819611122e-09
1.241566552647784894e-03 2.257424235370946449e-09
1.255943215754790803e-03 2.180114949248929680e-09
1.270486352774652947e-03 2.147095889437551359e-09
1.285197891384432054e-03 2.211999494044575928e-09
1.300079781582635843e-03 2.256277413614641789e-09
1.315133995947690435e-03 2.194186035478432650e-09
1.330362529899403951e-03 2.155398352425677071e-09
1.345767401963456761e-03 2.214187819472609070e-09
1.361350654038956127e-03 2.261976882636905214e-09
1.377114351669082772e-03 2.201188447723487955e-09
1.393060584314885974e-03 2.160650411687446739e-09
1.409191465632227396e-03 2.232961319096394307e-09
1.425509133751954758e-03 2.253415558977812314e-09
1.442015751563302745e-03 2.194288974694745913e-09
1.458713507000582730e-03 2.170588138849562616e-09
1.475604613333191895e-03 2.242176348337264688e-09
1.492691309458979909e-03 2.246584341764706921e-09
1.509975860201007635e-03 2.174776102694129952e-09
1.527460556607757513e-03 2.199248707916510783e-09
1.545147716256795815e-03 2.262244795872667062e-09
1.563039683561977646e-03 2.207880497041776500e-09
1.581138830084189480e-03 2.168882213178489668e-09
1.599447554845698401e-03 2.244459002369665260e-09
1.617968284648140355e-03 2.238770419740882285e-09
1.636703474394191234e-03 2.179612498234579081e-09
1.655655607412955237e-03 2.213377735075651461e-09
1.674827195789139285e-03 2.254039061550219345e-09
1.694220780696013449e-03 2.188601584484795931e-09
1.713838932732251975e-03 2.208476339451352234e-09
1.733684252262658121e-03 2.257696261117284079e-09
1.753759369762839405e-03 2.197149759493059645e-09
1.774066946167875960e-03 2.210098336443286421e-09
1.794609673225024517e-03 2.259155163527753084e-09
1.815390273850506567e-03 2.197591726855286900e-09
1.836411502490422568e-03 2.207404942021579921e-09
1.857676145485863753e-03 2.256535266640285140e-09
1.879187021442221524e-03 2.188789172629151878e-09
1.900946981602806129e-03 2.214395800783711061e-09
1.922958910226767659e-03 2.252253836920790905e-09
1.945225724971402000e-03 2.187479495073746773e-09
1.967750377278885965e-03 2.237397305339640398e-09
1.990535852767486274e-03 2.235033357446954561e-09
2.013585171627295303e-03 2.190605710516698643e-09
2.036901389020564709e-03 2.257008010662686930e-09
2.060487595486651478e-03 2.211087150351797416e-09
2.084346917351677202e-03 2.214734222564111465e-09
2.108482517142910590e-03 2.255497193886167734e-09
2.132897594007962527e-03 2.188252435299568378e-09
2.157595384138824915e-03 2.248017057935998248e-09
2.182579161200830058e-03 2.216278086152589921e-09
2.207852236766562250e-03 2.213466952216499591e-09
2.233417960754816977e-03 2.248164288891774954e-09
2.259279721874612491e-03 2.192819641248189004e-09
2.285440948074375211e-03 2.252467493673408975e-09
2.311905106996301092e-03 2.206254435551595790e-09
2.338675706435990129e-03 2.237527697908797163e-09
2.365756294807400822e-03 2.227130179492034090e-09
2.393150461613189652e-03 2.214084199561477606e-09
2.420861837920496723e-03 2.243951354776400909e-09
2.448894096842230052e-03 2.201585646712620364e-09
2.477250954023952137e-03 2.251343793215181901e-09
2.505936168136361879e-03 2.199761947589121785e-09
2.534953541373521912e-03 2.251307863798899894e-09
2.564306919956823531e-03 2.202764677570466434e-09
2.594000194644804132e-03 2.251812062245046328e-09
2.624037301248860997e-03 2.204637593932682329e-09
2.654422221154941613e-03 2.242322923014788728e-09
2.685158981851263043e-03 2.202700368423942636e-09
2.716251657462167429e-03 2.245689395097637319e-09
2.747704369288123637e-03 2.208356549063414566e-09
2.779521286352018561e-03 2.247169450101368127e-09
2.811706625951745052e-03 2.204447066032503620e-09
2.844264654219206146e-03 2.248910436758880682e-09
2.877199686685782878e-03 2.198691425088551363e-09
2.910516088854357610e-03 2.253128158308753682e-09
2.944218276777944496e-03 2.203232293973685621e-09
2.978310717645054565e-03 2.241705220565238478e-09
3.012797930371789810e-03 2.215357393912136484e-09
3.047684486200846234e-03 2.223187922170730264e-09
3.082975009307410696e-03 2.231731420422265180e-09
3.118674177412095096e-03 2.203919272305035795e-09
3.154786722400964270e-03 2.245461576275079377e-09
3.191317430952740879e-03 2.202286582333775035e-09
3.228271145173277484e-03 2.234493747894273777e-09
3.265652763237360864e-03 2.222859801931578247e-09
3.303467240037981714e-03 2.206390076654246548e-09
3.341719587843073637e-03 2.243134663645401880e-09
3.380414876959908759e-03 2.209917599476725767e-09
3.419558236407145655e-03 2.218722101117063797e-09
3.459154854594680920e-03 2.241977785385493156e-09
3.499209980011365115e-03 2.204571942727395970e-09
3.539728921920689761e-03 2.224615685306874315e-09
3.580717051064509146e-03 2.232794850230967434e-09
3.622179800374952189e-03 2.203782040902223268e-09
3.664122665694521767e-03 2.221959355801904215e-09
3.706551206504587938e-03 2.238726060112621889e-09
3.749471046662278956e-03 2.206020785773280573e-09
3.792887875145917968e-03 2.212489941588531937e-09
3.836807446809092567e-03 2.232865346994991522e-09
3.881235583143459542e-03 2.219476966780423443e-09
3.926178173050358551e-03 2.204693506687728827e-09
3.971641173621410364e-03 2.224761596170491844e-09
4.017630610928087966e-03 2.236779814905670708e-09
4.064152580820497296e-03 2.214976531264921891e-09
4.111213249735355506e-03 2.195096900784740295e-09
4.158818855513353625e-03 2.216601282631222539e-09
4.206975708225972610e-03 2.236382768804083176e-09
4.255690191011878530e-03 2.218579318967406324e-09
4.304968760923003589e-03 2.201138551608337789e-09
4.354817949780402306e-03 2.207224072551600199e-09
4.405244365040072822e-03 2.219172407800907340e-09
4.456254690668728577e-03 2.229192741162639198e-09
4.507855688029784036e-03 2.227056241333655196e-09
4.560054196779547535e-03 2.215610075592550404e-09
4.612857135773812921e-03 2.195074724601376913e-09
4.666271503984951476e-03 2.198256823040134544e-09
4.720304381429616877e-03 2.202181802813706236e-09
4.774962930107178559e-03 2.217466363126019049e-09
4.830254394949069947e-03 2.224921405997745419e-09
4.886186104779055052e-03 2.221530958263316949e-09
4.942765473284694427e-03 2.219379974245324492e-09
4.999999999999999237e-03 2.215260186938450571e-09
5.057897271299490252e-03 2.211421435157175155e-09
5.116464961403772820e-03 2.204045266147922329e-09
5.175710833396719723e-03 2.203349915779609021e-09
5.235642740254497010e-03 2.199088016566395582e-09
5.296268625886442309e-03 2.196663852044393561e-09
5.357596526188034176e-03 2.197811071068053428e-09
5.419634570106018380e-03 2.197701895643237393e-09
5.482390980715924449e-03 2.194117897961555263e-09
5.545874076312003707e-03 2.196385706432926110e-09
5.610092271509814314e-03 2.196381436866072831e-09
5.675054078361577332e-03 2.199811920007636064e-09
5.740768107484413990e-03 2.206123384595144216e-09
5.807243069201712196e-03 2.209925256837829157e-09
5.874487774697644861e-03 2.215798362105358576e-09
5.942511137185094161e-03 2.214280369264068703e-09
6.011322173087065013e-03 2.208183351764752978e-09
6.080930003231838424e-03 2.203316713046288051e-09
6.151343854061904620e-03 2.193286694870896796e-09
6.222573058856926617e-03 2.192077355669035723e-09
6.294627058970836582e-03 2.200062706454543241e-09
6.367515405083306983e-03 2.209408604913462860e-09
6.441247758465666780e-03 2.210524865931705629e-09
6.515833892261499449e-03 2.196160696652523527e-09
6.591283692782035596e-03 2.187441237344825289e-09
6.667607160816618576e-03 2.197081101274455746e-09
6.744814412958264824e-03 2.203205211981525890e-09
6.822915682944625040e-03 2.196910442424600701e-09
6.901921323014425201e-03 2.183239139471558866e-09
6.981841805279687466e-03 2.200044162101659665e-09
7.062687723113769168e-03 2.201546503175542477e-09
7.144469792555517389e-03 2.184173191475009712e-09
7.227198853729637981e-03 2.194606927868897682e-09
7.310885872283590450e-03 2.201442229508378859e-09
7.395541940841034688e-03 2.185177835999340130e-09
7.481178280472170448e-03 2.198812164018158334e-09
7.567806242181043287e-03 2.188537376696415463e-09
7.655437308410150896e-03 2.190384314418426195e-09
7.744083094562405345e-03 2.194302144126408458e-09
7.833755350540741805e-03 2.182103012636421595e-09
7.924465962305568892e-03 2.197991401174461854e-09
8.016226953450207235e-03 2.180330947791866119e-09
8.109050486794647586e-03 2.195987042315223145e-09
8.202948865997691796e-03 2.180880510752257920e-09
8.297934537187804521e-03 2.193206499619787919e-09
8.394020090612802285e-03 2.181278867291026787e-09
8.491218262308719913e-03 2.189389379903072789e-09
8.589541935787937607e-03 2.186526025882867105e-09
8.689004143746880890e-03 2.177983034464526218e-09
8.789618069793463453e-03 2.191946590812098601e-09
8.891397050194612892e-03 2.178780763131430629e-09
8.994354575643934840e-03 2.178674916164909316e-09
9.098504293049919714e-03 2.190163310993593091e-09
9.203860007344778771e-03 2.180462669530382516e-09
9.310435683314336255e-03 2.172389346465220236e-09
9.418245447448998428e-03 2.182553359905424461e-09
9.527303589816240106e-03 2.186091700233500235e-09
9.637624565954681574e-03 2.177405136628021903e-09
9.749222998790225969e-03 2.172608618962926507e-09
9.862113680574265823e-03 2.173736144080556152e-09
9.976311574844402841e-03 2.179530884249743393e-09
1.009183181840780756e-02 2.181829251181669558e-09
1.020868972334764563e-02 2.180780089990345332e-09
1.032690077905264354e-02 2.181275936390621228e-09
1.044648065427019115e-02 2.177093812739860614e-09
1.056744519918323584e-02 2.174305575185412480e-09
1.068981044751115932e-02 2.171170369478745782e-09
1.081359261863509835e-02 2.172062932517519714e-09
1.093880811974775637e-02 2.169999827252336809e-09
1.106547354802819329e-02 2.172700402320552925e-09
1.119360569284169951e-02 2.173885636388287746e-09
1.132322153796529694e-02 2.175046043759611974e-09
1.145433826383886189e-02 2.174013629267736565e-09
1.158697324984239718e-02 2.168966909047518786e-09
1.172114407659961138e-02 2.162319734020668812e-09
1.185686852830827517e-02 2.162036815636828662e-09
1.199416459509744862e-02 2.168172358994969494e-09
1.213305047541208236e-02 2.170424737573319736e-09
1.227354457842515234e-02 2.160769815905145154e-09
1.241566552647785024e-02 2.159292887611832529e-09
1.255943215754789545e-02 2.168684121430415879e-09
1.270486352774653077e-02 2.161504285595690801e-09
1.285197891384432141e-02 2.159423187721223620e-09
1.300079781582635929e-02 2.165777354613647351e-09
1.315133995947690565e-02 2.154799195434725883e-09
1.330362529899405295e-02 2.165498626272966436e-09
1.345767401963458149e-02 2.154478367666741212e-09
1.361350654038956040e-02 2.163039838059836415e-09
1.377114351669082859e-02 2.152587166659566253e-09
1.393060584314884456e-02 2.160644247352065619e-09
1.409191465632227309e-02 2.153379538983145509e-09
1.425509133751954628e-02 2.153146864879100675e-09
1.442015751563302875e-02 2.159375127798486987e-09
1.458713507000582860e-02 2.153335899160077773e-09
1.475604613333193239e-02 2.149801607207329164e-09
1.492691309458980126e-02 2.154561724282480152e-09
1.509975860201007852e-02 2.155386505132872897e-09
1.527460556607755995e-02 2.152553065845150161e-09
1.545147716256795901e-02 2.147370215081971557e-09
1.563039683561977602e-02 2.145256233737091218e-09
1.581138830084189567e-02 2.144999333350644842e-09
1.599447554845698227e-02 2.145112747057335470e-09
1.617968284648142047e-02 2.142468890630986775e-09
1.636703474394191060e-02 2.142297276692675295e-09
1.655655607412955324e-02 2.141529716422160273e-09
1.674827195789137593e-02 2.141693137796578414e-09
1.694220780696013146e-02 2.145071002166442919e-09
1.713838932732252018e-02 2.147324125177489443e-09
1.733684252262658251e-02 2.145847078292342089e-09
1.753759369762839665e-02 2.139603622503587370e-09
1.774066946167878259e-02 2.139221681833003306e-09
1.794609673225026208e-02 2.144104372414578978e-09
1.815390273850506567e-02 2.135487083777664224e-09
1.836411502490422828e-02 2.138578209819221704e-09
1.857676145485861671e-02 2.140778323137491190e-09
1.879187021442221134e-02 2.135179619715482156e-09
1.900946981602805869e-02 2.139503215020389853e-09
1.922958910226767182e-02 2.135346782660246145e-09
1.945225724971402087e-02 2.134668172281964608e-09
1.967750377278887700e-02 2.137606297186455247e-09
1.990535852767486361e-02 2.131555789464382036e-09
2.013585171627295042e-02 2.130740385398779621e-09
2.036901389020562628e-02 2.134286068662890403e-09
2.060487595486651738e-02 2.134387896330266422e-09
2.084346917351677028e-02 2.130965310104242260e-09
2.108482517142910850e-02 2.126392770365112011e-09
2.132897594007962527e-02 2.127109768061952343e-09
2.157595384138826650e-02 2.126010728899128409e-09
2.182579161200829884e-02 2.126246013058738526e-09
2.207852236766562337e-02 2.127010616438522536e-09
2.233417960754814982e-02 2.123742286332300618e-09
2.259279721874613012e-02 2.128043908583652417e-09
2.285440948074375644e-02 2.123262928600884368e-09
2.311905106996301265e-02 2.121497576196562889e-09
2.338675706435990390e-02 2.124229007117815869e-09
2.365756294807403598e-02 2.122308867389803884e-09
2.393150461613192254e-02 2.120271907668639615e-09
2.420861837920496376e-02 2.122135948279339242e-09
2.448894096842230139e-02 2.118447008440404286e-09
2.477250954023949708e-02 2.117967941767147097e-09
2.505936168136362052e-02 2.121011938617628021e-09
2.534953541373521912e-02 2.115416961576352534e-09
2.564306919956823791e-02 2.116404872942811075e-09
2.594000194644804219e-02 2.118116730759576624e-09
2.624037301248863946e-02 2.117921259123549502e-09
2.654422221154941960e-02 2.117392693657520583e-09
2.685158981851263130e-02 2.115030211766615621e-09
2.716251657462164654e-02 2.113442130939016124e-09
2.747704369288123810e-02 2.114077095918874605e-09
2.779521286352018214e-02 2.113436166966799617e-09
2.811706625951744878e-02 2.109490448938365445e-09
2.844264654219206406e-02 2.108154424718110670e-09
2.877199686685785393e-02 2.111093623732102431e-09
2.910516088854357350e-02 2.108462674672895150e-09
2.944218276777944843e-02 2.107383578378147427e-09
2.978310717645051703e-02 2.107308535171778554e-09
3.012797930371790070e-02 2.105684127803414547e-09
3.047684486200846407e-02 2.103590232778006019e-09
3.082975009307410350e-02 2.106153038398957295e-09
3.118674177412095183e-02 2.104999839869061218e-09
3.154786722400967913e-02 2.114793020258017594e-09
3.191317430952744089e-02 2.100664409549584504e-09
3.228271145173277484e-02 2.099598301641975792e-09
3.265652763237360950e-02 2.099147049993237411e-09
3.303467240037977898e-02 2.098819211748020811e-09
3.341719587843073463e-02 2.100876785927866212e-09
3.380414876959908499e-02 2.098975744055657621e-09
3.419558236407146262e-02 2.095149124712529796e-09
3.459154854594680834e-02 2.097729716939965624e-09
3.499209980011368931e-02 2.094239208345117645e-09
3.539728921920690108e-02 2.096122734537613357e-09
3.580717051064509493e-02 2.092295600659863218e-09
3.622179800374948633e-02 2.093712134781739605e-09
3.664122665694521247e-02 2.094102204210627989e-09
3.706551206504588025e-02 2.092440300467378921e-09
3.749471046662278262e-02 2.091455168467922461e-09
3.792887875145917187e-02 2.090254158454865717e-09
3.836807446809096384e-02 2.091476976870571934e-09
3.881235583143458762e-02 2.089781294648930356e-09
3.926178173050358378e-02 2.085728229969395318e-09
3.971641173621406201e-02 2.085976065083264429e-09
4.017630610928087792e-02 2.086925399768752696e-09
4.064152580820496602e-02 2.084514842867562962e-09
4.111213249735355679e-02 2.084445302699610557e-09
4.158818855513353452e-02 2.085109792960076311e-09
4.206975708225977467e-02 2.080451895691673592e-09
4.255690191011882867e-02 2.080869483187091157e-09
4.304968760923003068e-02 2.080013910551514383e-09
4.354817949780401959e-02 2.079098604075736380e-09
4.405244365040068139e-02 2.081069211073159029e-09
4.456254690668728924e-02 2.080804992258428261e-09
4.507855688029784730e-02 2.076141094292916340e-09
4.560054196779547708e-02 2.078175392909641608e-09
4.612857135773813788e-02 2.076001347699838070e-09
4.666271503984956853e-02 2.077034757497829022e-09
4.720304381429617224e-02 2.074353460735610978e-09
4.774962930107178732e-02 2.072521011654605601e-09
4.830254394949064223e-02 2.072454375914418350e-09
4.886186104779054878e-02 2.071317587376530570e-09
4.942765473284694427e-02 2.070799897271624462e-09
4.999999999999998890e-02 2.071211532946284908e-09
5.057897271299490599e-02 2.070172329003271283e-09
5.116464961403772299e-02 2.068887412282478051e-09
5.175710833396719723e-02 2.067983104885400128e-09
5.235642740254497357e-02 2.071985280396963626e-09
5.296268625886442483e-02 2.072668256012123123e-09
5.357596526188034003e-02 2.065096386984242258e-09
5.419634570106018207e-02 2.065145590209522004e-09
5.482390980715924622e-02 2.064917843089920599e-09
5.545874076312003881e-02 2.065203742715035874e-09
5.610092271509820039e-02 2.062473668492548765e-09
5.675054078361576465e-02 2.063042739151979137e-09
5.740768107484412602e-02 2.060303788672559720e-09
5.807243069201712543e-02 2.060936904061500610e-09
5.874487774697650933e-02 2.060229449213804386e-09
5.942511137185093467e-02 2.059593038550225579e-09
6.011322173087065013e-02 2.057502429738347312e-09
6.080930003231838771e-02 2.056505601724977849e-09
6.151343854061905314e-02 2.057094233907209545e-09
6.222573058856927658e-02 2.054471961844854183e-09
6.294627058970836408e-02 2.055481158009338381e-09
6.367515405083307156e-02 2.054401876100918290e-09
6.441247758465666606e-02 2.053301002328280822e-09
6.515833892261499449e-02 2.052538268113912371e-09
6.591283692782035075e-02 2.052362466775931395e-09
6.667607160816618750e-02 2.049334096604011710e-09
6.744814412958265171e-02 2.050479266423292942e-09
6.822915682944626081e-02 2.047560483281951967e-09
6.901921323014426068e-02 2.048682370042962120e-09
6.981841805279687119e-02 2.047833553782402304e-09
7.062687723113769689e-02 2.047039843892263740e-09
7.144469792555516174e-02 2.044355021550723668e-09
7.227198853729638328e-02 2.045224075357675949e-09
7.310885872283590103e-02 2.043349081462265916e-09
7.395541940841034168e-02 2.044622694097484356e-09
7.481178280472169928e-02 2.041147288817577836e-09
7.567806242181042420e-02 2.041547414511558130e-09
7.655437308410149855e-02 2.041595848127964110e-09
7.744083094562403957e-02 2.038966035598914186e-09
7.833755350540749784e-02 2.040057121983034490e-09
7.924465962305569933e-02 2.038658103576079925e-09
8.016226953450207582e-02 2.042703159844014832e-09
8.109050486794647239e-02 2.037179926830314708e-09
8.202948865997691796e-02 2.032112578855109490e-09
8.297934537187805215e-02 2.035424134614276481e-09
8.394020090612801244e-02 2.034054530966674013e-09
8.491218262308719567e-02 2.034738472195703740e-09
8.589541935787936566e-02 2.033070465912418053e-09
8.689004143746879849e-02 2.031701797069611019e-09
8.789618069793463107e-02 2.031003335329340084e-09
8.891397050194613239e-02 2.029345603452085331e-09
8.994354575643936922e-02 2.027595629757939326e-09
9.098504293049920755e-02 2.028512034282715838e-09
9.203860007344781546e-02 2.028322211682477925e-09
9.310435683314335908e-02 2.031989547650918721e-09
9.418245447449000163e-02 2.025943650544033443e-09
9.527303589816239759e-02 2.025746744699012794e-09
9.637624565954681921e-02 2.024936750872022526e-09
9.749222998790225969e-02 2.024020038282716364e-09
9.862113680574265129e-02 2.029450617327738156e-09
9.976311574844401453e-02 2.021712778724916821e-09
1.009183181840780652e-01 2.020432531152801627e-09
1.020868972334764563e-01 2.020531736601670054e-09
1.032690077905264459e-01 2.018734830419524010e-09
1.044648065427020295e-01 2.018826149740226575e-09
1.056744519918323688e-01 2.016996300545986791e-09
1.068981044751115966e-01 2.019146618445459870e-09
1.081359261863509835e-01 2.015999137991585167e-09
1.093880811974775741e-01 2.014459823203308739e-09
1.106547354802819155e-01 2.014479358697455128e-09
1.119360569284169882e-01 2.013431886934988210e-09
1.132322153796529590e-01 2.013335543961279014e-09
1.145433826383886050e-01 2.011129645550320607e-09
1.158697324984239579e-01 2.011727267844408350e-09
1.172114407659961000e-01 1.990103647960679577e-09
1.185686852830827448e-01 2.008938551716961681e-09
1.199416459509744792e-01 2.008303891434389025e-09
1.213305047541208270e-01 2.008057315005541204e-09
1.227354457842515512e-01 2.008599261476466815e-09
1.241566552647785093e-01 2.007097857606350866e-09
1.255943215754789510e-01 2.004279741540724093e-09
1.270486352774652938e-01 2.004177713491191808e-09
1.285197891384432245e-01 2.003290247315959068e-09
1.300079781582635929e-01 2.002669098935433643e-09
1.315133995947690426e-01 2.005356787106904128e-09
1.330362529899405399e-01 2.005625087252294682e-09
1.345767401963458010e-01 2.000864270216172747e-09
1.361350654038956109e-01 1.999372742280098645e-09
1.377114351669082859e-01 1.999618431528514798e-09
1.393060584314886052e-01 1.996410888241769881e-09
1.409191465632227414e-01 1.997204356286893013e-09
1.425509133751954594e-01 1.996088793692021472e-09
1.442015751563302528e-01 1.997696329366872471e-09
1.458713507000582721e-01 1.996460123322445033e-09
1.475604613333193205e-01 1.994475798328882399e-09
1.492691309458979987e-01 1.994588260286581210e-09
1.509975860201007714e-01 1.991939745569389000e-09
1.527460556607755926e-01 1.994140003773800512e-09
1.545147716256795867e-01 1.986851781046975414e-09
1.563039683561977533e-01 1.990352877108822881e-09
1.581138830084189428e-01 1.988580455926804418e-09
1.599447554845698227e-01 1.989385584629332480e-09
1.617968284648141908e-01 1.987723356220890865e-09
1.636703474394191060e-01 1.987124080633817257e-09
1.655655607412955255e-01 1.986110035637990479e-09
1.674827195789137801e-01 1.985871820193968611e-09
1.694220780696013284e-01 1.983044743591224720e-09
1.713838932732252018e-01 1.983686908946258226e-09
1.733684252262658043e-01 1.982400118104541906e-09
1.753759369762839249e-01 1.981246506235652739e-09
1.774066946167878189e-01 1.979983784869148121e-09
1.794609673225026625e-01 1.979832621784603981e-09
1.815390273850506775e-01 1.978878535208149541e-09
1.836411502490422898e-01 1.978887568115118126e-09
1.857676145485863684e-01 1.977691307920177875e-09
1.879187021442221273e-01 1.976778563612725044e-09
1.900946981602806007e-01 1.975204042108672567e-09
1.922958910226767459e-01 1.974366157794372872e-09
1.945225724971401948e-01 1.975712864550240640e-09
1.967750377278887908e-01 1.974380578227439689e-09
1.990535852767486291e-01 1.972968109422872487e-09
2.013585171627295112e-01 1.971006935676282908e-09
2.036901389020562836e-01 1.971366503748709442e-09
2.060487595486651669e-01 1.971121442109549118e-09
2.084346917351677098e-01 1.969272390252536856e-09
2.108482517142910850e-01 1.968330021985796420e-09
2.132897594007962250e-01 1.967861680253472028e-09
2.157595384138826788e-01 1.967122835704736830e-09
2.182579161200829954e-01 1.964867039248793555e-09
2.207852236766562337e-01 1.955790166490011331e-09
2.233417960754814635e-01 1.964151261869558790e-09
2.259279721874612734e-01 1.965318118444291533e-09
2.285440948074375644e-01 1.963313035662544675e-09
2.311905106996301196e-01 1.963018511071059400e-09
2.338675706435990320e-01 1.960244205531521717e-09
2.365756294807403459e-01 1.963787856287559932e-09
2.393150461613192115e-01 1.960496572823411681e-09
2.420861837920496862e-01 1.958165109637859504e-09
2.448894096842230417e-01 1.958212652057747866e-09
2.477250954023952345e-01 1.956708830397010213e-09
2.505936168136362330e-01 1.936358245897564232e-09
2.534953541373521912e-01 1.957455339932188461e-09
2.564306919956823583e-01 1.954784196298596964e-09
2.594000194644804358e-01 1.953605163324896919e-09
2.624037301248863807e-01 1.955491275075523068e-09
2.654422221154941752e-01 1.950824516698074456e-09
2.685158981851262783e-01 1.953925734951847561e-09
2.716251657462164792e-01 1.949962611639295785e-09
2.747704369288123671e-01 1.949424206307623337e-09
2.779521286352018006e-01 1.950636930143977373e-09
2.811706625951744809e-01 1.950400597563321948e-09
2.844264654219206268e-01 1.948944959158218680e-09
2.877199686685785740e-01 1.946420980779816465e-09
2.910516088854357419e-01 1.945385681257716777e-09
2.944218276777944010e-01 1.946530067501765244e-09
2.978310717645051287e-01 1.944342696360129813e-09
3.012797930371790001e-01 1.929086720501375545e-09
3.047684486200846199e-01 1.942036387420680340e-09
3.082975009307410419e-01 1.942321977560455879e-09
3.118674177412095183e-01 1.932655519439780476e-09
3.154786722400967358e-01 1.938457664068087759e-09
3.191317430952744227e-01 1.937829245973770215e-09
3.228271145173277623e-01 1.939264469834803387e-09
3.265652763237361089e-01 1.938489399097289327e-09
3.303467240037981645e-01 1.942489298841556469e-09
3.341719587843073880e-01 1.933584936535940826e-09
3.380414876959909054e-01 1.930899386745961212e-09
3.419558236407145846e-01 1.933784113079050193e-09
3.459154854594680417e-01 1.933952528633327049e-09
3.499209980011368515e-01 1.932680708424462933e-09
3.539728921920690108e-01 1.932580055137098049e-09
3.580717051064509771e-01 1.932647538420018589e-09
3.622179800374948910e-01 1.930009968718787092e-09
3.664122665694521941e-01 1.930038230610973654e-09
3.706551206504588025e-01 1.926957878425076443e-09
3.749471046662278817e-01 1.927508465050471854e-09
3.792887875145917742e-01 1.927114128763595323e-09
3.836807446809096245e-01 1.925839445477455628e-09
3.881235583143459178e-01 1.925117703513918826e-09
3.926178173050358100e-01 1.924602516577212455e-09
3.971641173621405785e-01 1.924267639426018801e-09
4.017630610928087931e-01 1.923220927118539197e-09
4.064152580820497018e-01 1.922846373379877347e-09
4.111213249735355402e-01 1.920463432867858739e-09
4.158818855513353729e-01 1.917565710719586898e-09
4.206975708225977328e-01 1.919958507720417448e-09
4.255690191011883283e-01 1.920550302139843911e-09
4.304968760923003068e-01 1.917410314867509816e-09
4.354817949780401820e-01 1.917284384234372185e-09
4.405244365040072441e-01 1.910027642145198312e-09
4.456254690668728924e-01 1.910963153585126462e-09
4.507855688029784313e-01 1.911420295662876252e-09
4.560054196779547708e-01 1.911262374460608558e-09
4.612857135773819062e-01 1.914049025274024797e-09
4.666271503984956714e-01 1.912321221584540073e-09
4.720304381429617502e-01 1.911416555846934161e-09
4.774962930107178316e-01 1.911025745738177359e-09
4.830254394949065055e-01 1.903482886320105870e-09
4.886186104779055572e-01 1.908138364642328804e-09
4.942765473284694844e-01 1.908064324187071564e-09
5.000000000000000000e-01 1.907309504951571336e-09
5.235642740254496941e-01 1.905998136846710392e-09
5.482390980715925455e-01 1.900578957788645528e-09
5.740768107484413019e-01 1.898163048620042428e-09
6.011322173087064735e-01 1.894913954473363018e-09
6.294627058970835298e-01 1.835199586032160459e-09
6.591283692782035075e-01 1.890496430766208360e-09
6.901921323014423848e-01 1.886136115035712308e-09
7.227198853729638328e-01 1.881927093984768476e-09
7.567806242181041032e-01 1.880476134444716087e-09
7.924465962305566880e-01 1.866759306524858220e-09
8.297934537187803272e-01 1.878047616781002130e-09
8.689004143746876796e-01 1.890429591982481532e-09
9.098504293049917147e-01 1.864860294677159555e-09
9.527303589816237261e-01 1.860870988988202054e-09
9.976311574844397567e-01 1.857144341605514098e-09
1.044648065427019601e+00 1.854540125688805215e-09
1.093880811974776268e+00 1.850184531287087069e-09
1.145433826383886355e+00 1.849148390279734319e-09
1.199416459509745181e+00 1.847478510730588762e-09
1.255943215754790065e+00 1.843781365157068567e-09
1.315133995947690870e+00 1.839458540999060146e-09
1.377114351669083137e+00 1.836212456811707612e-09
1.442015751563303194e+00 1.832541567137496539e-09
1.509975860201008047e+00 1.830936356322884604e-09
1.581138830084189539e+00 1.828244998977619681e-09
1.655655607412955588e+00 1.823205321585677101e-09
1.733684252262658321e+00 1.820751240713922719e-09
1.815390273850506775e+00 1.817623008242920048e-09
1.900946981602805508e+00 1.814237451323145852e-09
1.990535852767486125e+00 1.810798647009535679e-09
2.084346917351676876e+00 1.808540565323991732e-09
2.182579161200830065e+00 1.805289399282899439e-09
2.285440948074374923e+00 1.798178241082336783e-09
2.393150461613192004e+00 1.815428231770621440e-09
2.505936168136361886e+00 1.799097845451180430e-09
2.624037301248862697e+00 1.791082656764593093e-09
2.747704369288122450e+00 1.789339619675709744e-09
2.877199686685784741e+00 1.783857692751153219e-09
3.012797930371788890e+00 1.772198412786395211e-09
3.154786722400966248e+00 1.782369851411339565e-09
3.303467240037980091e+00 1.776263745393383380e-09
3.459154854594682416e+00 1.780902068884248580e-09
3.622179800374950354e+00 1.780533571906470607e-09
3.792887875145919185e+00 1.767094167252632413e-09
3.971641173621408338e+00 1.762994101148966478e-09
4.158818855513356283e+00 1.757608099486993862e-09
4.354817949780404263e+00 1.757894324646460886e-09
4.560054196779547375e+00 1.752104314658702869e-09
4.774962930107178316e+00 1.733479716532802657e-09
5.000000000000000000e+00 1.750928444395319880e-09
6.294627058970836408e+00 1.731664182418676321e-09
7.924465962305568212e+00 1.715300659445521091e-09
9.976311574844396901e+00 1.701791664868921700e-09
1.255943215754790110e+01 1.685859796117152317e-09
1.581138830084189273e+01 1.670154908947370506e-09
1.990535852767486347e+01 1.638129500533706500e-09
2.505936168136361886e+01 1.642513087269611070e-09
3.154786722400966781e+01 1.624916426925570284e-09
3.971641173621406296e+01 1.609701177792074225e-09
4.999999999999999289e+01 1.599526103961043859e-09
