3.303467240037981687e-05 9.030565279228562264e-16
3.380414876959908759e-05 1.782789988363591062e-13
3.459154854594680595e-05 7.020298662548640199e-13
3.539728921920685885e-05 1.533266209088359220e-12
3.622179800374952406e-05 2.626767518971809719e-12
3.706551206504588155e-05 3.928511819791845522e-12
3.792887875145917236e-05 5.381465043965989718e-12
3.881235583143463039e-05 6.925960522153881544e-12
3.971641173621410364e-05 8.497374545940785195e-12
4.064152580820496591e-05 1.002892507562872567e-11
4.158818855513353842e-05 1.147101372774156709e-11
4.255690191011878395e-05 1.277145986214822903e-11
4.354817949780398050e-05 1.388527384572638961e-11
4.456254690668729390e-05 1.477917143572421442e-11
4.560054196779548185e-05 1.544977091049140235e-11
4.666271503984951611e-05 1.587912816901681782e-11
4.774962930107183736e-05 1.609669123950094794e-11
4.886186104779054808e-05 1.613594263287350079e-11
4.999999999999998884e-05 1.604524123266310530e-11
5.057897271299490442e-05 1.597375774665947986e-11
5.116464961403767209e-05 1.589499496362709209e-11
5.175710833396714221e-05 1.582575068311481516e-11
5.235642740254491318e-05 1.577391602772146180e-11
5.296268625886447866e-05 1.574305416719970140e-11
5.357596526188034854e-05 1.575668229292271051e-11
5.419634570106018624e-05 1.582344492183522060e-11
5.482390980715924394e-05 1.595171047242160691e-11
5.545874076312003680e-05 1.614628439510988054e-11
5.610092271509813691e-05 1.643199960862779997e-11
5.675054078361570665e-05 1.680808350784890358e-11
5.740768107484408596e-05 1.728432395406447863e-11
5.807243069201718186e-05 1.786870623396389532e-11
5.874487774697651393e-05 1.856351181753458408e-11
5.942511137185093809e-05 1.937824383442052273e-11
6.011322173087064877e-05 2.031246507728753665e-11
6.080930003231838695e-05 2.136055986616741262e-11
6.151343854061905325e-05 2.251209893928019806e-11
6.222573058856921034e-05 2.378529804856724010e-11
6.294627058970830402e-05 2.514773894006772597e-11
6.367515405083314138e-05 2.660058059233556384e-11
6.441247758465673719e-05 2.812064068047370090e-11
6.515833892261499124e-05 2.971198355643166815e-11
6.591283692782035650e-05 3.135486399670880691e-11
6.667607160816619769e-05 3.301052658012023703e-11
6.744814412958265366e-05 3.467700734476077004e-11
6.822915682944618535e-05 3.633630294621190120e-11
6.901921323014417829e-05 3.796395219663287495e-11
6.981841805279679497e-05 3.952362759913619394e-11
7.062687723113775782e-05 4.103614097140684437e-11
7.144469792555517389e-05 4.245165307909517544e-11
7.227198853729638578e-05 4.374679444853618776e-11
7.310885872283590017e-05 4.496883417058848174e-11
7.395541940841035122e-05 4.604997744739833944e-11
7.481178280472162371e-05 4.700890402715177875e-11
7.567806242181034505e-05 4.784696460335231801e-11
7.655437308410142656e-05 4.856933986536840048e-11
7.744083094562412067e-05 4.918667353403519537e-11
7.833755350540748852e-05 4.972668372170595036e-11
7.924465962305569597e-05 5.020090444493333339e-11
8.016226953450208102e-05 5.065728371788283233e-11
8.109050486794647857e-05 5.111494207922159611e-11
8.202948865997694073e-05 5.162056950138767398e-11
8.297934537187796715e-05 5.220618964020272653e-11
8.394020090612792852e-05 5.292181011534822429e-11
8.491218262308728262e-05 5.383556420441186804e-11
8.589541935787945305e-05 5.498870597261768991e-11
8.689004143746882950e-05 5.639016724810207594e-11
8.789618069793464267e-05 5.809646125087912753e-11
8.891397050194613488e-05 6.018135546829166274e-11
8.994354575643936521e-05 6.262105197122347133e-11
9.098504293049911853e-05 6.544454578455129323e-11
9.203860007344770748e-05 6.866506521884665273e-11
9.310435683314326931e-05 7.226827662040859424e-11
9.418245447449009216e-05 7.623306240355455188e-11
9.527303589816239347e-05 8.051011812662295218e-11
9.637624565954680924e-05 8.503315585653479183e-11
9.749222998790225210e-05 8.977885495169489198e-11
9.862113680574265443e-05 9.465516128261497167e-11
9.976311574844392432e-05 9.951704849491790074e-11
1.009183181840780691e-04 1.043090924520444520e-10
1.020868972334764650e-04 1.089309557322946931e-10
1.032690077905264333e-04 1.132624017966152048e-10
1.044648065427019099e-04 1.172023624115839278e-10
1.056744519918323676e-04 1.206744330648810246e-10
1.068981044751116051e-04 1.236048539456867416e-10
1.081359261863509824e-04 1.259312137783313006e-10
1.093880811974775783e-04 1.276423991759200746e-10
1.106547354802819166e-04 1.287231421192576148e-10
1.119360569284169843e-04 1.292525383299411734e-10
1.132322153796529580e-04 1.292955303300248244e-10
1.145433826383886026e-04 1.289427141690325219e-10
1.158697324984239615e-04 1.283806761927629157e-10
1.172114407659961296e-04 1.277888888440875219e-10
1.185686852830827555e-04 1.272944484641565191e-10
1.199416459509744813e-04 1.272468321093484755e-10
1.213305047541207081e-04 1.277623944473074861e-10
1.227354457842515364e-04 1.290990163338753754e-10
1.241566552647784948e-04 1.314761920706228649e-10
1.255943215754789502e-04 1.350371592147278422e-10
1.270486352774653110e-04 1.398847417149847061e-10
1.285197891384432108e-04 1.461035553426433695e-10
1.300079781582635788e-04 1.536333983543462872e-10
1.315133995947690435e-04 1.623633508420979397e-10
1.330362529899403626e-04 1.720799775368450206e-10
1.345767401963458604e-04 1.825995129864130849e-10
1.361350654038956344e-04 1.935501354808202380e-10
1.377114351669082826e-04 2.044900394965161316e-10
1.393060584314884456e-04 2.150020266189269079e-10
1.409191465632227234e-04 2.246908518493007228e-10
1.425509133751954596e-04 2.331360157976429905e-10
1.442015751563302474e-04 2.399766110842998081e-10
1.458713507000582675e-04 2.449089433504902303e-10
1.475604613333193142e-04 2.478282813129304342e-10
1.492691309458979746e-04 2.487864598878381085e-10
1.509975860201007907e-04 2.479690218484906928e-10
1.527460556607755941e-04 2.456647805076792588e-10
1.545147716256795760e-04 2.423850382574185753e-10
1.563039683561977700e-04 2.387999909228870631e-10
1.581138830084189697e-04 2.357174581385466077e-10
1.599447554845698401e-04 2.337835655638381544e-10
1.617968284648140247e-04 2.338704970219543156e-10
1.636703474394191234e-04 2.365568587434626360e-10
1.655655607412955237e-04 2.423180970024218587e-10
1.674827195789137550e-04 2.515692279779028365e-10
1.694220780696013395e-04 2.639354571723109528e-10
1.713838932732251867e-04 2.793724802907997621e-10
1.733684252262658175e-04 2.970333185979381784e-10
1.753759369762839622e-04 3.160356818261033225e-10
1.774066946167876340e-04 3.352010763479053065e-10
1.794609673225026631e-04 3.532115432633848340e-10
1.815390273850506729e-04 3.688279998089702275e-10
1.836411502490422785e-04 3.809098809987975463e-10
1.857676145485863753e-04 3.887840589211219934e-10
1.879187021442221307e-04 3.920133072569947813e-10
1.900946981602805912e-04 3.906607862163116072e-10
1.922958910226767171e-04 3.856755100679275153e-10
1.945225724971401946e-04 3.782024486122129807e-10
1.967750377278885748e-04 3.700134548815137003e-10
1.990535852767486220e-04 3.630251250696241888e-10
2.013585171627295032e-04 3.592046760589032170e-10
2.036901389020562758e-04 3.603605234971109992e-10
2.060487595486651640e-04 3.676307643520354570e-10
2.084346917351676985e-04 3.817140988570944037e-10
2.108482517142910915e-04 4.021646514567477959e-10
2.132897594007962310e-04 4.275021672157205750e-10
2.157595384138824807e-04 4.557209264735747389e-10
2.182579161200830003e-04 4.841372983085305352e-10
2.207852236766562250e-04 5.095848644471219622e-10
2.233417960754814971e-04 5.298787319920278932e-10
2.259279721874612654e-04 5.418458830957329501e-10
2.285440948074375211e-04 5.454580500796028940e-10
2.311905106996301417e-04 5.408738464828504743e-10
2.338675706435990400e-04 5.299590773281706747e-10
2.365756294807401202e-04 5.159686694116836068e-10
2.393150461613192416e-04 5.027325624483824512e-10
2.420861837920496669e-04 4.947554847406652333e-10
2.448894096842230486e-04 4.952829887851584551e-10
2.477250954023952571e-04 5.068430849374610825e-10
2.505936168136362096e-04 5.291554352447482607e-10
2.534953541373521587e-04 5.617097461814793553e-10
2.564306919956823639e-04 5.993510631804020977e-10
2.594000194644803916e-04 6.370633263271358079e-10
2.624037301248860888e-04 6.693793981748883617e-10
2.654422221154941939e-04 6.910055646436093033e-10
2.685158981851263043e-04 6.991171840981653376e-10
2.716251657462165044e-04 6.938514800220740529e-10
2.747704369288123854e-04 6.776146516285045244e-10
2.779521286352018127e-04 6.567473819135647261e-10
2.811706625951744943e-04 6.383005103540145412e-10
2.844264654219205712e-04 6.302146849033401431e-10
2.877199686685782661e-04 6.372709332629618048e-10
2.910516088854357393e-04 6.614935396548207452e-10
2.944218276777944170e-04 7.005352748431265262e-10
2.978310717645051204e-04 7.485207013831556186e-10
3.012797930371790027e-04 7.944189946227473275e-10
3.047684486200846234e-04 8.291503236012167765e-10
3.082975009307409721e-04 8.458311823929228229e-10
3.118674177412095313e-04 8.421276498960860993e-10
3.154786722400964379e-04 8.225375866813461628e-10
3.191317430952743915e-04 7.936747588604495368e-10
3.228271145173277267e-04 7.700291653037334623e-10
3.265652763237360972e-04 7.629839708739519787e-10
3.303467240037981823e-04 7.787437820557877645e-10
3.341719587843073962e-04 8.173705596012616739e-10
3.380414876959908759e-04 8.725090277650867562e-10
3.419558236407145655e-04 9.273797428330072989e-10
3.459154854594681137e-04 9.666544802420755103e-10
3.499209980011365223e-04 9.848000026304314021e-10
3.539728921920689544e-04 9.742835359644179411e-10
3.580717051064509905e-04 9.416829827417962652e-10
3.622179800374948611e-04 9.092556912983678694e-10
3.664122665694521551e-04 8.896027860155773121e-10
3.706551206504588155e-04 8.976904793778903828e-10
3.749471046662279281e-04 9.405990900235348581e-10
3.792887875145917100e-04 1.000666510694599052e-09
3.836807446809091808e-04 1.065216505858468110e-09
3.881235583143459109e-04 1.102916378110694621e-09
3.926178173050358226e-04 1.107753535201026556e-09
3.971641173621406028e-04 1.081010855325146869e-09
4.017630610928087857e-04 1.041303034771783648e-09
4.064152580820496862e-04 1.007407688961283028e-09
4.111213249735355181e-04 1.008720809495761138e-09
4.158818855513353300e-04 1.058437042890742260e-09
4.206975708225972935e-04 1.122442541121103368e-09
4.255690191011882867e-04 1.186979608733286929e-09
4.304968760923003155e-04 1.221346386114837273e-09
4.354817949780401981e-04 1.215362570246905453e-09
4.405244365040072822e-04 1.170872364939398680e-09
4.456254690668728577e-04 1.125205294775871189e-09
4.507855688029784470e-04 1.110403300291231712e-09
4.560054196779547643e-04 1.144536465618904320e-09
4.612857135773813463e-04 1.217504547087626917e-09
4.666271503984952018e-04 1.294807213764805623e-09
4.720304381429617636e-04 1.330728643428227669e-09
4.774962930107178993e-04 1.303773559931464441e-09
4.830254394949064960e-04 1.257928712751521864e-09
4.886186104779055486e-04 1.207027155682449607e-09
4.942765473284694211e-04 1.216660316954616695e-09
4.999999999999999020e-04 1.276080150453830212e-09
5.057897271299491120e-04 1.359100296878084797e-09
5.116464961403766531e-04 1.414894447519041566e-09
5.175710833396719507e-04 1.404565543735464127e-09
5.235642740254497010e-04 1.352653147658268693e-09
5.296268625886442309e-04 1.288085347603020021e-09
5.357596526188034176e-04 1.303869178870719828e-09
5.419634570106019031e-04 1.373781916051452165e-09
5.482390980715924666e-04 1.457397664835574685e-09
5.545874076312003274e-04 1.480215298847379065e-09
5.610092271509814097e-04 1.462959832207810764e-09
5.675054078361570394e-04 1.398423834312018207e-09
5.740768107484413340e-04 1.370290693245003904e-09
5.807243069201711546e-04 1.420096408964959467e-09
5.874487774697650716e-04 1.504061332339777768e-09
5.942511137185093944e-04 1.579062558453244171e-09
6.011322173087063929e-04 1.543994206004838925e-09
6.080930003231838424e-04 1.473222455414669449e-09
6.151343854061905054e-04 1.430892603046929723e-09
6.222573058856920762e-04 1.484941357704071807e-09
6.294627058970836365e-04 1.592728442046524885e-09
6.367515405083307633e-04 1.636996786669839100e-09
6.441247758465673719e-04 1.587429948538611070e-09
6.515833892261498582e-04 1.477936493875235956e-09
6.591283692782036463e-04 1.506921295301011110e-09
6.667607160816619227e-04 1.600644116867755827e-09
6.744814412958264824e-04 1.663947609717407941e-09
6.822915682944617451e-04 1.661296026206902232e-09
6.901921323014424334e-04 1.591818288401984067e-09
6.981841805279687899e-04 1.557069149350803859e-09
7.062687723113776324e-04 1.619199064783162072e-09
7.144469792555517389e-04 1.726329822961767744e-09
7.227198853729638849e-04 1.716582321479016178e-09
7.310885872283591101e-04 1.644156854356666263e-09
7.395541940841035122e-04 1.620437158913447605e-09
7.481178280472162642e-04 1.693217429558500825e-09
7.567806242181035047e-04 1.794060101684187639e-09
7.655437308410150245e-04 1.744227487348702575e-09
7.744083094562404478e-04 1.675098240746314974e-09
7.833755350540749394e-04 1.675712502134579035e-09
7.924465962305569326e-04 1.778082828180983013e-09
8.016226953450207018e-04 1.853817246653260812e-09
8.109050486794647586e-04 1.752350756892107001e-09
8.202948865997692447e-04 1.699067706779391249e-09
8.297934537187796715e-04 1.763418736504993238e-09
8.394020090612802068e-04 1.823186749302840585e-09
8.491218262308720130e-04 1.823412411434939983e-09
8.589541935787945847e-04 1.743744210775602961e-09
8.689004143746880239e-04 1.776289308617180562e-09
8.789618069793463453e-04 1.880580251483739311e-09
8.891397050194612675e-04 1.844084821452365447e-09
8.994354575643935708e-04 1.773133366031877885e-09
9.098504293049911040e-04 1.831381756469443757e-09
9.203860007344780506e-04 1.911838364425428707e-09
9.310435683314336689e-04 1.862659324582169203e-09
9.418245447449009487e-04 1.803309936863333177e-09
9.527303589816240974e-04 1.870273174708090209e-09
9.637624565954682008e-04 1.948310475977245251e-09
9.749222998790226836e-04 1.869181098812479547e-09
9.862113680574266256e-04 1.844798833697160922e-09
9.976311574844392432e-04 1.940226103476289004e-09
1.009183181840779715e-03 1.955084890649640668e-09
1.020868972334764650e-03 1.859442277130676268e-09
1.032690077905264224e-03 1.906198984197159405e-09
1.044648065427020156e-03 1.981780971263520179e-09
1.056744519918323541e-03 1.924646564224296355e-09
1.068981044751116105e-03 1.903654124333311254e-09
1.081359261863509879e-03 2.001942868301543411e-09
1.093880811974775810e-03 1.970082619577352864e-09
1.106547354802818028e-03 1.919278995097495833e-09
1.119360569284169734e-03 1.980095276988763009e-09
1.132322153796529608e-03 2.017370401226321890e-09
1.145433826383887056e-03 1.927328276201766944e-09
1.158697324984239588e-03 1.998731501855563237e-09
1.172114407659961052e-03 2.022896373756695216e-09
1.185686852830827474e-03 1.953091093919282266e-09
1.199416459509744732e-03 2.002548131924810429e-09
1.213305047541206891e-03 2.041012655332429108e-09
1.227354457842515364e-03 1.964105835174749255e-09
1.241566552647784894e-03 2.017955419621170508e-09
1.255943215754790803e-03 2.036657758354060947e-09
1.270486352774652947e-03 1.963677101272950614e-09
1.285197891384432054e-03 2.072605559049127361e-09
1.300079781582635843e-03 2.041228971617668893e-09
1.315133995947690435e-03 1.991468846000377834e-09
1.330362529899403951e-03 2.069642497139528658e-09
1.345767401963456761e-03 2.018069988109567630e-09
1.361350654038956127e-03 2.046976323523630222e-09
1.377114351669082772e-03 2.077774756952807305e-09
1.393060584314885974e-03 2.011215812819141292e-09
1.409191465632227396e-03 2.094703274480801915e-09
1.425509133751954758e-03 2.047401536549425605e-09
1.442015751563302745e-03 2.072210610177544651e-09
1.458713507000582730e-03 2.120821283863229217e-09
1.475604613333191895e-03 2.025760098839304997e-09
1.492691309458979909e-03 2.112161064930374514e-09
1.509975860201007635e-03 2.049229688632211393e-09
1.527460556607757513e-03 2.101970261427824425e-09
1.545147716256795598e-03 2.093754783438418504e-09
1.563039683561977646e-03 2.071783382549895305e-09
1.581138830084189480e-03 2.119899199360094157e-09
1.599447554845698401e-03 2.058796727084299261e-09
1.617968284648140355e-03 2.158643148213524872e-09
1.636703474394191234e-03 2.069400704897494999e-09
1.655655607412955237e-03 2.155003092801920899e-09
1.674827195789139285e-03 2.082014571448728073e-09
1.694220780696013449e-03 2.153535920860833641e-09
1.713838932732251975e-03 2.085477702884514257e-09
1.733684252262658121e-03 2.144078061997258965e-09
1.753759369762839622e-03 2.114556729969450873e-09
1.774066946167876177e-03 2.144324636061340103e-09
1.794609673225024517e-03 2.105025178729169082e-09
1.815390273850506567e-03 2.151183353260286313e-09
1.836411502490422785e-03 2.103676758138382840e-09
1.857676145485863536e-03 2.170962595271093347e-09
1.879187021442221524e-03 2.123081426295448501e-09
1.900946981602806129e-03 2.180509830235501441e-09
1.922958910226767442e-03 2.102310261893739717e-09
1.945225724971402217e-03 2.185302727881372751e-09
1.967750377278885965e-03 2.120641464309544114e-09
1.990535852767486274e-03 2.186735452402431976e-09
2.013585171627295303e-03 2.151693602621672386e-09
2.036901389020564709e-03 2.150631952654662724e-09
2.060487595486651478e-03 2.182048174320386098e-09
2.084346917351677202e-03 2.134276328823710482e-09
2.108482517142910590e-03 2.196982677625703310e-09
2.132897594007962527e-03 2.139948440279067492e-09
2.157595384138824915e-03 2.171025408717294047e-09
2.182579161200830058e-03 2.189428826427410570e-09
2.207852236766562250e-03 2.138468948216298369e-09
2.233417960754816977e-03 2.203750154565751616e-09
2.259279721874612491e-03 2.170463041113554952e-09
2.285440948074375211e-03 2.158007485487151003e-09
2.311905106996301092e-03 2.209812344244269848e-09
2.338675706435990129e-03 2.156202249692459576e-09
2.365756294807400389e-03 2.164810131968582379e-09
2.393150461613189652e-03 2.211062832449924933e-09
2.420861837920496723e-03 2.163069634966713202e-09
2.448894096842230052e-03 2.164720247913610637e-09
2.477250954023952137e-03 2.212239532816789019e-09
2.505936168136361445e-03 2.188218853364386084e-09
2.534953541373521479e-03 2.155673679948427890e-09
2.564306919956823531e-03 2.203184909222001882e-09
2.594000194644804132e-03 2.205387214140034573e-09
2.624037301248860997e-03 2.175944434854380067e-09
2.654422221154941613e-03 2.172690694193439516e-09
2.685158981851263043e-03 2.216698115567289135e-09
2.716251657462167429e-03 2.221020007308176537e-09
2.747704369288123637e-03 2.183387174628264799e-09
2.779521286352018561e-03 2.174709492973643819e-09
2.811706625951745052e-03 2.198086292340427330e-09
2.844264654219206146e-03 2.222789540744315263e-09
2.877199686685782878e-03 2.217558852433113708e-09
2.910516088854357610e-03 2.191938936856940335e-09
2.944218276777944496e-03 2.175654233826022235e-09
2.978310717645054565e-03 2.189467650604433658e-09
3.012797930371789810e-03 2.208411253450395135e-09
3.047684486200846234e-03 2.231844775322624727e-09
3.082975009307410696e-03 2.220990974372311466e-09
3.118674177412095096e-03 2.204172486135543676e-09
3.154786722400964270e-03 2.197628765222798791e-09
3.191317430952740879e-03 2.180192407670116226e-09
3.228271145173277051e-03 2.187712467042800491e-09
3.265652763237360864e-03 2.185188617175334580e-09
3.303467240037981714e-03 2.196944473209433400e-09
3.341719587843073637e-03 2.205763321548266983e-09
3.380414876959908759e-03 2.228509315221266822e-09
3.419558236407145655e-03 2.218887983187579444e-09
3.459154854594680920e-03 2.224817361235294158e-09
3.499209980011365115e-03 2.226234866487562461e-09
3.539728921920689761e-03 2.227483607104161855e-09
3.580717051064509580e-03 2.234309155239630471e-09
3.622179800374952623e-03 2.230254912742898631e-09
3.664122665694521767e-03 2.226121659971186935e-09
3.706551206504587505e-03 2.218006723543918172e-09
3.749471046662278956e-03 2.210233669047725834e-09
3.792887875145917534e-03 2.204844734524844407e-09
3.836807446809092567e-03 2.200868252735497381e-09
3.881235583143459542e-03 2.196280990587319177e-09
3.926178173050358551e-03 2.199590905608359959e-09
3.971641173621410364e-03 2.200842829543606834e-09
4.017630610928087966e-03 2.215197532369722653e-09
4.064152580820497296e-03 2.232214102473133704e-09
4.111213249735355506e-03 2.227687345941674660e-09
4.158818855513353625e-03 2.211583279242118986e-09
4.206975708225972610e-03 2.197625695992175788e-09
4.255690191011878530e-03 2.197667583314098602e-09
4.304968760923003589e-03 2.230453937056781428e-09
4.354817949780402306e-03 2.228942966190956274e-09
4.405244365040072822e-03 2.215691540760057038e-09
4.456254690668728577e-03 2.203482635651903292e-09
4.507855688029784036e-03 2.217965155335915948e-09
4.560054196779547535e-03 2.233093159847669110e-09
4.612857135773812921e-03 2.199198428250349896e-09
4.666271503984951476e-03 2.203483298432971824e-09
4.720304381429616877e-03 2.229297721602100700e-09
4.774962930107178559e-03 2.205538428232294819e-09
4.830254394949069947e-03 2.206870491506442887e-09
4.886186104779055052e-03 2.229039246287843942e-09
4.942765473284694427e-03 2.198916127580636108e-09
4.999999999999999237e-03 2.219254286830820485e-09
5.057897271299490252e-03 2.212161168263270591e-09
5.116464961403771952e-03 2.215892219623097481e-09
5.175710833396719723e-03 2.226713323474794220e-09
5.235642740254497010e-03 2.203588117608179691e-09
5.296268625886442309e-03 2.225001703095636375e-09
5.357596526188034176e-03 2.204209427252376416e-09
5.419634570106018380e-03 2.223356628320078629e-09
5.482390980715924449e-03 2.205205716703940898e-09
5.545874076312003707e-03 2.208044799286803674e-09
5.610092271509814314e-03 2.219354027029178509e-09
5.675054078361577332e-03 2.200601090711614513e-09
5.740768107484413990e-03 2.223273046757709724e-09
5.807243069201712196e-03 2.203598976330842827e-09
5.874487774697645728e-03 2.208559234729501679e-09
5.942511137185094161e-03 2.223954009313531323e-09
6.011322173087065013e-03 2.203006009868042809e-09
6.080930003231838424e-03 2.205278710028714646e-09
6.151343854061904620e-03 2.221092310229948333e-09
6.222573058856926617e-03 2.213764636703847392e-09
6.294627058970836582e-03 2.200361994832413967e-09
6.367515405083306983e-03 2.199845588396036830e-09
6.441247758465666780e-03 2.211051761115506113e-09
6.515833892261499449e-03 2.220407762416637252e-09
6.591283692782034728e-03 2.214964395715255016e-09
6.667607160816618576e-03 2.206177067107068883e-09
6.744814412958264824e-03 2.199710828959138186e-09
6.822915682944625040e-03 2.198249960765767995e-09
6.901921323014425201e-03 2.197376810148381490e-09
6.981841805279687466e-03 2.194369006840297939e-09
7.062687723113768301e-03 2.197497474463600600e-09
7.144469792555517389e-03 2.194182902962044087e-09
7.227198853729638849e-03 2.196089366876933170e-09
7.310885872283589583e-03 2.192531619935749838e-09
7.395541940841034688e-03 2.194573577661173314e-09
7.481178280472170448e-03 2.198551296961175854e-09
7.567806242181043287e-03 2.203773616713765000e-09
7.655437308410150896e-03 2.211438667491909424e-09
7.744083094562405345e-03 2.207061710064613140e-09
7.833755350540741805e-03 2.197673065591235435e-09
7.924465962305568892e-03 2.192466585272618429e-09
8.016226953450207235e-03 2.200916928939869671e-09
8.109050486794647586e-03 2.208608787381153288e-09
8.202948865997691796e-03 2.196520246414925458e-09
8.297934537187804521e-03 2.194330756663998255e-09
8.394020090612802285e-03 2.206188718679389085e-09
8.491218262308719913e-03 2.188625017996761976e-09
8.589541935787937607e-03 2.200772503552962014e-09
8.689004143746880890e-03 2.193945033554782053e-09
8.789618069793463453e-03 2.194446529577833130e-09
8.891397050194612892e-03 2.196582741921226733e-09
8.994354575643934840e-03 2.196471499285942569e-09
9.098504293049919714e-03 2.193382003585486273e-09
9.203860007344778771e-03 2.198162586090669509e-09
9.310435683314336255e-03 2.186081513983187188e-09
9.418245447448998428e-03 2.198223150178921706e-09
9.527303589816238372e-03 2.196517944992764265e-09
9.637624565954681574e-03 2.185251400285941561e-09
9.749222998790225969e-03 2.192102873960810510e-09
9.862113680574265823e-03 2.196629423873114393e-09
9.976311574844402841e-03 2.193249394436151450e-09
1.009183181840780756e-02 2.185755344240038931e-09
1.020868972334764563e-02 2.181386865062012123e-09
1.032690077905264354e-02 2.183581068408285744e-09
1.044648065427019115e-02 2.184945750893037298e-09
1.056744519918323584e-02 2.184474831321912182e-09
1.068981044751115932e-02 2.183509310619854066e-09
1.081359261863509835e-02 2.181589837455145574e-09
1.093880811974775637e-02 2.179076819367330687e-09
1.106547354802819329e-02 2.177783859564945733e-09
1.119360569284169951e-02 2.180298528992107178e-09
1.132322153796529868e-02 2.187076651130023870e-09
1.145433826383886189e-02 2.188550743626197930e-09
1.158697324984239718e-02 2.185987850277448323e-09
1.172114407659961138e-02 2.174748260164490102e-09
1.185686852830827517e-02 2.185108312337544824e-09
1.199416459509744862e-02 2.174586936985480931e-09
1.213305047541208236e-02 2.174368488949827525e-09
1.227354457842515234e-02 2.182804217329434706e-09
1.241566552647785024e-02 2.173987969247994917e-09
1.255943215754789545e-02 2.181388148310753551e-09
1.270486352774653251e-02 2.173043817689855602e-09
1.285197891384432141e-02 2.173825263445116786e-09
1.300079781582635929e-02 2.179528961760143294e-09
1.315133995947690565e-02 2.170375201411918957e-09
1.330362529899405295e-02 2.171568595090894975e-09
1.345767401963458149e-02 2.175265714229718779e-09
1.361350654038956040e-02 2.176940900777250346e-09
1.377114351669082859e-02 2.175030512520798260e-09
1.393060584314884456e-02 2.170712243783967795e-09
1.409191465632227309e-02 2.167853820872393243e-09
1.425509133751954628e-02 2.166947778929488373e-09
1.442015751563302701e-02 2.166804460458050870e-09
1.458713507000582686e-02 2.170307839190129816e-09
1.475604613333193239e-02 2.171053594341961954e-09
1.492691309458980126e-02 2.168298763117682509e-09
1.509975860201007852e-02 2.161311814823998480e-09
1.527460556607755995e-02 2.161974726382522366e-09
1.545147716256795901e-02 2.168728464583422644e-09
1.563039683561977602e-02 2.159945187406015002e-09
1.581138830084189567e-02 2.162051955843802514e-09
1.599447554845698227e-02 2.160406922196146657e-09
1.617968284648142047e-02 2.164472024095899342e-09
1.636703474394191060e-02 2.156096414831369186e-09
1.655655607412955324e-02 2.163494245627781416e-09
1.674827195789137593e-02 2.161288573240779208e-09
1.694220780696012799e-02 2.153883957067986221e-09
1.713838932732252018e-02 2.154460723416496148e-09
1.733684252262658251e-02 2.168246843017959593e-09
1.753759369762839665e-02 2.158324782119995504e-09
1.774066946167878259e-02 2.158435635512408133e-09
1.794609673225026208e-02 2.157045894357147204e-09
1.815390273850506567e-02 2.153867955696928015e-09
1.836411502490422828e-02 2.149574519571053836e-09
1.857676145485861671e-02 2.149426973279559408e-09
1.879187021442221134e-02 2.154787719692634509e-09
1.900946981602805869e-02 2.151502695896180685e-09
1.922958910226767182e-02 2.147070699276397627e-09
1.945225724971402087e-02 2.152381243492287175e-09
1.967750377278887700e-02 2.145395960347742438e-09
1.990535852767486361e-02 2.152471600635333239e-09
2.013585171627295042e-02 2.145602455590249193e-09
2.036901389020562628e-02 2.142577124026292378e-09
2.060487595486651738e-02 2.144450017293879514e-09
2.084346917351677028e-02 2.144364928492302515e-09
2.108482517142910850e-02 2.144317684019069074e-09
2.132897594007962527e-02 2.146078476307686963e-09
2.157595384138826650e-02 2.144425857793972555e-09
2.182579161200829884e-02 2.146459387535297927e-09
2.207852236766562337e-02 2.137767165339586011e-09
2.233417960754814982e-02 2.137040421200383106e-09
2.259279721874613012e-02 2.141295443644943238e-09
2.285440948074375644e-02 2.135926524759915185e-09
2.311905106996301265e-02 2.139096678950971907e-09
2.338675706435990390e-02 2.132923013748156030e-09
2.365756294807403598e-02 2.128907305418027026e-09
2.393150461613192254e-02 2.135885569967522064e-09
2.420861837920496376e-02 2.131928939628898583e-09
2.448894096842230139e-02 2.130209099906841215e-09
2.477250954023949708e-02 2.121422239964800933e-09
2.505936168136362052e-02 2.128318039766394169e-09
2.534953541373521912e-02 2.128238350224595641e-09
2.564306919956823444e-02 2.129971946044459574e-09
2.594000194644804219e-02 2.130236311527863575e-09
2.624037301248863946e-02 2.125483764294384028e-09
2.654422221154941960e-02 2.129350504292203025e-09
2.685158981851263130e-02 2.124456044191511171e-09
2.716251657462164654e-02 2.127747676200875069e-09
2.747704369288123810e-02 2.124125686741235346e-09
2.779521286352018214e-02 2.119714245218992864e-09
2.811706625951744878e-02 2.120710900181050902e-09
2.844264654219206059e-02 2.121088971881847811e-09
2.877199686685785740e-02 2.118850413519669993e-09
2.910516088854357350e-02 2.119241249078074326e-09
2.944218276777944496e-02 2.121514667549082423e-09
2.978310717645051356e-02 2.117021920770600701e-09
3.012797930371790070e-02 2.119052131410607864e-09
3.047684486200846407e-02 2.117696891030668944e-09
3.082975009307410696e-02 2.118114636898693739e-09
3.118674177412095530e-02 2.114900957539499924e-09
3.154786722400967913e-02 2.112438245099673336e-09
3.191317430952744089e-02 2.111591848242958690e-09
3.228271145173277484e-02 2.111033855434215855e-09
3.265652763237360950e-02 2.110338893249863371e-09
3.303467240037977898e-02 2.113288215507269605e-09
3.341719587843073463e-02 2.110221089815135757e-09
3.380414876959907805e-02 2.110611457362810796e-09
3.419558236407146262e-02 2.106729905310566319e-09
3.459154854594680834e-02 2.109571291744517649e-09
3.499209980011368931e-02 2.112014726231916246e-09
3.539728921920690108e-02 2.108160110936327675e-09
3.580717051064509493e-02 2.106750071576878897e-09
3.622179800374948633e-02 2.106790053903579396e-09
3.664122665694520553e-02 2.102036617407112362e-09
3.706551206504588025e-02 2.104970269687937205e-09
3.749471046662278262e-02 2.101904258955795633e-09
3.792887875145917187e-02 2.101970853570375594e-09
3.836807446809096384e-02 2.099090162472613587e-09
3.881235583143458762e-02 2.098502357216179803e-09
3.926178173050358378e-02 2.098070866756737648e-09
3.971641173621406201e-02 2.097379739624733105e-09
4.017630610928087792e-02 2.098814558938035502e-09
4.064152580820496602e-02 2.093882612526172011e-09
4.111213249735355679e-02 2.097347446859930592e-09
4.158818855513353452e-02 2.094374832215360788e-09
4.206975708225977467e-02 2.092102033197529512e-09
4.255690191011882867e-02 2.091051438347547014e-09
4.304968760923003068e-02 2.091172726163975023e-09
4.354817949780401959e-02 2.090231235732244627e-09
4.405244365040068139e-02 2.091398607784791136e-09
4.456254690668728924e-02 2.087749184884628096e-09
4.507855688029784730e-02 2.087610751167330745e-09
4.560054196779547708e-02 2.088954148714444269e-09
4.612857135773813788e-02 2.086780581937149258e-09
4.666271503984956853e-02 2.087703629366517352e-09
4.720304381429617224e-02 2.080407978793136819e-09
4.774962930107178732e-02 2.086392747888053541e-09
4.830254394949064223e-02 2.075607130090713451e-09
4.886186104779054878e-02 2.083880047054321806e-09
4.942765473284693734e-02 2.099234829989378802e-09
4.999999999999998196e-02 2.081227607237192933e-09
5.057897271299490599e-02 2.081223881592584370e-09
5.116464961403772299e-02 2.078595402271212576e-09
5.175710833396719723e-02 2.079447242728100803e-09
5.235642740254497357e-02 2.076077887605316717e-09
5.296268625886441789e-02 2.079913397318196449e-09
5.357596526188034003e-02 2.073933912642047486e-09
5.419634570106018207e-02 2.073267394011634450e-09
5.482390980715924622e-02 2.074729089509490799e-09
5.545874076312003881e-02 2.071527665382189311e-09
5.610092271509820039e-02 2.071366046015698501e-09
5.675054078361576465e-02 2.072695193076814057e-09
5.740768107484413990e-02 2.069993720597395040e-09
5.807243069201711849e-02 2.067576311435114430e-09
5.874487774697650933e-02 2.070166185382125143e-09
5.942511137185093467e-02 2.067345177995373626e-09
6.011322173087065013e-02 2.066340692655657250e-09
6.080930003231838771e-02 2.066906574053613556e-09
6.151343854061905314e-02 2.066759941676547602e-09
6.222573058856927658e-02 2.063288419620254832e-09
6.294627058970836408e-02 2.067160575201539559e-09
6.367515405083307156e-02 2.062736705803805685e-09
6.441247758465666606e-02 2.062381879621101820e-09
6.515833892261499449e-02 2.060696038155482222e-09
6.591283692782035075e-02 2.057082049961162966e-09
6.667607160816618750e-02 2.058173185794481500e-09
6.744814412958265171e-02 2.058621533598924771e-09
6.822915682944626081e-02 2.056357851101664221e-09
6.901921323014426068e-02 2.057304441051215293e-09
6.981841805279687119e-02 2.054693552690765965e-09
7.062687723113769689e-02 2.040939922783211548e-09
7.144469792555516174e-02 2.068377078897702493e-09
7.227198853729638328e-02 2.051767723400250001e-09
7.310885872283590103e-02 2.052367365287782095e-09
7.395541940841034168e-02 2.054164147784516202e-09
7.481178280472169928e-02 2.051139384544422070e-09
7.567806242181042420e-02 2.049009802416469688e-09
7.655437308410149855e-02 2.047422127295744047e-09
7.744083094562403957e-02 2.047587887874211864e-09
7.833755350540749784e-02 2.048553415691540710e-09
7.924465962305569933e-02 2.045299917186245073e-09
8.016226953450207582e-02 2.046250218212572907e-09
8.109050486794648627e-02 2.045406510658487297e-09
8.202948865997691796e-02 2.042821773125192588e-09
8.297934537187805215e-02 2.043100261793491377e-09
8.394020090612801244e-02 2.040713778071619029e-09
8.491218262308720954e-02 2.039271591115332268e-09
8.589541935787936566e-02 2.038932867938552046e-09
8.689004143746878461e-02 2.038552558767452483e-09
8.789618069793463107e-02 2.037386490914235593e-09
8.891397050194613239e-02 2.036658575757045040e-09
8.994354575643938310e-02 2.036214026612041821e-09
9.098504293049922143e-02 2.035658723728201522e-09
9.203860007344781546e-02 2.034645961844051104e-09
9.310435683314335908e-02 2.034550417599679419e-09
9.418245447449000163e-02 2.032105300605221664e-09
9.527303589816239759e-02 2.030532389956090476e-09
9.637624565954681921e-02 2.031002175980887301e-09
9.749222998790225969e-02 2.029389741564258343e-09
9.862113680574265129e-02 2.048135236396152136e-09
9.976311574844401453e-02 2.028398958285203786e-09
1.009183181840780652e-01 2.029771514226388782e-09
1.020868972334764563e-01 2.024674310611293677e-09
1.032690077905264459e-01 2.025871732549232311e-09
1.044648065427020295e-01 2.024598103789275129e-09
1.056744519918323688e-01 2.023029800396437611e-09
1.068981044751115966e-01 2.021840274855089748e-09
1.081359261863509835e-01 2.021148575634784353e-09
1.093880811974775741e-01 2.021592113387481559e-09
1.106547354802819155e-01 2.021344532164760705e-09
1.119360569284169882e-01 2.020071195654295814e-09
1.132322153796529590e-01 2.018163467877348191e-09
1.145433826383886050e-01 2.017411455070448836e-09
1.158697324984239718e-01 2.010827712928119804e-09
1.172114407659961138e-01 2.016420165661749621e-09
1.185686852830827448e-01 2.012835790679356315e-09
1.199416459509744792e-01 2.013577929954800030e-09
1.213305047541208270e-01 2.013701830198123270e-09
1.227354457842515373e-01 2.010836286388446596e-09
1.241566552647785093e-01 2.009198227743595864e-09
1.255943215754789510e-01 2.010417051238511539e-09
1.270486352774652938e-01 2.004179792244345828e-09
1.285197891384432245e-01 2.009747379743086310e-09
1.300079781582635929e-01 2.007882074696097294e-09
1.315133995947690426e-01 2.006896439625561837e-09
1.330362529899405399e-01 2.008319745999974869e-09
1.345767401963458010e-01 2.003144142704757775e-09
1.361350654038956109e-01 2.003276100221431836e-09
1.377114351669082859e-01 2.003496583023889035e-09
1.393060584314886052e-01 2.005390603150824863e-09
1.409191465632227136e-01 2.002498981332199262e-09
1.425509133751954594e-01 2.002990915579001582e-09
1.442015751563302528e-01 1.999684718931385840e-09
1.458713507000582721e-01 1.998739383070849496e-09
1.475604613333193205e-01 1.999397708688955411e-09
1.492691309458979987e-01 1.996918408409486279e-09
1.509975860201007714e-01 1.997221210654705254e-09
1.527460556607755926e-01 1.996425302265186599e-09
1.545147716256795867e-01 1.995844978213111890e-09
1.563039683561977811e-01 1.995348526263846866e-09
1.581138830084189428e-01 1.992697750941671158e-09
1.599447554845698227e-01 1.992656699902882591e-09
1.617968284648142185e-01 1.990804654750411843e-09
1.636703474394191060e-01 1.991730323656153906e-09
1.655655607412955255e-01 1.989826416105120121e-09
1.674827195789137801e-01 1.986397354572282680e-09
1.694220780696013284e-01 1.987947477592537448e-09
1.713838932732252018e-01 1.985721985921930115e-09
1.733684252262658043e-01 1.984701390965654959e-09
1.753759369762839249e-01 1.984595112689872946e-09
1.774066946167878189e-01 1.984159334190824976e-09
1.794609673225026625e-01 1.984870802454251328e-09
1.815390273850506775e-01 1.984245957466616936e-09
1.836411502490422898e-01 1.983631713053135295e-09
1.857676145485863684e-01 1.972283490749366257e-09
1.879187021442221273e-01 1.978931448257285915e-09
1.900946981602806007e-01 1.981930923177355378e-09
1.922958910226767459e-01 2.008489220605194493e-09
1.945225724971401948e-01 1.965810944427557338e-09
1.967750377278887908e-01 1.976956733520949572e-09
1.990535852767486291e-01 1.975418146350106511e-09
2.013585171627295112e-01 1.960912881978792227e-09
2.036901389020562836e-01 1.973318697041518606e-09
2.060487595486651669e-01 1.969517476607478758e-09
2.084346917351677098e-01 1.971565514903453571e-09
2.108482517142910850e-01 1.971466094551128882e-09
2.132897594007962250e-01 1.970722485928944301e-09
2.157595384138826788e-01 1.958576452596815844e-09
2.182579161200829954e-01 1.967984925837639463e-09
2.207852236766562337e-01 1.967458106572689840e-09
2.233417960754814635e-01 1.968323967710145881e-09
2.259279721874612734e-01 1.965906241890054851e-09
2.285440948074375644e-01 1.965148570132867562e-09
2.311905106996301196e-01 1.960344026899320750e-09
2.338675706435990320e-01 1.961151046999163189e-09
2.365756294807403459e-01 1.962175261973957674e-09
2.393150461613192115e-01 1.961204727201014769e-09
2.420861837920496862e-01 1.961950277669696804e-09
2.448894096842230417e-01 1.958027180357470197e-09
2.477250954023952345e-01 1.977815164210020977e-09
2.505936168136362330e-01 1.958834215422554676e-09
2.534953541373521912e-01 1.958048425694098202e-09
2.564306919956823583e-01 1.956983149227463527e-09
2.594000194644804358e-01 1.956547961403204212e-09
2.624037301248863807e-01 1.955743108408834659e-09
2.654422221154941752e-01 1.953676919196834663e-09
2.685158981851262783e-01 1.993763732837132948e-09
2.716251657462164792e-01 1.951376180358371326e-09
2.747704369288123671e-01 1.950524934927769930e-09
2.779521286352018006e-01 1.950720044367393934e-09
2.811706625951744809e-01 1.949147014791086515e-09
2.844264654219206268e-01 1.946138822750449340e-09
2.877199686685785740e-01 1.947580420686417033e-09
2.910516088854356864e-01 1.945434689927425218e-09
2.944218276777944010e-01 1.946971673429066211e-09
2.978310717645051287e-01 2.035738490369146241e-09
3.012797930371790001e-01 1.942717123728312794e-09
3.047684486200846199e-01 1.943194642016291804e-09
3.082975009307410419e-01 1.943502791561866281e-09
3.118674177412095183e-01 1.953218632533333994e-09
3.154786722400967358e-01 1.940881593145672612e-09
3.191317430952744227e-01 1.940573476576236003e-09
3.228271145173277623e-01 1.931976828385053853e-09
3.265652763237361089e-01 1.938359436986680602e-09
3.303467240037981645e-01 1.936902560625966478e-09
3.341719587843073880e-01 1.935984115563575933e-09
3.380414876959909054e-01 1.947433423133244871e-09
3.419558236407145846e-01 1.935816090126036471e-09
3.459154854594680417e-01 1.934516540148635204e-09
3.499209980011368515e-01 1.932744937609578900e-09
3.539728921920690108e-01 1.932214858821575367e-09
3.580717051064509771e-01 1.929970288817094868e-09
3.622179800374948910e-01 1.931248116097894807e-09
3.664122665694522496e-01 1.960016535240131764e-09
3.706551206504588025e-01 1.929710393712350843e-09
3.749471046662278817e-01 1.926504537184442916e-09
3.792887875145917742e-01 1.924883401641487734e-09
3.836807446809096245e-01 1.925664212495862490e-09
3.881235583143459178e-01 1.923561925712748568e-09
3.926178173050358100e-01 1.924245087387685555e-09
3.971641173621405785e-01 1.924671204919040964e-09
4.017630610928087931e-01 1.922280903792136707e-09
4.064152580820497018e-01 1.922292094462363117e-09
4.111213249735355402e-01 1.920248044817976982e-09
4.158818855513353729e-01 1.919262779517392871e-09
4.206975708225977328e-01 1.915335439232237094e-09
4.255690191011883283e-01 1.918584303250090164e-09
4.304968760923003068e-01 1.901595876754636668e-09
4.354817949780401820e-01 1.915408390397648643e-09
4.405244365040072441e-01 1.915316712652515092e-09
4.456254690668728924e-01 1.909720794781088536e-09
4.507855688029784313e-01 1.913444338533984760e-09
4.560054196779547708e-01 1.912420385241130446e-09
4.612857135773818507e-01 1.911205712463787003e-09
4.666271503984956159e-01 1.895562649718922409e-09
4.720304381429616947e-01 1.908686450867320439e-09
4.774962930107178871e-01 1.906606293660009215e-09
4.830254394949065055e-01 1.909090347525296650e-09
4.886186104779055572e-01 1.877161258558981877e-09
4.942765473284694844e-01 1.906154816673758738e-09
5.000000000000000000e-01 1.906015446250590252e-09
5.235642740254496941e-01 1.909651561658544937e-09
5.482390980715925455e-01 1.895525921835753652e-09
5.740768107484413019e-01 1.893280303063177187e-09
6.011322173087064735e-01 1.892021664813060201e-09
6.294627058970835298e-01 1.884000508258054105e-09
6.591283692782035075e-01 1.885100682238561838e-09
6.901921323014423848e-01 1.879813342382471175e-09
7.227198853729638328e-01 1.878082541524106267e-09
7.567806242181041032e-01 1.874538589556576750e-09
7.924465962305566880e-01 1.868236708265764745e-09
8.297934537187803272e-01 1.865878129348332964e-09
8.689004143746876796e-01 1.881551381574022886e-09
9.098504293049917147e-01 1.852558806110955274e-09
9.527303589816236151e-01 1.851163674345583894e-09
9.976311574844398677e-01 1.850806826398722880e-09
1.044648065427019601e+00 1.850502189215071365e-09
1.093880811974776268e+00 1.845874032409389270e-09
1.145433826383886355e+00 1.840536276252830785e-09
1.199416459509745181e+00 1.844509843209394792e-09
1.255943215754790065e+00 1.842109860733903961e-09
1.315133995947690870e+00 1.869257150140037269e-09
1.377114351669083137e+00 1.828862311451494127e-09
1.442015751563303194e+00 1.827735691438034231e-09
1.509975860201008047e+00 1.824033121343495790e-09
1.581138830084189539e+00 1.794806332371494884e-09
1.655655607412955588e+00 1.827346417978025316e-09
1.733684252262658321e+00 1.811774235102436792e-09
1.815390273850506775e+00 1.808378458041788948e-09
1.900946981602805730e+00 1.804237638814868143e-09
1.990535852767486125e+00 1.802899405557247575e-09
2.084346917351676876e+00 1.799032989352596777e-09
2.182579161200830065e+00 1.794281582990413981e-09
2.285440948074375367e+00 1.791306777631280446e-09
2.393150461613192004e+00 1.786714374209331217e-09
2.505936168136361886e+00 1.785060426229025541e-09
2.624037301248862697e+00 1.777502957528115358e-09
2.747704369288122450e+00 1.776816567402963580e-09
2.877199686685784741e+00 1.774539048780099326e-09
3.012797930371788890e+00 1.771694845286934152e-09
3.154786722400966248e+00 1.764741943539677694e-09
3.303467240037980091e+00 1.768329503425675117e-09
3.459154854594681971e+00 1.762803914714674925e-09
3.622179800374950354e+00 1.759043326974912926e-09
3.792887875145919185e+00 1.754992898419801565e-09
3.971641173621408338e+00 1.750121246680811168e-09
4.158818855513356283e+00 1.742134989892813894e-09
4.354817949780404263e+00 1.744608371372740362e-09
4.560054196779547375e+00 1.741812238999209745e-09
4.774962930107178316e+00 1.742895744920820429e-09
5.000000000000000000e+00 1.735850971376734531e-09
6.294627058970836408e+00 1.723482288328220413e-09
7.924465962305568212e+00 1.692311843235935983e-09
9.976311574844396901e+00 1.691082366436432433e-09
1.255943215754790110e+01 1.673072299666752715e-09
1.581138830084189451e+01 1.652456660982116204e-09
1.990535852767486347e+01 1.635319726931742398e-09
2.505936168136361886e+01 1.617630369043984271e-09
3.154786722400966426e+01 1.605898544272581338e-09
3.971641173621406296e+01 1.587488925233646815e-09
4.999999999999999289e+01 1.571308182633547633e-09
