3.082975009307410534e-05 1.301250710754018315e-13
3.154786722400964650e-05 2.531632348065901712e-13
3.228271145173280656e-05 5.979354996615813496e-13
3.303467240037981687e-05 1.158013926687686218e-12
3.380414876959908759e-05 1.931657276330295361e-12
3.459154854594680595e-05 2.925175502970054684e-12
3.539728921920685885e-05 4.142130921838167914e-12
3.622179800374952406e-05 5.593930890041198889e-12
3.706551206504588155e-05 7.299143172013767070e-12
3.792887875145917236e-05 9.268804477527301329e-12
3.881235583143463039e-05 1.152411999711352536e-11
3.971641173621410364e-05 1.408115424190605433e-11
4.064152580820496591e-05 1.696717215963147287e-11
4.158818855513353842e-05 2.022090087582937751e-11
4.255690191011878395e-05 2.385076480540230930e-11
4.354817949780398050e-05 2.790386638996446817e-11
4.456254690668729390e-05 3.242580673209699001e-11
4.560054196779547508e-05 3.743182369760625204e-11
4.666271503984952289e-05 4.299978037197781181e-11
4.774962930107183736e-05 4.912843214912296615e-11
4.886186104779054808e-05 5.589132672298395045e-11
4.999999999999998884e-05 6.333832216431876812e-11
5.057897271299490442e-05 6.731879741361316054e-11
5.116464961403767209e-05 7.152800583971321573e-11
5.175710833396714221e-05 7.590269031654048098e-11
5.235642740254491318e-05 8.049599742756702461e-11
5.296268625886447866e-05 8.530441360866521500e-11
5.357596526188034176e-05 9.038394865234229643e-11
5.419634570106018624e-05 9.561947035964186409e-11
5.482390980715924394e-05 1.011281183841393838e-10
5.545874076312003680e-05 1.068918636562901530e-10
5.610092271509813691e-05 1.129129126961011671e-10
5.675054078361570665e-05 1.192136593404473713e-10
5.740768107484407919e-05 1.258109726033555637e-10
5.807243069201718186e-05 1.326821130546711319e-10
5.874487774697651393e-05 1.398178685025825312e-10
5.942511137185093809e-05 1.472894072426720600e-10
6.011322173087064877e-05 1.550965151803491266e-10
6.080930003231838695e-05 1.632493867210546578e-10
6.151343854061905325e-05 1.717185610128750588e-10
6.222573058856921034e-05 1.805278440537317577e-10
6.294627058970830402e-05 1.897760385304960687e-10
6.367515405083314138e-05 1.993175181361779348e-10
6.441247758465673719e-05 2.093121944584257044e-10
6.515833892261499124e-05 2.197082356185587138e-10
6.591283692782035650e-05 2.305198713052580083e-10
6.667607160816619769e-05 2.417545402322804609e-10
6.744814412958265366e-05 2.534361078802183099e-10
6.822915682944618535e-05 2.655713534884093543e-10
6.901921323014417829e-05 2.781973547702072979e-10
6.981841805279679497e-05 2.912902621595488640e-10
7.062687723113775782e-05 3.049144362526921341e-10
7.144469792555517389e-05 3.190240170953916438e-10
7.227198853729638578e-05 3.337422612797370857e-10
7.310885872283590017e-05 3.489302497911340837e-10
7.395541940841035122e-05 3.645950998502058646e-10
7.481178280472162371e-05 3.809466887646648492e-10
7.567806242181034505e-05 3.978507824539140949e-10
7.655437308410142656e-05 4.154027093219849274e-10
7.744083094562412067e-05 4.334764867187232621e-10
7.833755350540748852e-05 4.521980418918446813e-10
7.924465962305569597e-05 4.715212082605037480e-10
8.016226953450208102e-05 4.916012413267562199e-10
8.109050486794647857e-05 5.122847497694299984e-10
8.202948865997692718e-05 5.336601395392816975e-10
8.297934537187796715e-05 5.558676892542336180e-10
8.394020090612792852e-05 5.785037937017133189e-10
8.491218262308728262e-05 6.020499703918113387e-10
8.589541935787945305e-05 6.261660322414592986e-10
8.689004143746881595e-05 6.511910507063570556e-10
8.789618069793464267e-05 6.767943582936100251e-10
8.891397050194613488e-05 7.033547247260301428e-10
8.994354575643936521e-05 7.303885173092926419e-10
9.098504293049911853e-05 7.584215708185113638e-10
9.203860007344770748e-05 7.870097356656868462e-10
9.310435683314326931e-05 8.164332626226939923e-10
9.418245447449009216e-05 8.467401089620830165e-10
9.527303589816239347e-05 8.776849241441376557e-10
9.637624565954680924e-05 9.093866285356939440e-10
9.749222998790225210e-05 9.419554507383901350e-10
9.862113680574265443e-05 9.751503461364835798e-10
9.976311574844392432e-05 1.009222276151206756e-09
1.009183181840780691e-04 1.043829531430010071e-09
1.020868972334764650e-04 1.079246148318664191e-09
1.032690077905264333e-04 1.115488024053970731e-09
1.044648065427019099e-04 1.152290570237203568e-09
1.056744519918323676e-04 1.189819347586924038e-09
1.068981044751116051e-04 1.228091869807810067e-09
1.081359261863509824e-04 1.266995980540305638e-09
1.093880811974775783e-04 1.306485875739330342e-09
1.106547354802819166e-04 1.346246255683125190e-09
1.119360569284169843e-04 1.386949466643011323e-09
1.132322153796529580e-04 1.427696996178068452e-09
1.145433826383886026e-04 1.469365964977166692e-09
1.158697324984239615e-04 1.511019325051578239e-09
1.172114407659961296e-04 1.553317648006902983e-09
1.185686852830827555e-04 1.595766554754282297e-09
1.199416459509744813e-04 1.638284913575059518e-09
1.213305047541207081e-04 1.681188812044845828e-09
1.227354457842515364e-04 1.723899813442462453e-09
1.241566552647784948e-04 1.767116033904429069e-09
1.255943215754789502e-04 1.809867374434660378e-09
1.270486352774653110e-04 1.852802618324846080e-09
1.285197891384432108e-04 1.895269460791160914e-09
1.300079781582635788e-04 1.937793546497776099e-09
1.315133995947690435e-04 1.979674816625451773e-09
1.330362529899403897e-04 2.021501918277256137e-09
1.345767401963458333e-04 2.062233804832673475e-09
1.361350654038956344e-04 2.102120922689900506e-09
1.377114351669082826e-04 2.141433043926527121e-09
1.393060584314884456e-04 2.180181323786417082e-09
1.409191465632227234e-04 2.217600868616567952e-09
1.425509133751954596e-04 2.253705510454039151e-09
1.442015751563302474e-04 2.288458319015614267e-09
1.458713507000582675e-04 2.321670315928706449e-09
1.475604613333193142e-04 2.354107823983447946e-09
1.492691309458979746e-04 2.384394925913560801e-09
1.509975860201007907e-04 2.413048618598474502e-09
1.527460556607755941e-04 2.439608530191381761e-09
1.545147716256795760e-04 2.464285936828777390e-09
1.563039683561977700e-04 2.486784657456208319e-09
1.581138830084189426e-04 2.507175661437796782e-09
1.599447554845698401e-04 2.524203040466464443e-09
1.617968284648140247e-04 2.539053153454335196e-09
1.636703474394191234e-04 2.552128210602984933e-09
1.655655607412955237e-04 2.561916515293665729e-09
1.674827195789137550e-04 2.568566993704959319e-09
1.694220780696013395e-04 2.572261499074181852e-09
1.713838932732251867e-04 2.573685892014973223e-09
1.733684252262658175e-04 2.570815393128626163e-09
1.753759369762839622e-04 2.565617659828802974e-09
1.774066946167876340e-04 2.556938298657482080e-09
1.794609673225026631e-04 2.545026058823401003e-09
1.815390273850506729e-04 2.529999834285855210e-09
1.836411502490422785e-04 2.511605312383238628e-09
1.857676145485863753e-04 2.489934016292771733e-09
1.879187021442221307e-04 2.465475654629456411e-09
1.900946981602805912e-04 2.437297094809761109e-09
1.922958910226767171e-04 2.406474949245761198e-09
1.945225724971401946e-04 2.372413906678506217e-09
1.967750377278885748e-04 2.335853836268707472e-09
1.990535852767486220e-04 2.296216333200532753e-09
2.013585171627295032e-04 2.254145023354110121e-09
2.036901389020562758e-04 2.210330641849215317e-09
2.060487595486651640e-04 2.164098830853814962e-09
2.084346917351676985e-04 2.115746020364707150e-09
2.108482517142910915e-04 2.066299869552781730e-09
2.132897594007962310e-04 2.015061308451926636e-09
2.157595384138824807e-04 1.963387924543387968e-09
2.182579161200830003e-04 1.911090643121517231e-09
2.207852236766562250e-04 1.858597557514588674e-09
2.233417960754814700e-04 1.806859445159683094e-09
2.259279721874612654e-04 1.754963224763606154e-09
2.285440948074375482e-04 1.704661749258853331e-09
2.311905106996301417e-04 1.655588870071207222e-09
2.338675706435990400e-04 1.608527219725107048e-09
2.365756294807401202e-04 1.564076812841260659e-09
2.393150461613192416e-04 1.522558806022755593e-09
2.420861837920496669e-04 1.483854325598794115e-09
2.448894096842230486e-04 1.449420765150865689e-09
2.477250954023952571e-04 1.418946786635671901e-09
2.505936168136362096e-04 1.393270815989948560e-09
2.534953541373521587e-04 1.372629705347380985e-09
2.564306919956823639e-04 1.356866217969335914e-09
2.594000194644803916e-04 1.346861686285881213e-09
2.624037301248860888e-04 1.342521043902371688e-09
2.654422221154941939e-04 1.344207468796931098e-09
2.685158981851263043e-04 1.351758761404628110e-09
2.716251657462165044e-04 1.366198912690134662e-09
2.747704369288123854e-04 1.385680464920654581e-09
2.779521286352018127e-04 1.411808106309743972e-09
2.811706625951744943e-04 1.443729655127727389e-09
2.844264654219205712e-04 1.481093476728440183e-09
2.877199686685782661e-04 1.524000349854393897e-09
2.910516088854357393e-04 1.571466354716208341e-09
2.944218276777944170e-04 1.623566430738739938e-09
2.978310717645051204e-04 1.679200459458408802e-09
3.012797930371790027e-04 1.737767451336768229e-09
3.047684486200846234e-04 1.798355574071701332e-09
3.082975009307410263e-04 1.860584454024774007e-09
3.118674177412095313e-04 1.923675741662246082e-09
3.154786722400964379e-04 1.986030373616059970e-09
3.191317430952743915e-04 2.047122670571316239e-09
3.228271145173277267e-04 2.105995441198566841e-09
3.265652763237360972e-04 2.161256457260275229e-09
3.303467240037981823e-04 2.212404268279788713e-09
3.341719587843073962e-04 2.258520637553394684e-09
3.380414876959908759e-04 2.298424172011808483e-09
3.419558236407145655e-04 2.331700097533522107e-09
3.459154854594681137e-04 2.357244494207342479e-09
3.499209980011365223e-04 2.375078625565628593e-09
3.539728921920690086e-04 2.384172008061796823e-09
3.580717051064509905e-04 2.384887855378344224e-09
3.622179800374948611e-04 2.376409946295337676e-09
3.664122665694521551e-04 2.359077680780539713e-09
3.706551206504588155e-04 2.333821487988213547e-09
3.749471046662278739e-04 2.300853418957330054e-09
3.792887875145917100e-04 2.260681954899205371e-09
3.836807446809091808e-04 2.214306113305779154e-09
3.881235583143459109e-04 2.163757804170197251e-09
3.926178173050358226e-04 2.108981783295199659e-09
3.971641173621406028e-04 2.052646290515734452e-09
4.017630610928087857e-04 1.995268570434970357e-09
4.064152580820496862e-04 1.938869487715851527e-09
4.111213249735355181e-04 1.885465710079907944e-09
4.158818855513353300e-04 1.836160536930476182e-09
4.206975708225972935e-04 1.793308705045283180e-09
4.255690191011882867e-04 1.757574759936486662e-09
4.304968760923003155e-04 1.730945194912873586e-09
4.354817949780401981e-04 1.714386741039791948e-09
4.405244365040072822e-04 1.708329359864849934e-09
4.456254690668728577e-04 1.712990528981096271e-09
4.507855688029784470e-04 1.729192083483373223e-09
4.560054196779547643e-04 1.756688578330534811e-09
4.612857135773813463e-04 1.793521068770308996e-09
4.666271503984952018e-04 1.840414023689801845e-09
4.720304381429617636e-04 1.894563161486368840e-09
4.774962930107178993e-04 1.954306692415299131e-09
4.830254394949064960e-04 2.017986055864667074e-09
4.886186104779055486e-04 2.082654288390377585e-09
4.942765473284694211e-04 2.146192038875390053e-09
4.999999999999999020e-04 2.205807409016789650e-09
5.057897271299491120e-04 2.258861238745861777e-09
5.116464961403766531e-04 2.303377720991814926e-09
5.175710833396719507e-04 2.337495922847272575e-09
5.235642740254497010e-04 2.358903625188376436e-09
5.296268625886442309e-04 2.367177120599066616e-09
5.357596526188034176e-04 2.361590686174089368e-09
5.419634570106019031e-04 2.343098068333921544e-09
5.482390980715924666e-04 2.311211384989984695e-09
5.545874076312004358e-04 2.268653505798567007e-09
5.610092271509814097e-04 2.217421588610742955e-09
5.675054078361570394e-04 2.160073196429405561e-09
5.740768107484413340e-04 2.100492827843405358e-09
5.807243069201711546e-04 2.041802436215777565e-09
5.874487774697650716e-04 1.987385329529515156e-09
5.942511137185093944e-04 1.940897868027109317e-09
6.011322173087063929e-04 1.905838157074072521e-09
6.080930003231838424e-04 1.884192590063288874e-09
6.151343854061905054e-04 1.877709901947592711e-09
6.222573058856920762e-04 1.888134023902796424e-09
6.294627058970836365e-04 1.913154916376510669e-09
6.367515405083307633e-04 1.953064040608869534e-09
6.441247758465673719e-04 2.005024449244927143e-09
6.515833892261498582e-04 2.065646704576730750e-09
6.591283692782036463e-04 2.130330807050138396e-09
6.667607160816619227e-04 2.194868083697172275e-09
6.744814412958264824e-04 2.253738546185854549e-09
6.822915682944617451e-04 2.302821539181325234e-09
6.901921323014424334e-04 2.338373542610581716e-09
6.981841805279687899e-04 2.357229374558911257e-09
7.062687723113776324e-04 2.357361780145516666e-09
7.144469792555517389e-04 2.339301690898747305e-09
7.227198853729638849e-04 2.304416649004648148e-09
7.310885872283591101e-04 2.256124698613982483e-09
7.395541940841035122e-04 2.198363736094023327e-09
7.481178280472162642e-04 2.136965354737883010e-09
7.567806242181033963e-04 2.078370951744776225e-09
7.655437308410150245e-04 2.028423491533561782e-09
7.744083094562404478e-04 1.992755837538796187e-09
7.833755350540749394e-04 1.975467356719958620e-09
7.924465962305569326e-04 1.978473597855457338e-09
8.016226953450207018e-04 2.001879966065078033e-09
8.109050486794647586e-04 2.044483169417004566e-09
8.202948865997692447e-04 2.100536361516891443e-09
8.297934537187796715e-04 2.164503677641174103e-09
8.394020090612802068e-04 2.228856004716671597e-09
8.491218262308720130e-04 2.285775464547884896e-09
8.589541935787945847e-04 2.328391716879346028e-09
8.689004143746880239e-04 2.350861332527302520e-09
8.789618069793463453e-04 2.350747761231092413e-09
8.891397050194612675e-04 2.326979351648885250e-09
8.994354575643935708e-04 2.284146054628883475e-09
9.098504293049911040e-04 2.227336902667748184e-09
9.203860007344780506e-04 2.165156103430100032e-09
9.310435683314336689e-04 2.107295070902343736e-09
9.418245447449009487e-04 2.062411777690705066e-09
9.527303589816240974e-04 2.037573425606230209e-09
9.637624565954682008e-04 2.038099773243402719e-09
9.749222998790226836e-04 2.063788731430009466e-09
9.862113680574266256e-04 2.110621689013650997e-09
9.976311574844392432e-04 2.171409788367480217e-09
1.009183181840779715e-03 2.236421592411498527e-09
1.020868972334764650e-03 2.293717255928545485e-09
1.032690077905264224e-03 2.333074859301552087e-09
1.044648065427020156e-03 2.346578282038442449e-09
1.056744519918323541e-03 2.333595128665285254e-09
1.068981044751116105e-03 2.294574504724048801e-09
1.081359261863509879e-03 2.238033523103656869e-09
1.093880811974775810e-03 2.175633871066723366e-09
1.106547354802818028e-03 2.120612120410356148e-09
1.119360569284169734e-03 2.083951290692808206e-09
1.132322153796529608e-03 2.076087157091497492e-09
1.145433826383887056e-03 2.098162765318045086e-09
1.158697324984239588e-03 2.145537697921918926e-09
1.172114407659961052e-03 2.207325910289746320e-09
1.185686852830827474e-03 2.273019579302596028e-09
1.199416459509744732e-03 2.319507584808963756e-09
1.213305047541206891e-03 2.339945415901193339e-09
1.227354457842515364e-03 2.330847222618536692e-09
1.241566552647784894e-03 2.287633645870646775e-09
1.255943215754790803e-03 2.230906370609693595e-09
1.270486352774652947e-03 2.170465161787570598e-09
1.285197891384432054e-03 2.113883352462641150e-09
1.300079781582635843e-03 2.106382384631450189e-09
1.315133995947690435e-03 2.121850271126573498e-09
1.330362529899403951e-03 2.170166363241801554e-09
1.345767401963456761e-03 2.233505219630297291e-09
1.361350654038956127e-03 2.291299626965755871e-09
1.377114351669082772e-03 2.328492277278265089e-09
1.393060584314885974e-03 2.333892068292456449e-09
1.409191465632227396e-03 2.295504153132983238e-09
1.425509133751954758e-03 2.243852300972607412e-09
1.442015751563302745e-03 2.201208376293529316e-09
1.458713507000582730e-03 2.136812811702602081e-09
1.475604613333191895e-03 2.128108634875771353e-09
1.492691309458979909e-03 2.157509003410446660e-09
1.509975860201007635e-03 2.215593411493645707e-09
1.527460556607757513e-03 2.276554418298130281e-09
1.545147716256795815e-03 2.318146951108084699e-09
1.563039683561977646e-03 2.327594525313459285e-09
1.581138830084189480e-03 2.294868233843235117e-09
1.599447554845698401e-03 2.234290240060229480e-09
1.617968284648140355e-03 2.178365560652043178e-09
1.636703474394191234e-03 2.145106039116853162e-09
1.655655607412955237e-03 2.151344843220653553e-09
1.674827195789139285e-03 2.201538620270466434e-09
1.694220780696013449e-03 2.265783335162976165e-09
1.713838932732251975e-03 2.314120617166496677e-09
1.733684252262658121e-03 2.322964597641454365e-09
1.753759369762839405e-03 2.287762955003977083e-09
1.774066946167876177e-03 2.228180226469173810e-09
1.794609673225024517e-03 2.171110692547073086e-09
1.815390273850506567e-03 2.153667056457618261e-09
1.836411502490422785e-03 2.185778588158047446e-09
1.857676145485863536e-03 2.245588341494151587e-09
1.879187021442221524e-03 2.299930109339816205e-09
1.900946981602806129e-03 2.318403673662728237e-09
1.922958910226767442e-03 2.288278944423295918e-09
1.945225724971402217e-03 2.227415420752042023e-09
1.967750377278885965e-03 2.174542984653547580e-09
1.990535852767486274e-03 2.167669903134531645e-09
2.013585171627295303e-03 2.206899412912585197e-09
2.036901389020564709e-03 2.269878908607550965e-09
2.060487595486651478e-03 2.310872666107967986e-09
2.084346917351677202e-03 2.302362945101514589e-09
2.108482517142910590e-03 2.248471935148503144e-09
2.132897594007962527e-03 2.191716926987727221e-09
2.157595384138824915e-03 2.171945915380473129e-09
2.182579161200830058e-03 2.198403283557020056e-09
2.207852236766562250e-03 2.272315701013967240e-09
2.233417960754816977e-03 2.308250523460545668e-09
2.259279721874612491e-03 2.290569935053810685e-09
2.285440948074375211e-03 2.233714719563694144e-09
2.311905106996301092e-03 2.184579415299262259e-09
2.338675706435990129e-03 2.185991514607949935e-09
2.365756294807400822e-03 2.239877214204256412e-09
2.393150461613189652e-03 2.294859812179239434e-09
2.420861837920496723e-03 2.299604784197409311e-09
2.448894096842230052e-03 2.250414937752433199e-09
2.477250954023952137e-03 2.193137359970806691e-09
2.505936168136361879e-03 2.187432591736258229e-09
2.534953541373521912e-03 2.237067292778816627e-09
2.564306919956823531e-03 2.291654813560275275e-09
2.594000194644804132e-03 2.292886178659676107e-09
2.624037301248860997e-03 2.239090180044850089e-09
2.654422221154941613e-03 2.190097497519214769e-09
2.685158981851263043e-03 2.200480194368108432e-09
2.716251657462167429e-03 2.259689381269690610e-09
2.747704369288123637e-03 2.296555436217137759e-09
2.779521286352018561e-03 2.268008245265151760e-09
2.811706625951745052e-03 2.206631213020226743e-09
2.844264654219206146e-03 2.190193307184206391e-09
2.877199686685782878e-03 2.238714752889480723e-09
2.910516088854357610e-03 2.288738129586675469e-09
2.944218276777944496e-03 2.273813598634525750e-09
2.978310717645054565e-03 2.215409792518123486e-09
3.012797930371789810e-03 2.192169856939151822e-09
3.047684486200846234e-03 2.238763040906965210e-09
3.082975009307410696e-03 2.287734027137345325e-09
3.118674177412095096e-03 2.264912229484906357e-09
3.154786722400964270e-03 2.207184618140723934e-09
3.191317430952740879e-03 2.197649894968598779e-09
3.228271145173277484e-03 2.255168934581333380e-09
3.265652763237360864e-03 2.284313919303009378e-09
3.303467240037981714e-03 2.240668772974482731e-09
3.341719587843073637e-03 2.194365183274654372e-09
3.380414876959908759e-03 2.223971854631117788e-09
3.419558236407145655e-03 2.279807266411912029e-09
3.459154854594680920e-03 2.261892002225902237e-09
3.499209980011365115e-03 2.205297819955918338e-09
3.539728921920689761e-03 2.209130071033243197e-09
3.580717051064509580e-03 2.266705753349763650e-09
3.622179800374952623e-03 2.268437823566975562e-09
3.664122665694521767e-03 2.210584098985913891e-09
3.706551206504587938e-03 2.205457660039608169e-09
3.749471046662278956e-03 2.262403411440458580e-09
3.792887875145917534e-03 2.266647621338988661e-09
3.836807446809092567e-03 2.209044091659276617e-09
3.881235583143459542e-03 2.209485476247144131e-09
3.926178173050358551e-03 2.266704990128461706e-09
3.971641173621410364e-03 2.254015405842006731e-09
4.017630610928087966e-03 2.199988597681548336e-09
4.064152580820497296e-03 2.224717696335022272e-09
4.111213249735355506e-03 2.270528084090048454e-09
4.158818855513353625e-03 2.228657626608487962e-09
4.206975708225972610e-03 2.197595246764605949e-09
4.255690191011878530e-03 2.247303150331943501e-09
4.304968760923003589e-03 2.256634737774232658e-09
4.354817949780402306e-03 2.202264666295276953e-09
4.405244365040072822e-03 2.222527582746748505e-09
4.456254690668728577e-03 2.265611327643038104e-09
4.507855688029784036e-03 2.217527961110209459e-09
4.560054196779547535e-03 2.206481190463253963e-09
4.612857135773812921e-03 2.259233554895889063e-09
4.666271503984951476e-03 2.230947571253690410e-09
4.720304381429616877e-03 2.199802633580440656e-09
4.774962930107178559e-03 2.252172185123429206e-09
4.830254394949069947e-03 2.236737882960082715e-09
4.886186104779055052e-03 2.198691226583889119e-09
4.942765473284694427e-03 2.248354538225269474e-09
4.999999999999999237e-03 2.237051504967556558e-09
5.057897271299490252e-03 2.197689767269127000e-09
5.116464961403772820e-03 2.249826125126521287e-09
5.175710833396719723e-03 2.227631205874659519e-09
5.235642740254497010e-03 2.199702248494476337e-09
5.296268625886442309e-03 2.250599319133091489e-09
5.357596526188034176e-03 2.214165339447871354e-09
5.419634570106018380e-03 2.214663865271249514e-09
5.482390980715924449e-03 2.248789525279833030e-09
5.545874076312003707e-03 2.199728680403627046e-09
5.610092271509814314e-03 2.227445793437098253e-09
5.675054078361577332e-03 2.235794912476318961e-09
5.740768107484413990e-03 2.196857540716382254e-09
5.807243069201712196e-03 2.244739881505933309e-09
5.874487774697644861e-03 2.205781312849050792e-09
5.942511137185094161e-03 2.216446212834068021e-09
6.011322173087065013e-03 2.237545164040269755e-09
6.080930003231838424e-03 2.193981886143074196e-09
6.151343854061904620e-03 2.239579057845563618e-09
6.222573058856926617e-03 2.199793775933109232e-09
6.294627058970836582e-03 2.226492124877238628e-09
6.367515405083306983e-03 2.217114670835999524e-09
6.441247758465666780e-03 2.203418084205844860e-09
6.515833892261499449e-03 2.233521636763978270e-09
6.591283692782035596e-03 2.193189603043327164e-09
6.667607160816618576e-03 2.233284353890517149e-09
6.744814412958264824e-03 2.189729870200836646e-09
6.822915682944625040e-03 2.230274007724200592e-09
6.901921323014425201e-03 2.195557229515926545e-09
6.981841805279687466e-03 2.223364934820130635e-09
7.062687723113769168e-03 2.201069920204843198e-09
7.144469792555517389e-03 2.213222502358732716e-09
7.227198853729638849e-03 2.206865579749921389e-09
7.310885872283590450e-03 2.214544401962968500e-09
7.395541940841034688e-03 2.205701863016166407e-09
7.481178280472170448e-03 2.211379596516608174e-09
7.567806242181043287e-03 2.202970065183021645e-09
7.655437308410150896e-03 2.211426456343511415e-09
7.744083094562405345e-03 2.200626715096948904e-09
7.833755350540741805e-03 2.215835599718228281e-09
7.924465962305568892e-03 2.195028383107001056e-09
8.016226953450207235e-03 2.225850961388206203e-09
8.109050486794647586e-03 2.181820088799089681e-09
8.202948865997691796e-03 2.227369087524972842e-09
8.297934537187804521e-03 2.186361710707988698e-09
8.394020090612802285e-03 2.216819792506533753e-09
8.491218262308719913e-03 2.202221674109145906e-09
8.589541935787937607e-03 2.210967429489592127e-09
8.689004143746880890e-03 2.214670940871349797e-09
8.789618069793463453e-03 2.186175445960519510e-09
8.891397050194612892e-03 2.214860777383373883e-09
8.994354575643934840e-03 2.186089418783963588e-09
9.098504293049919714e-03 2.200652894710583171e-09
9.203860007344778771e-03 2.208270861557599675e-09
9.310435683314336255e-03 2.176383924940122769e-09
9.418245447448998428e-03 2.204097935161451875e-09
9.527303589816240106e-03 2.198053385511080529e-09
9.637624565954681574e-03 2.184864557164461139e-09
9.749222998790225969e-03 2.198457259460012434e-09
9.862113680574265823e-03 2.192220722349545325e-09
9.976311574844402841e-03 2.173283555842924736e-09
1.009183181840780756e-02 2.200642493748924904e-09
1.020868972334764563e-02 2.190085818388192899e-09
1.032690077905264354e-02 2.174189731171227521e-09
1.044648065427019115e-02 2.193360040433319944e-09
1.056744519918323584e-02 2.202228617746249029e-09
1.068981044751115932e-02 2.175946700746127977e-09
1.081359261863509835e-02 2.178352959083771722e-09
1.093880811974775637e-02 2.199126777459112670e-09
1.106547354802819329e-02 2.190391994901452821e-09
1.119360569284169951e-02 2.172936041067590612e-09
1.132322153796529694e-02 2.175639773432306703e-09
1.145433826383886189e-02 2.191934302843857724e-09
1.158697324984239718e-02 2.191998343115815585e-09
1.172114407659961138e-02 2.175021961614174564e-09
1.185686852830827517e-02 2.168636657676384808e-09
1.199416459509744862e-02 2.178870683339004368e-09
1.213305047541208236e-02 2.190521433417774180e-09
1.227354457842515234e-02 2.188913563854439743e-09
1.241566552647785024e-02 2.176400230541010079e-09
1.255943215754789545e-02 2.167040879107169977e-09
1.270486352774653077e-02 2.165260755069767493e-09
1.285197891384432141e-02 2.173860926319749775e-09
1.300079781582635929e-02 2.175013173925562382e-09
1.315133995947690565e-02 2.183381980059452875e-09
1.330362529899405295e-02 2.181961787337844612e-09
1.345767401963458149e-02 2.177544223629887411e-09
1.361350654038956040e-02 2.170473752235065805e-09
1.377114351669082859e-02 2.169175578337126576e-09
1.393060584314884456e-02 2.163164693683201806e-09
1.409191465632227309e-02 2.159385350950476113e-09
1.425509133751954628e-02 2.157784840785805059e-09
1.442015751563302701e-02 2.156868840743950134e-09
1.458713507000582686e-02 2.156015922449593835e-09
1.475604613333193239e-02 2.156483640528167709e-09
1.492691309458979952e-02 2.156917693050391753e-09
1.509975860201007852e-02 2.156244412916573896e-09
1.527460556607755995e-02 2.153829243978079609e-09
1.545147716256795901e-02 2.153543615520862050e-09
1.563039683561977602e-02 2.154506053321333046e-09
1.581138830084189567e-02 2.155936064792531986e-09
1.599447554845698227e-02 2.159759365765491508e-09
1.617968284648142047e-02 2.164409824235105592e-09
1.636703474394191060e-02 2.164258551882488625e-09
1.655655607412955324e-02 2.165751472605908469e-09
1.674827195789137593e-02 2.161204290932324186e-09
1.694220780696013146e-02 2.154388983329627008e-09
1.713838932732252018e-02 2.144888595956660921e-09
1.733684252262658251e-02 2.147832719580804857e-09
1.753759369762839665e-02 2.155477550862766057e-09
1.774066946167878259e-02 2.160170566430877631e-09
1.794609673225026208e-02 2.153778314597656063e-09
1.815390273850506567e-02 2.145135722594939054e-09
1.836411502490422828e-02 2.146272314768465060e-09
1.857676145485861671e-02 2.156755454715833292e-09
1.879187021442221134e-02 2.152158701981876088e-09
1.900946981602805869e-02 2.142041061487233048e-09
1.922958910226767182e-02 2.147303475315580664e-09
1.945225724971402087e-02 2.153614179945399027e-09
1.967750377278887700e-02 2.140519394669336888e-09
1.990535852767486361e-02 2.143235317850010734e-09
2.013585171627295042e-02 2.146463466338192196e-09
2.036901389020562628e-02 2.135913206462880936e-09
2.060487595486651738e-02 2.145802278584535563e-09
2.084346917351677028e-02 2.143173678141904612e-09
2.108482517142910850e-02 2.136684621035621868e-09
2.132897594007962527e-02 2.146886212001019063e-09
2.157595384138826650e-02 2.132666537396676633e-09
2.182579161200829884e-02 2.144843542251506073e-09
2.207852236766562337e-02 2.130218726049241506e-09
2.233417960754814982e-02 2.143643653449279646e-09
2.259279721874613012e-02 2.128997312216427350e-09
2.285440948074375644e-02 2.141643558573391993e-09
2.311905106996301265e-02 2.129240797327048804e-09
2.338675706435990390e-02 2.137383985532484889e-09
2.365756294807403598e-02 2.132244519237665740e-09
2.393150461613192254e-02 2.128093595864123148e-09
2.420861837920496376e-02 2.136939535582194905e-09
2.448894096842230139e-02 2.125325916335758800e-09
2.477250954023949708e-02 2.128428686977322413e-09
2.505936168136362052e-02 2.132923422076373933e-09
2.534953541373521912e-02 2.124825600876911369e-09
2.564306919956823791e-02 2.122239019744175042e-09
2.594000194644804219e-02 2.129557787082398027e-09
2.624037301248863946e-02 2.129518320633210756e-09
2.654422221154941960e-02 2.121959136734108834e-09
2.685158981851263130e-02 2.118167689563607824e-09
2.716251657462164654e-02 2.120903278310842717e-09
2.747704369288123810e-02 2.125082425770447825e-09
2.779521286352018214e-02 2.126428272412453246e-09
2.811706625951744878e-02 2.124169369604505099e-09
2.844264654219206059e-02 2.123298342049776664e-09
2.877199686685785740e-02 2.118777397279816138e-09
2.910516088854357350e-02 2.116736535833269742e-09
2.944218276777944496e-02 2.115369440871542199e-09
2.978310717645051356e-02 2.114486052243950117e-09
3.012797930371790070e-02 2.114094934128403767e-09
3.047684486200846407e-02 2.114876474528309100e-09
3.082975009307410696e-02 2.116024356851685121e-09
3.118674177412095530e-02 2.116916107060033847e-09
3.154786722400967913e-02 2.116347371632666869e-09
3.191317430952744089e-02 2.112357428461642440e-09
3.228271145173277484e-02 2.108551491798345600e-09
3.265652763237360950e-02 2.105726017986818971e-09
3.303467240037977898e-02 2.109640864237825643e-09
3.341719587843073463e-02 2.111572735683071132e-09
3.380414876959908499e-02 2.105080088610995132e-09
3.419558236407146262e-02 2.102465872605553258e-09
3.459154854594680834e-02 2.108742903817865759e-09
3.499209980011368931e-02 2.103028791052299173e-09
3.539728921920690108e-02 2.100752840971182464e-09
3.580717051064509493e-02 2.105859633040499842e-09
3.622179800374948633e-02 2.097815109554932610e-09
3.664122665694521247e-02 2.103244831017823489e-09
3.706551206504588025e-02 2.095836400407782012e-09
3.749471046662278262e-02 2.103072566565401267e-09
3.792887875145917187e-02 2.094942099013786938e-09
3.836807446809096384e-02 2.101333451572268186e-09
3.881235583143458762e-02 2.095494605724574967e-09
3.926178173050358378e-02 2.093701171100283761e-09
3.971641173621406201e-02 2.097593019983360231e-09
4.017630610928087792e-02 2.093065787330311127e-09
4.064152580820496602e-02 2.089650763244051599e-09
4.111213249735355679e-02 2.092812205587072966e-09
4.158818855513353452e-02 2.094758722815971370e-09
4.206975708225977467e-02 2.091648429138351335e-09
4.255690191011882867e-02 2.088278935172633898e-09
4.304968760923003068e-02 2.086129799279252355e-09
4.354817949780401959e-02 2.084651280172994224e-09
4.405244365040068139e-02 2.083760778110873760e-09
4.456254690668728924e-02 2.083920666381422581e-09
4.507855688029784730e-02 2.081528027594615502e-09
4.560054196779547708e-02 2.080752114497253983e-09
4.612857135773813788e-02 2.081804556009211334e-09
4.666271503984956853e-02 2.083777583584252578e-09
4.720304381429617224e-02 2.084287611350815253e-09
4.774962930107178732e-02 2.082277003129915206e-09
4.830254394949064223e-02 2.077520762556249225e-09
4.886186104779054878e-02 2.078312943898506258e-09
4.942765473284694427e-02 2.080116196629483102e-09
4.999999999999998890e-02 2.076005840000970518e-09
5.057897271299490599e-02 2.076963909771623784e-09
5.116464961403772299e-02 2.076230599283365211e-09
5.175710833396719723e-02 2.074053417717546704e-09
5.235642740254497357e-02 2.074346598084113350e-09
5.296268625886442483e-02 2.073262120584288401e-09
5.357596526188034003e-02 2.069757014595364891e-09
5.419634570106018207e-02 2.072100363607317136e-09
5.482390980715924622e-02 2.069893285596211341e-09
5.545874076312003881e-02 2.067495804146817763e-09
5.610092271509820039e-02 2.069281497086151008e-09
5.675054078361576465e-02 2.070102728562877991e-09
5.740768107484413296e-02 2.068787206312545077e-09
5.807243069201711849e-02 2.064142109560870863e-09
5.874487774697650933e-02 2.064994552950279576e-09
5.942511137185093467e-02 2.063901586304023979e-09
6.011322173087065013e-02 2.063915002273230154e-09
6.080930003231838771e-02 2.063916162416192397e-09
6.151343854061905314e-02 2.064541957063091959e-09
6.222573058856927658e-02 2.061910694205350189e-09
6.294627058970836408e-02 2.058430284707639032e-09
6.367515405083307156e-02 2.058111003360061774e-09
6.441247758465666606e-02 2.060182706427559228e-09
6.515833892261499449e-02 2.055565055673144033e-09
6.591283692782035075e-02 2.057450947611965199e-09
6.667607160816618750e-02 2.055270359343372478e-09
6.744814412958265171e-02 2.055897580636098042e-09
6.822915682944626081e-02 2.052811932264268149e-09
6.901921323014426068e-02 2.055096458791730264e-09
6.981841805279687119e-02 2.052091765161247691e-09
7.062687723113769689e-02 2.049307561664366095e-09
7.144469792555516174e-02 2.049804420664103544e-09
7.227198853729638328e-02 2.050729785839842870e-09
7.310885872283590103e-02 2.049940263996972264e-09
7.395541940841034168e-02 2.049317448402594839e-09
7.481178280472169928e-02 2.048786655064225201e-09
7.567806242181042420e-02 2.046970678546102423e-09
7.655437308410149855e-02 2.044028796499417197e-09
7.744083094562403957e-02 2.042736661617311320e-09
7.833755350540749784e-02 2.043108786022769386e-09
7.924465962305569933e-02 2.043827127472075042e-09
8.016226953450207582e-02 2.039638975435144445e-09
8.109050486794647239e-02 2.042064591145463844e-09
8.202948865997691796e-02 2.037640542992230671e-09
8.297934537187805215e-02 2.040318733059539016e-09
8.394020090612801244e-02 2.037380213940155480e-09
8.491218262308719567e-02 2.035694487197273828e-09
8.589541935787936566e-02 2.037716014689329575e-09
8.689004143746879849e-02 2.037251582285016316e-09
8.789618069793463107e-02 2.035611187547534689e-09
8.891397050194613239e-02 2.034653752411547216e-09
8.994354575643936922e-02 2.034086335383864189e-09
9.098504293049920755e-02 2.033558172100136376e-09
9.203860007344781546e-02 2.031355098257523767e-09
9.310435683314335908e-02 2.028172910493202692e-09
9.418245447449000163e-02 2.029754638514479507e-09
9.527303589816239759e-02 2.028914069239204676e-09
9.637624565954681921e-02 2.026879956336178593e-09
9.749222998790225969e-02 2.026871371992461947e-09
9.862113680574265129e-02 2.026498826886143043e-09
9.976311574844401453e-02 2.023612636123394049e-09
1.009183181840780652e-01 2.023449862513412563e-09
1.020868972334764563e-01 2.023581400488996285e-09
1.032690077905264459e-01 2.022979010821982106e-09
1.044648065427020295e-01 2.021947225117864528e-09
1.056744519918323688e-01 2.020587468407312998e-09
1.068981044751115966e-01 2.018644877398319065e-09
1.081359261863509835e-01 2.018481666175618571e-09
1.093880811974775741e-01 2.019312296498859249e-09
1.106547354802819155e-01 2.015794637903997652e-09
1.119360569284169882e-01 2.018200404548232790e-09
1.132322153796529590e-01 2.014450147589888779e-09
1.145433826383886050e-01 2.013602539844351800e-09
1.158697324984239718e-01 2.014114015078747992e-09
1.172114407659961138e-01 2.013188254570355706e-09
1.185686852830827448e-01 2.011900436016593832e-09
1.199416459509744792e-01 2.011965665552374313e-09
1.213305047541208270e-01 2.009927491172688673e-09
1.227354457842515373e-01 2.008546215269587519e-09
1.241566552647785093e-01 2.007588407199399134e-09
1.255943215754789510e-01 2.008131107498158276e-09
1.270486352774652938e-01 2.006158603324032732e-09
1.285197891384432245e-01 2.005018927367097924e-09
1.300079781582635929e-01 2.005247938964853983e-09
1.315133995947690426e-01 2.004669845401935226e-09
1.330362529899405399e-01 2.003417873417894490e-09
1.345767401963458010e-01 2.003169107210645838e-09
1.361350654038956109e-01 2.002564730321707433e-09
1.377114351669082859e-01 2.000194161028930191e-09
1.393060584314886052e-01 1.999211453258196411e-09
1.409191465632227414e-01 1.998959059830839334e-09
1.425509133751954594e-01 1.997827417393693271e-09
1.442015751563302528e-01 1.994745888346324565e-09
1.458713507000582721e-01 1.995893113544280555e-09
1.475604613333193205e-01 1.995614988384612213e-09
1.492691309458979987e-01 1.994387238156288742e-09
1.509975860201007714e-01 1.992723503816257726e-09
1.527460556607755926e-01 1.991483116791387574e-09
1.545147716256795867e-01 1.992729108976709722e-09
1.563039683561977533e-01 1.984752126935059229e-09
1.581138830084189428e-01 1.989780661562547664e-09
1.599447554845698227e-01 1.988793824421099814e-09
1.617968284648141908e-01 1.987176526393861666e-09
1.636703474394191060e-01 1.986814835086694130e-09
1.655655607412955255e-01 1.986580444091641326e-09
1.674827195789137801e-01 1.985367180459658467e-09
1.694220780696013284e-01 1.983163463728001393e-09
1.713838932732252018e-01 1.984069044372269529e-09
1.733684252262658043e-01 1.982331788081716078e-09
1.753759369762839249e-01 1.982115694155222494e-09
1.774066946167878189e-01 1.979492909499240670e-09
1.794609673225026625e-01 1.978695324055901503e-09
1.815390273850506775e-01 1.978670231094651680e-09
1.836411502490422898e-01 1.979070389762071166e-09
1.857676145485863684e-01 1.976576381129014906e-09
1.879187021442221273e-01 1.977499349883143828e-09
1.900946981602806007e-01 1.976207360077988210e-09
1.922958910226767459e-01 1.974996326764934563e-09
1.945225724971401948e-01 1.974989241191893588e-09
1.967750377278887908e-01 1.973928212974845177e-09
1.990535852767486291e-01 1.971677326193477213e-09
2.013585171627295112e-01 1.970985967670384432e-09
2.036901389020562836e-01 1.970139109995452521e-09
2.060487595486651669e-01 1.969477438412001280e-09
2.084346917351677098e-01 1.967606594820869718e-09
2.108482517142910850e-01 1.967398147897025103e-09
2.132897594007962250e-01 1.967191776729391319e-09
2.157595384138826788e-01 1.965270107339157719e-09
2.182579161200829954e-01 1.965044144091182272e-09
2.207852236766562337e-01 1.964519921751589906e-09
2.233417960754814635e-01 1.963532637639613978e-09
2.259279721874612734e-01 1.962371138687287765e-09
2.285440948074375644e-01 1.961038635302005194e-09
2.311905106996301196e-01 1.961161213780289940e-09
2.338675706435990320e-01 1.957290370944149498e-09
2.365756294807403459e-01 1.958178025782001398e-09
2.393150461613192115e-01 1.958946936480586954e-09
2.420861837920496862e-01 1.957723113926475962e-09
2.448894096842230417e-01 1.956197517487863690e-09
2.477250954023952345e-01 1.955207862381700614e-09
2.505936168136362330e-01 1.955468999795743218e-09
2.534953541373521912e-01 1.954192870925101442e-09
2.564306919956823583e-01 1.952921959056267114e-09
2.594000194644804358e-01 1.949647883961584933e-09
2.624037301248863807e-01 1.951234370181781542e-09
2.654422221154941752e-01 1.950136288441041925e-09
2.685158981851262783e-01 1.949411054250772100e-09
2.716251657462164792e-01 1.948083178622227973e-09
2.747704369288123671e-01 1.947357513809096469e-09
2.779521286352018006e-01 1.946546611991238862e-09
2.811706625951744809e-01 1.944917584066342048e-09
2.844264654219206268e-01 1.944321186962355689e-09
2.877199686685785740e-01 1.943625849158705368e-09
2.910516088854357419e-01 1.942841927049726340e-09
2.944218276777944010e-01 1.942375458475075694e-09
2.978310717645051287e-01 1.939884392897815971e-09
3.012797930371790001e-01 1.939794216701640220e-09
3.047684486200846199e-01 1.939921907518071958e-09
3.082975009307410419e-01 1.938758954844363932e-09
3.118674177412095183e-01 1.937893050827434511e-09
3.154786722400967358e-01 1.937416539745012486e-09
3.191317430952744227e-01 1.935754769123957012e-09
3.228271145173277623e-01 1.935336610365199468e-09
3.265652763237361089e-01 1.934423479156357065e-09
3.303467240037981645e-01 1.932898052566135958e-09
3.341719587843073880e-01 1.932602889614136350e-09
3.380414876959909054e-01 1.930162100384622988e-09
3.419558236407145846e-01 1.930280542838214677e-09
3.459154854594680417e-01 1.929961439622644368e-09
3.499209980011368515e-01 1.929304430575431535e-09
3.539728921920690108e-01 1.928034731785488158e-09
3.580717051064509771e-01 1.927363827207397464e-09
3.622179800374948910e-01 1.926413280653745137e-09
3.664122665694521941e-01 1.925502422141332838e-09
3.706551206504588025e-01 1.925381700717966248e-09
3.749471046662278817e-01 1.924203853222664255e-09
3.792887875145917742e-01 1.922642348441960458e-09
3.836807446809096245e-01 1.921836911778560058e-09
3.881235583143459178e-01 1.920502315347741156e-09
3.926178173050358100e-01 1.922722749675848807e-09
3.971641173621405785e-01 1.919514939685330367e-09
4.017630610928087931e-01 1.918187480208489130e-09
4.064152580820497018e-01 1.917981828549048394e-09
4.111213249735355402e-01 1.916958069590234009e-09
4.158818855513353729e-01 1.915888025685530358e-09
4.206975708225977328e-01 1.914874239947731587e-09
4.255690191011883283e-01 1.915940779309263309e-09
4.304968760923003068e-01 1.913569274802038946e-09
4.354817949780401820e-01 1.908565815789808827e-09
4.405244365040072441e-01 1.911640459692654642e-09
4.456254690668728924e-01 1.911094782608653088e-09
4.507855688029784313e-01 1.907852230218603560e-09
4.560054196779547708e-01 1.909178696190201124e-09
4.612857135773818507e-01 1.908658708590484387e-09
4.666271503984956714e-01 1.907748976940006375e-09
4.720304381429616947e-01 1.906587228789307845e-09
4.774962930107178871e-01 1.905737985209908760e-09
4.830254394949065055e-01 1.904335449549530941e-09
4.886186104779055572e-01 1.903310778304977757e-09
4.942765473284694844e-01 1.902794437538335034e-09
5.000000000000000000e-01 1.904162047988626382e-09
5.235642740254496941e-01 1.898284585660025027e-09
5.482390980715925455e-01 1.894591292569315552e-09
5.740768107484413019e-01 1.891685825629071706e-09
6.011322173087064735e-01 1.887601064097937275e-09
6.294627058970835298e-01 1.883893685923835397e-09
6.591283692782035075e-01 1.880349768243075445e-09
6.901921323014423848e-01 1.877639483665964697e-09
7.227198853729638328e-01 1.874640634841396893e-09
7.567806242181041032e-01 1.870606027658433988e-09
7.924465962305566880e-01 1.868886973669126792e-09
8.297934537187803272e-01 1.863160660328595067e-09
8.689004143746876796e-01 1.860393787528564192e-09
9.098504293049917147e-01 1.857402521450450527e-09
9.527303589816236151e-01 1.851560818717180696e-09
9.976311574844398677e-01 1.850731398480254882e-09
1.044648065427019601e+00 1.850766358497019576e-09
1.093880811974776268e+00 1.844559060523834703e-09
1.145433826383886355e+00 1.839083478230355869e-09
1.199416459509745181e+00 1.836414349891164136e-09
1.255943215754790065e+00 1.832380739831555445e-09
1.315133995947690870e+00 1.830115682803920873e-09
1.377114351669083137e+00 1.826194190357411228e-09
1.442015751563303194e+00 1.822711069724064351e-09
1.509975860201008047e+00 1.818614325623801635e-09
1.581138830084189539e+00 1.816552155719547129e-09
1.655655607412955588e+00 1.810968836334404128e-09
1.733684252262658321e+00 1.808640435660137739e-09
1.815390273850506775e+00 1.805662326451797581e-09
1.900946981602805730e+00 1.803467988499174786e-09
1.990535852767486125e+00 1.802487720629211915e-09
2.084346917351676876e+00 1.796795031621978373e-09
2.182579161200830065e+00 1.792600256111255106e-09
2.285440948074374923e+00 1.788454911599065975e-09
2.393150461613192004e+00 1.784792839059990124e-09
2.505936168136361886e+00 1.780645417768747833e-09
2.624037301248862697e+00 1.782592344904909743e-09
2.747704369288122450e+00 1.775218341163388219e-09
2.877199686685784741e+00 1.767047461414345124e-09
3.012797930371788890e+00 1.768218109673095097e-09
3.154786722400966248e+00 1.766786848150525154e-09
3.303467240037980091e+00 1.761713444381105794e-09
3.459154854594682416e+00 1.757970416302794956e-09
3.622179800374950354e+00 1.755522024684846851e-09
3.792887875145919185e+00 1.751156526362561175e-09
3.971641173621408338e+00 1.749243204975512722e-09
4.158818855513356283e+00 1.745607733355479613e-09
4.354817949780404263e+00 1.741719887333489809e-09
4.560054196779547375e+00 1.747324870833941679e-09
4.774962930107178316e+00 1.734976088516419409e-09
5.000000000000000000e+00 1.733763865782628840e-09
6.294627058970836408e+00 1.714060349145897017e-09
7.924465962305568212e+00 1.698214185988196077e-09
9.976311574844396901e+00 1.681501914567544583e-09
1.255943215754790110e+01 1.665719115688579677e-09
1.581138830084189451e+01 1.647749252830048530e-09
1.990535852767486347e+01 1.632368607754718348e-09
2.505936168136361886e+01 1.620920956597149730e-09
3.154786722400966426e+01 1.598836373145235365e-09
3.971641173621406296e+01 1.584808315952642478e-09
4.999999999999999289e+01 1.572344896581561018e-09
