4.456254690668729390e-05 2.092576354981467915e-13
4.560054196779547508e-05 3.302408271209458550e-13
4.666271503984952289e-05 1.986264118207442033e-12
4.774962930107184414e-05 5.307759026341464241e-12
4.886186104779054808e-05 1.042621744210975892e-11
4.999999999999998884e-05 1.747810069228036239e-11
5.057897271299489764e-05 2.176615844481068903e-11
5.116464961403767209e-05 2.658488438190433098e-11
5.175710833396714221e-05 3.193996143960131580e-11
5.235642740254491318e-05 3.785185281561066936e-11
5.296268625886447866e-05 4.433541235723488529e-11
5.357596526188034854e-05 5.140475052742664394e-11
5.419634570106018624e-05 5.909229232372604225e-11
5.482390980715923717e-05 6.734629413953570013e-11
5.545874076312003003e-05 7.626607719242289240e-11
5.610092271509813691e-05 8.579435316689114044e-11
5.675054078361570665e-05 9.595963338561976138e-11
5.740768107484407241e-05 1.067578490504412998e-10
5.807243069201718186e-05 1.182677954820674671e-10
5.874487774697651393e-05 1.303695729890771224e-10
5.942511137185093809e-05 1.432265335627955568e-10
6.011322173087064877e-05 1.566744889181843542e-10
6.080930003231838695e-05 1.708119205204257483e-10
6.151343854061905325e-05 1.857059112165459284e-10
6.222573058856921034e-05 2.011256170581036002e-10
6.294627058970830402e-05 2.172118294665232816e-10
6.367515405083314138e-05 2.339854478261403811e-10
6.441247758465673719e-05 2.515036319050156131e-10
6.515833892261499124e-05 2.694339739441590534e-10
6.591283692782035650e-05 2.881617978126271841e-10
6.667607160816619769e-05 3.074076409452805064e-10
6.744814412958265366e-05 3.273662664249769959e-10
6.822915682944618535e-05 3.478083601764233514e-10
6.901921323014417829e-05 3.688523143123858983e-10
6.981841805279679497e-05 3.903337188255368740e-10
7.062687723113775782e-05 4.121761177097663760e-10
7.144469792555517389e-05 4.346872095947760105e-10
7.227198853729638578e-05 4.574896284020354269e-10
7.310885872283590017e-05 4.806220939484817671e-10
7.395541940841035122e-05 5.043066147541819864e-10
7.481178280472162371e-05 5.282006250835704591e-10
7.567806242181034505e-05 5.523663735124376864e-10
7.655437308410142656e-05 5.765144150937968311e-10
7.744083094562412067e-05 6.007885960640663189e-10
7.833755350540748852e-05 6.254862575372176518e-10
7.924465962305569597e-05 6.499768313396764972e-10
8.016226953450208102e-05 6.743781116441163441e-10
8.109050486794647857e-05 6.985788965593312217e-10
8.202948865997692718e-05 7.229589406012637182e-10
8.297934537187796715e-05 7.467222392951788726e-10
8.394020090612792852e-05 7.701302410021566514e-10
8.491218262308728262e-05 7.936180520266984774e-10
8.589541935787945305e-05 8.158420025394934536e-10
8.689004143746881595e-05 8.379522147069219777e-10
8.789618069793464267e-05 8.595074125808880945e-10
8.891397050194613488e-05 8.799747532602213111e-10
8.994354575643935166e-05 8.998299447123986552e-10
9.098504293049911853e-05 9.187140130080936872e-10
9.203860007344769392e-05 9.365434098986199640e-10
9.310435683314326931e-05 9.535174026870966644e-10
9.418245447449009216e-05 9.689646586503638496e-10
9.527303589816237992e-05 9.835549300075867145e-10
9.637624565954680924e-05 9.969180820105783199e-10
9.749222998790225210e-05 1.008279851809886390e-09
9.862113680574265443e-05 1.018976396871474112e-09
9.976311574844392432e-05 1.027567233177149722e-09
1.009183181840780691e-04 1.034877983756615259e-09
1.020868972334764785e-04 1.040432242594921773e-09
1.032690077905264197e-04 1.044241574803648612e-09
1.044648065427019099e-04 1.046695858240909518e-09
1.056744519918323676e-04 1.047020959417915386e-09
1.068981044751116051e-04 1.045898608667922909e-09
1.081359261863509824e-04 1.042922807518295476e-09
1.093880811974775919e-04 1.038225922922500721e-09
1.106547354802819302e-04 1.032258077011988334e-09
1.119360569284169843e-04 1.023832892564404884e-09
1.132322153796529716e-04 1.014193413524363350e-09
1.145433826383886026e-04 1.002354840451804613e-09
1.158697324984239615e-04 9.896883454495125801e-10
1.172114407659961160e-04 9.756335798646284748e-10
1.185686852830827691e-04 9.597609326691259375e-10
1.199416459509744813e-04 9.430809109672426957e-10
1.213305047541207081e-04 9.255157011379407874e-10
1.227354457842515364e-04 9.068010385957727039e-10
1.241566552647784948e-04 8.873938739800382951e-10
1.255943215754789502e-04 8.674798997199134972e-10
1.270486352774653110e-04 8.473713268687905827e-10
1.285197891384432108e-04 8.268086471947333218e-10
1.300079781582635788e-04 8.068244312433256632e-10
1.315133995947690435e-04 7.869119000027200911e-10
1.330362529899403897e-04 7.675895283478614180e-10
1.345767401963458333e-04 7.493975227168531455e-10
1.361350654038956344e-04 7.321339212348366449e-10
1.377114351669082826e-04 7.166072077210293689e-10
1.393060584314884456e-04 7.023264431909890642e-10
1.409191465632227234e-04 6.903221732163755925e-10
1.425509133751954596e-04 6.805485475847254056e-10
1.442015751563302474e-04 6.732690924400254069e-10
1.458713507000582675e-04 6.686979139315579900e-10
1.475604613333193142e-04 6.669912142940261874e-10
1.492691309458979746e-04 6.683807365609859636e-10
1.509975860201007907e-04 6.733091305391712912e-10
1.527460556607755941e-04 6.817541160956653208e-10
1.545147716256795760e-04 6.938584142187138411e-10
1.563039683561977700e-04 7.095662047567430473e-10
1.581138830084189426e-04 7.291603435876788316e-10
1.599447554845698401e-04 7.522843943858705557e-10
1.617968284648140247e-04 7.794416637571210343e-10
1.636703474394191234e-04 8.102108612902817547e-10
1.655655607412955237e-04 8.443502314753089611e-10
1.674827195789137550e-04 8.818860580447227382e-10
1.694220780696013395e-04 9.225618973843197135e-10
1.713838932732251867e-04 9.658915020523735735e-10
1.733684252262658175e-04 1.011567169752830017e-09
1.753759369762839622e-04 1.059212851134909155e-09
1.774066946167876340e-04 1.108392468591992990e-09
1.794609673225026631e-04 1.158300504414455489e-09
1.815390273850506729e-04 1.208719668990469197e-09
1.836411502490422785e-04 1.258943350351988543e-09
1.857676145485863482e-04 1.308250854223896021e-09
1.879187021442221307e-04 1.356325512235899041e-09
1.900946981602805641e-04 1.402008989809377726e-09
1.922958910226767171e-04 1.445151554512475379e-09
1.945225724971401946e-04 1.484541025928761328e-09
1.967750377278885748e-04 1.520226655898130086e-09
1.990535852767486491e-04 1.550961473111648449e-09
2.013585171627295032e-04 1.576862566784398177e-09
2.036901389020562758e-04 1.597009798897132071e-09
2.060487595486651369e-04 1.611145841368963484e-09
2.084346917351677256e-04 1.618946192090668665e-09
2.108482517142910915e-04 1.620787943693247355e-09
2.132897594007962039e-04 1.615861216451927564e-09
2.157595384138824807e-04 1.604205141105017394e-09
2.182579161200830003e-04 1.587272982324088089e-09
2.207852236766562250e-04 1.564635340934343939e-09
2.233417960754814700e-04 1.536438011547752272e-09
2.259279721874612925e-04 1.504066853564270581e-09
2.285440948074375482e-04 1.467697899102981522e-09
2.311905106996301417e-04 1.429295345283441565e-09
2.338675706435990400e-04 1.388803838388174620e-09
2.365756294807400931e-04 1.348041200313486976e-09
2.393150461613192687e-04 1.307957473522218593e-09
2.420861837920496669e-04 1.269528726755379898e-09
2.448894096842230486e-04 1.234851987712146126e-09
2.477250954023952571e-04 1.204326508506990570e-09
2.505936168136362096e-04 1.179677132866943730e-09
2.534953541373521587e-04 1.161472547550143014e-09
2.564306919956823639e-04 1.150890084117320541e-09
2.594000194644803916e-04 1.148712204079162128e-09
2.624037301248860888e-04 1.155272224113516709e-09
2.654422221154941939e-04 1.171214664428805658e-09
2.685158981851263043e-04 1.196024635866770346e-09
2.716251657462165044e-04 1.229294802417607478e-09
2.747704369288123854e-04 1.271149771775377241e-09
2.779521286352018127e-04 1.320262326017221497e-09
2.811706625951744943e-04 1.375018897629772617e-09
2.844264654219205712e-04 1.434144870342075118e-09
2.877199686685782661e-04 1.496105441025561551e-09
2.910516088854357393e-04 1.558777759960012453e-09
2.944218276777944170e-04 1.619712689803065846e-09
2.978310717645051204e-04 1.677770119348401712e-09
3.012797930371790027e-04 1.729808052220525042e-09
3.047684486200846234e-04 1.774778369693264600e-09
3.082975009307410263e-04 1.810396253295406205e-09
3.118674177412095313e-04 1.835606899447155365e-09
3.154786722400964379e-04 1.849502616190829310e-09
3.191317430952743915e-04 1.850562830339302518e-09
3.228271145173277267e-04 1.840312467398403100e-09
3.265652763237360972e-04 1.818550802762115647e-09
3.303467240037981823e-04 1.785919866662499121e-09
3.341719587843073962e-04 1.744625961901481430e-09
3.380414876959908759e-04 1.697062312776469862e-09
3.419558236407145655e-04 1.645958832104359607e-09
3.459154854594681137e-04 1.593574475810114314e-09
3.499209980011365223e-04 1.543226629749401845e-09
3.539728921920690086e-04 1.498469559183784908e-09
3.580717051064509905e-04 1.462250956302594817e-09
3.622179800374949153e-04 1.436991194565788150e-09
3.664122665694521551e-04 1.424319511500872060e-09
3.706551206504588697e-04 1.426513108033241058e-09
3.749471046662278739e-04 1.443573337755543221e-09
3.792887875145917100e-04 1.475242627116924733e-09
3.836807446809092350e-04 1.520216429804443717e-09
3.881235583143459109e-04 1.576266215165719607e-09
3.926178173050358226e-04 1.639961255686484116e-09
3.971641173621405486e-04 1.707638935325139284e-09
4.017630610928087315e-04 1.775305333547879622e-09
4.064152580820496862e-04 1.838533070724225252e-09
4.111213249735355181e-04 1.892515934060792024e-09
4.158818855513353300e-04 1.933882932262861307e-09
4.206975708225972935e-04 1.959767005745707812e-09
4.255690191011882867e-04 1.967935752913382250e-09
4.304968760923003697e-04 1.958535045011390994e-09
4.354817949780401981e-04 1.931729697489454951e-09
4.405244365040072822e-04 1.890285289648207118e-09
4.456254690668728035e-04 1.838006558934239534e-09
4.507855688029784470e-04 1.779710620399061624e-09
4.560054196779547643e-04 1.721554403621995468e-09
4.612857135773813463e-04 1.668848969013499277e-09
4.666271503984951476e-04 1.627456953367279540e-09
4.720304381429617636e-04 1.602240266114198722e-09
4.774962930107179535e-04 1.595918121321997890e-09
4.830254394949064960e-04 1.611180429164771402e-09
4.886186104779055486e-04 1.646228171859797245e-09
4.942765473284694211e-04 1.698487822827053734e-09
4.999999999999999020e-04 1.763469486974627353e-09
5.057897271299491120e-04 1.834249058858772305e-09
5.116464961403766531e-04 1.903910265553370322e-09
5.175710833396719507e-04 1.964822864876681937e-09
5.235642740254497010e-04 2.009686889530777575e-09
5.296268625886442309e-04 2.033986404649959432e-09
5.357596526188034176e-04 2.034335038564299067e-09
5.419634570106019031e-04 2.011467852412069027e-09
5.482390980715924666e-04 1.968783831328180541e-09
5.545874076312004358e-04 1.911404998347255683e-09
5.610092271509814097e-04 1.848342397058764313e-09
5.675054078361570394e-04 1.789101544317529374e-09
5.740768107484413340e-04 1.742465223932482070e-09
5.807243069201711546e-04 1.715992845037472464e-09
5.874487774697650716e-04 1.715304763751648685e-09
5.942511137185093944e-04 1.740781601492802464e-09
6.011322173087063929e-04 1.790418646392280183e-09
6.080930003231838424e-04 1.856495833435599532e-09
6.151343854061905054e-04 1.929623911106074944e-09
6.222573058856920762e-04 1.997994025749843449e-09
6.294627058970836365e-04 2.050793092913589460e-09
6.367515405083307633e-04 2.078752812393698554e-09
6.441247758465673719e-04 2.077713144223613761e-09
6.515833892261498582e-04 2.047987623521539709e-09
6.591283692782036463e-04 1.995442055985025328e-09
6.667607160816619227e-04 1.931072199794362807e-09
6.744814412958264824e-04 1.867459252923578730e-09
6.822915682944617451e-04 1.817897624568241257e-09
6.901921323014424334e-04 1.796029404183324361e-09
6.981841805279687899e-04 1.804898753875176619e-09
7.062687723113776324e-04 1.845320762039371684e-09
7.144469792555517389e-04 1.908915605396026600e-09
7.227198853729639933e-04 1.982756418913129407e-09
7.310885872283590017e-04 2.049321097804356236e-09
7.395541940841035122e-04 2.100487229296192877e-09
7.481178280472161558e-04 2.115469936625637126e-09
7.567806242181035047e-04 2.092096224432411700e-09
7.655437308410150245e-04 2.039083080248399054e-09
7.744083094562404478e-04 1.977675822046770879e-09
7.833755350540749394e-04 1.910710918383668688e-09
7.924465962305569326e-04 1.867953769973841642e-09
8.016226953450208102e-04 1.860151612593749890e-09
8.109050486794647586e-04 1.890789524839930724e-09
8.202948865997692447e-04 1.947748253673282329e-09
8.297934537187797799e-04 2.019518697233446538e-09
8.394020090612803152e-04 2.086410651936227812e-09
8.491218262308720130e-04 2.125614517518259161e-09
8.589541935787946931e-04 2.138112563943277929e-09
8.689004143746880239e-04 2.093873881433683752e-09
8.789618069793463453e-04 2.020162638659457818e-09
8.891397050194613759e-04 1.962654758416933625e-09
8.994354575643936792e-04 1.920028501658376747e-09
9.098504293049911040e-04 1.904282554032341653e-09
9.203860007344780506e-04 1.940919618774328350e-09
9.310435683314337773e-04 2.003946487419113120e-09
9.418245447449009487e-04 2.077390608498350820e-09
9.527303589816240974e-04 2.134570750799237865e-09
9.637624565954683092e-04 2.149959386343830528e-09
9.749222998790226836e-04 2.118077281960870594e-09
9.862113680574266256e-04 2.055324443249150371e-09
9.976311574844392432e-04 1.990192216863023504e-09
1.009183181840779715e-03 1.944922501227119865e-09
1.020868972334764650e-03 1.947777175147783673e-09
1.032690077905264224e-03 1.988643932041828963e-09
1.044648065427020156e-03 2.078337921897073304e-09
1.056744519918323541e-03 2.138150926826621163e-09
1.068981044751116105e-03 2.166645617581400495e-09
1.081359261863509879e-03 2.137806432201720391e-09
1.093880811974775810e-03 2.075319307444440648e-09
1.106547354802818028e-03 2.007027779877842258e-09
1.119360569284169734e-03 1.970681055664669719e-09
1.132322153796529608e-03 1.991705286021355396e-09
1.145433826383887056e-03 2.053763220482333173e-09
1.158697324984239588e-03 2.133576590680766643e-09
1.172114407659961052e-03 2.172550362849385603e-09
1.185686852830827474e-03 2.162564755643305612e-09
1.199416459509744732e-03 2.105809899960747549e-09
1.213305047541206891e-03 2.033886181107189353e-09
1.227354457842515364e-03 1.996465732870536794e-09
1.241566552647784894e-03 2.009585947514648827e-09
1.255943215754790803e-03 2.088201021912431113e-09
1.270486352774652947e-03 2.158610766239639594e-09
1.285197891384432054e-03 2.176647911292968829e-09
1.300079781582635843e-03 2.140460554848264016e-09
1.315133995947690435e-03 2.071596849053171838e-09
1.330362529899403951e-03 2.023478977189076633e-09
1.345767401963456761e-03 2.034328379388420049e-09
1.361350654038956127e-03 2.086824969005888186e-09
1.377114351669082772e-03 2.160099482525183241e-09
1.393060584314885974e-03 2.186755952530921166e-09
1.409191465632227396e-03 2.141068674992458100e-09
1.425509133751954758e-03 2.073185660218538693e-09
1.442015751563302745e-03 2.032979856555313398e-09
1.458713507000582513e-03 2.063504446366288141e-09
1.475604613333191895e-03 2.145223182781171742e-09
1.492691309458979909e-03 2.185651446561571745e-09
1.509975860201007419e-03 2.171751372786328709e-09
1.527460556607757513e-03 2.100365397241998725e-09
1.545147716256795815e-03 2.050622474650304909e-09
1.563039683561977646e-03 2.060660170110398759e-09
1.581138830084189480e-03 2.136252894241283176e-09
1.599447554845698401e-03 2.191910312571045332e-09
1.617968284648140355e-03 2.172695527227758663e-09
1.636703474394191450e-03 2.104632469145109707e-09
1.655655607412955237e-03 2.053936139441176436e-09
1.674827195789139285e-03 2.095791050361748603e-09
1.694220780696013449e-03 2.156302598969359106e-09
1.713838932732251975e-03 2.196984649835476082e-09
1.733684252262657904e-03 2.147847528002947918e-09
1.753759369762839622e-03 2.084117448533994469e-09
1.774066946167876177e-03 2.079849807420064812e-09
1.794609673225024517e-03 2.145802356185727446e-09
1.815390273850506567e-03 2.197128874820691122e-09
1.836411502490422785e-03 2.160899888302900399e-09
1.857676145485863319e-03 2.101494789919614986e-09
1.879187021442221741e-03 2.078538298301496712e-09
1.900946981602805912e-03 2.153023598292841062e-09
1.922958910226767225e-03 2.197002420356186648e-09
1.945225724971402000e-03 2.163030788932132296e-09
1.967750377278885965e-03 2.099542188180837105e-09
1.990535852767486274e-03 2.095070665568279542e-09
2.013585171627295303e-03 2.171900792756008140e-09
2.036901389020564709e-03 2.200735200636116069e-09
2.060487595486651478e-03 2.141963421209245255e-09
2.084346917351677202e-03 2.094261940993527173e-09
2.108482517142910590e-03 2.138500898444695603e-09
2.132897594007962527e-03 2.195567085401322638e-09
2.157595384138824915e-03 2.174830824735072537e-09
2.182579161200830058e-03 2.109436417978232323e-09
2.207852236766562250e-03 2.128321868597816990e-09
2.233417960754816977e-03 2.188422236386672247e-09
2.259279721874612491e-03 2.193011183924126982e-09
2.285440948074375211e-03 2.124416737531599938e-09
2.311905106996301092e-03 2.111739675682112457e-09
2.338675706435990129e-03 2.183127612059667308e-09
2.365756294807400822e-03 2.194552646239493888e-09
2.393150461613189652e-03 2.126122264337892123e-09
2.420861837920496723e-03 2.127038821750259008e-09
2.448894096842230052e-03 2.204809118969254962e-09
2.477250954023952137e-03 2.184171173607429733e-09
2.505936168136361879e-03 2.122362340962540222e-09
2.534953541373521912e-03 2.147624829917929500e-09
2.564306919956823531e-03 2.199946795304045878e-09
2.594000194644804132e-03 2.162260215382985619e-09
2.624037301248860997e-03 2.119229925597827736e-09
2.654422221154941613e-03 2.184903912583287967e-09
2.685158981851263043e-03 2.200223679831752634e-09
2.716251657462167429e-03 2.130327507295529572e-09
2.747704369288123637e-03 2.145687571998784334e-09
2.779521286352018561e-03 2.212190085216915558e-09
2.811706625951745052e-03 2.160960021352719927e-09
2.844264654219206146e-03 2.130346650081889596e-09
2.877199686685782878e-03 2.198285660995989530e-09
2.910516088854358044e-03 2.181085241665516433e-09
2.944218276777944929e-03 2.130153146325193365e-09
2.978310717645054131e-03 2.187342770356707733e-09
3.012797930371790243e-03 2.193199619703778142e-09
3.047684486200846234e-03 2.131720715203283913e-09
3.082975009307410696e-03 2.183244744239443764e-09
3.118674177412094663e-03 2.189845405460620430e-09
3.154786722400964270e-03 2.137148724519888878e-09
3.191317430952740879e-03 2.183921218844624414e-09
3.228271145173277484e-03 2.195091366384670047e-09
3.265652763237360864e-03 2.135934010452161285e-09
3.303467240037981714e-03 2.190745974032611103e-09
3.341719587843073637e-03 2.177318012221493325e-09
3.380414876959908325e-03 2.143005833264614554e-09
3.419558236407145655e-03 2.206757834580158184e-09
3.459154854594680920e-03 2.158537919982347668e-09
3.499209980011365115e-03 2.162664043616663037e-09
3.539728921920689761e-03 2.192075986953549501e-09
3.580717051064509146e-03 2.142334126687189186e-09
3.622179800374952623e-03 2.189994698671886307e-09
3.664122665694521334e-03 2.172407495238100688e-09
3.706551206504587938e-03 2.155163452722521154e-09
3.749471046662278956e-03 2.202158321657764800e-09
3.792887875145917534e-03 2.144877230923354428e-09
3.836807446809092567e-03 2.193236941423289752e-09
3.881235583143459542e-03 2.172264485049725679e-09
3.926178173050358551e-03 2.164022792182067258e-09
3.971641173621410364e-03 2.188943170687256342e-09
4.017630610928087966e-03 2.146285559792886910e-09
4.064152580820497296e-03 2.201022415614964138e-09
4.111213249735355506e-03 2.147901181624121446e-09
4.158818855513353625e-03 2.187574268949740689e-09
4.206975708225972610e-03 2.161942891351907114e-09
4.255690191011878530e-03 2.176224512083915485e-09
4.304968760923003589e-03 2.179017510111959372e-09
4.354817949780402306e-03 2.163146638544183882e-09
4.405244365040072822e-03 2.186905526198221647e-09
4.456254690668728577e-03 2.158837628469921371e-09
4.507855688029784036e-03 2.191463040039557531e-09
4.560054196779547535e-03 2.155378526939603293e-09
4.612857135773812921e-03 2.192430452739690623e-09
4.666271503984951476e-03 2.154398365012504883e-09
4.720304381429616877e-03 2.190912774711255538e-09
4.774962930107178559e-03 2.164216768717496250e-09
4.830254394949069947e-03 2.192395297509753895e-09
4.886186104779055052e-03 2.162451252013951215e-09
4.942765473284694427e-03 2.181295926859546942e-09
4.999999999999999237e-03 2.165962817655428915e-09
5.057897271299490252e-03 2.166708558395863168e-09
5.116464961403772820e-03 2.182501208786594360e-09
5.175710833396719723e-03 2.160218734731340486e-09
5.235642740254497010e-03 2.193334397678909767e-09
5.296268625886442309e-03 2.152038190530864610e-09
5.357596526188034176e-03 2.192485658043949717e-09
5.419634570106018380e-03 2.156965126904599019e-09
5.482390980715924449e-03 2.174465123323404921e-09
5.545874076312003707e-03 2.188700663651911150e-09
5.610092271509814314e-03 2.153312787215553826e-09
5.675054078361577332e-03 2.184808535412265798e-09
5.740768107484413990e-03 2.157318284320742713e-09
5.807243069201712196e-03 2.172157889669815538e-09
5.874487774697644861e-03 2.185372182661257646e-09
5.942511137185094161e-03 2.152208934485179193e-09
6.011322173087065013e-03 2.181842731085576478e-09
6.080930003231838424e-03 2.184091356226137257e-09
6.151343854061904620e-03 2.150181476676027740e-09
6.222573058856926617e-03 2.180893137502756446e-09
6.294627058970836582e-03 2.175695226549181872e-09
6.367515405083306983e-03 2.151583159207322065e-09
6.441247758465666780e-03 2.170587198567280563e-09
6.515833892261499449e-03 2.186299469301266583e-09
6.591283692782035596e-03 2.162349619315376155e-09
6.667607160816618576e-03 2.163019698419162465e-09
6.744814412958264824e-03 2.185278835203920707e-09
6.822915682944625040e-03 2.170911516628583103e-09
6.901921323014424334e-03 2.153094215128952407e-09
6.981841805279687466e-03 2.162803242623184498e-09
7.062687723113770036e-03 2.178525025588771433e-09
7.144469792555516521e-03 2.172445399656253993e-09
7.227198853729638849e-03 2.153010179208752700e-09
7.310885872283589583e-03 2.157326153302873918e-09
7.395541940841033821e-03 2.179806437334420408e-09
7.481178280472170448e-03 2.179982927551093929e-09
7.567806242181043287e-03 2.164580323438039487e-09
7.655437308410151763e-03 2.152079927009937481e-09
7.744083094562405345e-03 2.152767411262184188e-09
7.833755350540741805e-03 2.170526178196966597e-09
7.924465962305568892e-03 2.179607419478175766e-09
8.016226953450207235e-03 2.172315381848227852e-09
8.109050486794647586e-03 2.159720125868824712e-09
8.202948865997691796e-03 2.155331885960866919e-09
8.297934537187804521e-03 2.151105498078561844e-09
8.394020090612802285e-03 2.152672001977500560e-09
8.491218262308719913e-03 2.154052537835833057e-09
8.589541935787937607e-03 2.160568312493122195e-09
8.689004143746880890e-03 2.166214129889521035e-09
8.789618069793463453e-03 2.169087137900057342e-09
8.891397050194612892e-03 2.170631342926963453e-09
8.994354575643934840e-03 2.168755651068914348e-09
9.098504293049919714e-03 2.174219572576867695e-09
9.203860007344778771e-03 2.168585142027104646e-09
9.310435683314336255e-03 2.172967927236793936e-09
9.418245447448998428e-03 2.171063734802920433e-09
9.527303589816240106e-03 2.171033367407654028e-09
9.637624565954681574e-03 2.168619051572825629e-09
9.749222998790225969e-03 2.163206938425172641e-09
9.862113680574265823e-03 2.163246127742037097e-09
9.976311574844402841e-03 2.158299324687231506e-09
1.009183181840780756e-02 2.151733200544340015e-09
1.020868972334764563e-02 2.145771555864135448e-09
1.032690077905264354e-02 2.143209241016306372e-09
1.044648065427019115e-02 2.149122817244537993e-09
1.056744519918323584e-02 2.154840090620479099e-09
1.068981044751115932e-02 2.162376656090186639e-09
1.081359261863509835e-02 2.163440465109672600e-09
1.093880811974775637e-02 2.157292967933368130e-09
1.106547354802819329e-02 2.144629449206862106e-09
1.119360569284169951e-02 2.146886280757017695e-09
1.132322153796529694e-02 2.155966672565738282e-09
1.145433826383886189e-02 2.160465068822919761e-09
1.158697324984239718e-02 2.147447257945098337e-09
1.172114407659961312e-02 2.140834368745363225e-09
1.185686852830827517e-02 2.153760684378297944e-09
1.199416459509744862e-02 2.156493518519554564e-09
1.213305047541208062e-02 2.141495009922624284e-09
1.227354457842515061e-02 2.146687647799065778e-09
1.241566552647785024e-02 2.155848078191187490e-09
1.255943215754789545e-02 2.142872283045806285e-09
1.270486352774653077e-02 2.142991657459108172e-09
1.285197891384432141e-02 2.152828423717944718e-09
1.300079781582635929e-02 2.136630182062379921e-09
1.315133995947690565e-02 2.149796050736158632e-09
1.330362529899405295e-02 2.140115855022123039e-09
1.345767401963458149e-02 2.145067309403290650e-09
1.361350654038955867e-02 2.144078249762903322e-09
1.377114351669083032e-02 2.144038091740441716e-09
1.393060584314884283e-02 2.144933326118826485e-09
1.409191465632227309e-02 2.140468136577556489e-09
1.425509133751954802e-02 2.144169987104045025e-09
1.442015751563302528e-02 2.143339624285355705e-09
1.458713507000582860e-02 2.138427377847087858e-09
1.475604613333193239e-02 2.147850856286066466e-09
1.492691309458979952e-02 2.132289467338855127e-09
1.509975860201007679e-02 2.144737159860892564e-09
1.527460556607755995e-02 2.139278004681534414e-09
1.545147716256795901e-02 2.132913086369465975e-09
1.563039683561977602e-02 2.144456708740801856e-09
1.581138830084189567e-02 2.139621184815449704e-09
1.599447554845698227e-02 2.129886749868095062e-09
1.617968284648142047e-02 2.137037141028324026e-09
1.636703474394191060e-02 2.143109267518366253e-09
1.655655607412955324e-02 2.136133846430315438e-09
1.674827195789137593e-02 2.127896448718638262e-09
1.694220780696013146e-02 2.132030608338367606e-09
1.713838932732252018e-02 2.136539691392679961e-09
1.733684252262658251e-02 2.139507181446068087e-09
1.753759369762839665e-02 2.137297805701230055e-09
1.774066946167878259e-02 2.133657545901962264e-09
1.794609673225026208e-02 2.130529547076742831e-09
1.815390273850506567e-02 2.127232437207112360e-09
1.836411502490422828e-02 2.125577333210277940e-09
1.857676145485861671e-02 2.123415901525442263e-09
1.879187021442221134e-02 2.124580846167175066e-09
1.900946981602805869e-02 2.125084516139725243e-09
1.922958910226767182e-02 2.127179921788875005e-09
1.945225724971402087e-02 2.128396081167178028e-09
1.967750377278887700e-02 2.131498342256496164e-09
1.990535852767486361e-02 2.131645844655508407e-09
2.013585171627295042e-02 2.127115817615330921e-09
2.036901389020562628e-02 2.121162451351199633e-09
2.060487595486651738e-02 2.119147380833383205e-09
2.084346917351677028e-02 2.125259006724225906e-09
2.108482517142910850e-02 2.127453117601195633e-09
2.132897594007962527e-02 2.119738864289137290e-09
2.157595384138826650e-02 2.118523552144111844e-09
2.182579161200829884e-02 2.126173710815555927e-09
2.207852236766562337e-02 2.117810119831051945e-09
2.233417960754814982e-02 2.119645706775482399e-09
2.259279721874613012e-02 2.121898399996075225e-09
2.285440948074375644e-02 2.114626629842203560e-09
2.311905106996301265e-02 2.122448005009914123e-09
2.338675706435990043e-02 2.113057969977917995e-09
2.365756294807403598e-02 2.120201092028963485e-09
2.393150461613191907e-02 2.113448791749614137e-09
2.420861837920496376e-02 2.115403983214833214e-09
2.448894096842230139e-02 2.117893690741144018e-09
2.477250954023949708e-02 2.109512019477654872e-09
2.505936168136362052e-02 2.115259116228820931e-09
2.534953541373522259e-02 2.117449918454445305e-09
2.564306919956824138e-02 2.109468200835420160e-09
2.594000194644804219e-02 2.106565265972885578e-09
2.624037301248863946e-02 2.111223281006723273e-09
2.654422221154941960e-02 2.113947532967953075e-09
2.685158981851262783e-02 2.113751551053977555e-09
2.716251657462164654e-02 2.111868967276336018e-09
2.747704369288123463e-02 2.108668508348563788e-09
2.779521286352018214e-02 2.108114719066829848e-09
2.811706625951744878e-02 2.107994976848082179e-09
2.844264654219206059e-02 2.108602680645489444e-09
2.877199686685785393e-02 2.109716329747402635e-09
2.910516088854357697e-02 2.108178008140036912e-09
2.944218276777944496e-02 2.106443468633937240e-09
2.978310717645051356e-02 2.101627095756419752e-09
3.012797930371790070e-02 2.100022645164380276e-09
3.047684486200846407e-02 2.104071009740375205e-09
3.082975009307410696e-02 2.104363541469514494e-09
3.118674177412095530e-02 2.098866502578818208e-09
3.154786722400967913e-02 2.102795189201966435e-09
3.191317430952744089e-02 2.101447142566395364e-09
3.228271145173277484e-02 2.098339679924882731e-09
3.265652763237360950e-02 2.100084055323435912e-09
3.303467240037977898e-02 2.098018068304657398e-09
3.341719587843073463e-02 2.097156483070857420e-09
3.380414876959908499e-02 2.100954602163876861e-09
3.419558236407146262e-02 2.093853598539718582e-09
3.459154854594680834e-02 2.095043224339341628e-09
3.499209980011368931e-02 2.099257434373249278e-09
3.539728921920690108e-02 2.096376250196171462e-09
3.580717051064509493e-02 2.091544049581436317e-09
3.622179800374948633e-02 2.090338758062394244e-09
3.664122665694521247e-02 2.089732688801572632e-09
3.706551206504588025e-02 2.089031751436537182e-09
3.749471046662278262e-02 2.088746991418854924e-09
3.792887875145917187e-02 2.087016065042161647e-09
3.836807446809096384e-02 2.087303720965364490e-09
3.881235583143458762e-02 2.088926122836749557e-09
3.926178173050358378e-02 2.088541090282633556e-09
3.971641173621406201e-02 2.088457932527397965e-09
4.017630610928087792e-02 2.084031158422214696e-09
4.064152580820496602e-02 2.087650804391527276e-09
4.111213249735355679e-02 2.085333718969155011e-09
4.158818855513353452e-02 2.083732110082411064e-09
4.206975708225977467e-02 2.085079578949219844e-09
4.255690191011882867e-02 2.083399306452082238e-09
4.304968760923003068e-02 2.081450046246280125e-09
4.354817949780401959e-02 2.084457713288693503e-09
4.405244365040068139e-02 2.081955871300665538e-09
4.456254690668728924e-02 2.077707069819514392e-09
4.507855688029784730e-02 2.079594683414790181e-09
4.560054196779547708e-02 2.080316406515612968e-09
4.612857135773813788e-02 2.080192372410090018e-09
4.666271503984956159e-02 2.079532983774896827e-09
4.720304381429617224e-02 2.078560307489651847e-09
4.774962930107179426e-02 2.075306311078133815e-09
4.830254394949064223e-02 2.074323362852744932e-09
4.886186104779054878e-02 2.074163667212160018e-09
4.942765473284694427e-02 2.077457653013217610e-09
4.999999999999998890e-02 2.072879458335969917e-09
5.057897271299490599e-02 2.072799945667551898e-09
5.116464961403771605e-02 2.073204976844251464e-09
5.175710833396719723e-02 2.071333436970937949e-09
5.235642740254497357e-02 2.069924163067005123e-09
5.296268625886441789e-02 2.072709542084727570e-09
5.357596526188034003e-02 2.068874200843530051e-09
5.419634570106018207e-02 2.067364093548962174e-09
5.482390980715924622e-02 2.066907399148450076e-09
5.545874076312003881e-02 2.067531672009212597e-09
5.610092271509820039e-02 2.066339679507158700e-09
5.675054078361577159e-02 2.064475620955881043e-09
5.740768107484413296e-02 2.063631359530666505e-09
5.807243069201711849e-02 2.064338253061849350e-09
5.874487774697650933e-02 2.065744916696346864e-09
5.942511137185093467e-02 2.062859442440756080e-09
6.011322173087065013e-02 2.065708637471834577e-09
6.080930003231838771e-02 2.061795748054323903e-09
6.151343854061905314e-02 2.062763959466551512e-09
6.222573058856926964e-02 2.059926866339593290e-09
6.294627058970836408e-02 2.059879743817380008e-09
6.367515405083307156e-02 2.060697971982923136e-09
6.441247758465666606e-02 2.060503193381122686e-09
6.515833892261499449e-02 2.058009313066786221e-09
6.591283692782035075e-02 2.058512488681465714e-09
6.667607160816618750e-02 2.057439091316449839e-09
6.744814412958265171e-02 2.047162014461151566e-09
6.822915682944626081e-02 2.055002739436363930e-09
6.901921323014426068e-02 2.055898953742552605e-09
6.981841805279687119e-02 2.052194732232776265e-09
7.062687723113769689e-02 2.054108689621580389e-09
7.144469792555516174e-02 2.051932473847631041e-09
7.227198853729638328e-02 2.050543122502770679e-09
7.310885872283590103e-02 2.050902317143457916e-09
7.395541940841034168e-02 2.050098500262950088e-09
7.481178280472169928e-02 2.049628576194886015e-09
7.567806242181042420e-02 2.041480642322069505e-09
7.655437308410149855e-02 2.046793423554428237e-09
7.744083094562403957e-02 2.047467516583595465e-09
7.833755350540749784e-02 2.047673728512474582e-09
7.924465962305569933e-02 2.044741845097841365e-09
8.016226953450207582e-02 2.046446833928232177e-09
8.109050486794647239e-02 2.045461151202087860e-09
8.202948865997691796e-02 2.043058521043322698e-09
8.297934537187805215e-02 2.042030350959213462e-09
8.394020090612801244e-02 2.040945105505233729e-09
8.491218262308719567e-02 2.040731923588118951e-09
8.589541935787936566e-02 2.042017540831962696e-09
8.689004143746879849e-02 2.041218565527233576e-09
8.789618069793463107e-02 2.038564548780419218e-09
8.891397050194613239e-02 2.039844596302797632e-09
8.994354575643936922e-02 2.037393374169585497e-09
9.098504293049920755e-02 2.037215781945230955e-09
9.203860007344781546e-02 2.036628752210706611e-09
9.310435683314337296e-02 2.036113903257360650e-09
9.418245447449000163e-02 2.035555864853337191e-09
9.527303589816239759e-02 2.033404791346199292e-09
9.637624565954681921e-02 2.034977425827032076e-09
9.749222998790225969e-02 2.033678470015268059e-09
9.862113680574263741e-02 2.025440888915625383e-09
9.976311574844401453e-02 2.031366546012680416e-09
1.009183181840780652e-01 2.031995323256260847e-09
1.020868972334764563e-01 2.030723960729148186e-09
1.032690077905264459e-01 2.030128134793668444e-09
1.044648065427020156e-01 2.015404972668128453e-09
1.056744519918323688e-01 2.026142226039047294e-09
1.068981044751115966e-01 2.028568286335236048e-09
1.081359261863509835e-01 2.026121566328044958e-09
1.093880811974775741e-01 2.025357858957250851e-09
1.106547354802819155e-01 2.025768000420436372e-09
1.119360569284169882e-01 2.025099535914156238e-09
1.132322153796529729e-01 2.024460498206421394e-09
1.145433826383886050e-01 2.022545974704654924e-09
1.158697324984239718e-01 2.023278727534951312e-09
1.172114407659961000e-01 2.021198454896230454e-09
1.185686852830827448e-01 2.021074230563065105e-09
1.199416459509744654e-01 2.021675881833250863e-09
1.213305047541208270e-01 2.019112631617169117e-09
1.227354457842515373e-01 2.019512324975396862e-09
1.241566552647785093e-01 2.017345998733906843e-09
1.255943215754789510e-01 2.017420309453324795e-09
1.270486352774652938e-01 2.016639484137415083e-09
1.285197891384432245e-01 2.016525947281548481e-09
1.300079781582635929e-01 2.015805992296490383e-09
1.315133995947690426e-01 2.013869560378108290e-09
1.330362529899405399e-01 2.013772903110888413e-09
1.345767401963458010e-01 2.013902904619258959e-09
1.361350654038956109e-01 2.012043089126392971e-09
1.377114351669082859e-01 2.012336929370729664e-09
1.393060584314886052e-01 2.011933320086005280e-09
1.409191465632227414e-01 2.010948285172737729e-09
1.425509133751954594e-01 2.009932360678483393e-09
1.442015751563302528e-01 2.007305828627919539e-09
1.458713507000582721e-01 2.007103162766113311e-09
1.475604613333193205e-01 2.007601881628121065e-09
1.492691309458979987e-01 2.007139590042298493e-09
1.509975860201007714e-01 2.006573851213613769e-09
1.527460556607755926e-01 2.004732137005709977e-09
1.545147716256795867e-01 2.005229722312341739e-09
1.563039683561977533e-01 2.003370116810150432e-09
1.581138830084189428e-01 2.003489209881949407e-09
1.599447554845698227e-01 2.004853660826790108e-09
1.617968284648141908e-01 2.002125444619435570e-09
1.636703474394191060e-01 2.000044013905421105e-09
1.655655607412955255e-01 1.999649845941410377e-09
1.674827195789137801e-01 1.998702369076203188e-09
1.694220780696013284e-01 1.998385934517024491e-09
1.713838932732252018e-01 1.997754079497690469e-09
1.733684252262658043e-01 1.997059176252617669e-09
1.753759369762839249e-01 1.997073386598491063e-09
1.774066946167878189e-01 1.996233371020277821e-09
1.794609673225026625e-01 1.995085996584538526e-09
1.815390273850506775e-01 1.994285694644275630e-09
1.836411502490422898e-01 1.994077811454799941e-09
1.857676145485863684e-01 1.993096855680340983e-09
1.879187021442220995e-01 1.992671302027301712e-09
1.900946981602806007e-01 1.992496072129856450e-09
1.922958910226767459e-01 1.990158522099194665e-09
1.945225724971401948e-01 1.990602175732827018e-09
1.967750377278887630e-01 1.989687198958940589e-09
1.990535852767486291e-01 1.983103812329905695e-09
2.013585171627295112e-01 1.989434192729071166e-09
2.036901389020562836e-01 1.986948375936829553e-09
2.060487595486651669e-01 1.986950674397342941e-09
2.084346917351677375e-01 1.986245813796526563e-09
2.108482517142910850e-01 1.984975717947882220e-09
2.132897594007962527e-01 1.984898868682212127e-09
2.157595384138826511e-01 1.983419618197748936e-09
2.182579161200830231e-01 1.982835379867547131e-09
2.207852236766562615e-01 1.981468230312972013e-09
2.233417960754814635e-01 1.980885368812856466e-09
2.259279721874612734e-01 1.980393742377413174e-09
2.285440948074375367e-01 1.980313690244908593e-09
2.311905106996301473e-01 1.977533770558768710e-09
2.338675706435990320e-01 1.977594820318333798e-09
2.365756294807403459e-01 1.978308588279640610e-09
2.393150461613192115e-01 1.977631685460574045e-09
2.420861837920497139e-01 1.975888803858890531e-09
2.448894096842230417e-01 1.975955422183807003e-09
2.477250954023952345e-01 1.975276538801567618e-09
2.505936168136362330e-01 1.973552621828465127e-09
2.534953541373521912e-01 1.972065316937725707e-09
2.564306919956823583e-01 1.972555070922515060e-09
2.594000194644804358e-01 1.972479517048679678e-09
2.624037301248863807e-01 1.970887164655570772e-09
2.654422221154941752e-01 1.971290665966806723e-09
2.685158981851262783e-01 1.969398975800330668e-09
2.716251657462164792e-01 1.969119053458627457e-09
2.747704369288123671e-01 1.968756938661772470e-09
2.779521286352018006e-01 1.970065921872066501e-09
2.811706625951744809e-01 1.966785442046302501e-09
2.844264654219206268e-01 1.964874060795589293e-09
2.877199686685785740e-01 1.965617018499899318e-09
2.910516088854357419e-01 1.964297898431130871e-09
2.944218276777944010e-01 1.963278835710957340e-09
2.978310717645051287e-01 1.963407570932247932e-09
3.012797930371790001e-01 1.962896700658315100e-09
3.047684486200846199e-01 1.961282492854444165e-09
3.082975009307410419e-01 1.941092344517295824e-09
3.118674177412095183e-01 1.961227064486441933e-09
3.154786722400967358e-01 1.959429791043632500e-09
3.191317430952744227e-01 1.959229576641196992e-09
3.228271145173277623e-01 1.959504609949775007e-09
3.265652763237361089e-01 1.958620004135129654e-09
3.303467240037981645e-01 1.956301089191708525e-09
3.341719587843073880e-01 1.973021148020025570e-09
3.380414876959909054e-01 1.933707875643953158e-09
3.419558236407145846e-01 1.953882716075600813e-09
3.459154854594680417e-01 1.953679682530531238e-09
3.499209980011368515e-01 1.952897048636011056e-09
3.539728921920690108e-01 1.952817195769045428e-09
3.580717051064509771e-01 1.950251102844722000e-09
3.622179800374948910e-01 1.948188564889221685e-09
3.664122665694521941e-01 1.950072622594692035e-09
3.706551206504588025e-01 1.950593519353499981e-09
3.749471046662278817e-01 1.942292079279406243e-09
3.792887875145917742e-01 1.949003459472090332e-09
3.836807446809096245e-01 1.947135552610057361e-09
3.881235583143459178e-01 1.946761921660521527e-09
3.926178173050358100e-01 1.946135938549884320e-09
3.971641173621405785e-01 1.945237105421899773e-09
4.017630610928087376e-01 1.945419851113041868e-09
4.064152580820497018e-01 1.943555868588433928e-09
4.111213249735354847e-01 1.943555900391287649e-09
4.158818855513353729e-01 1.943596783947844291e-09
4.206975708225977328e-01 1.940626473325033976e-09
4.255690191011883283e-01 1.940498519798443064e-09
4.304968760923003068e-01 1.939800987089837081e-09
4.354817949780402375e-01 1.938653478562443965e-09
4.405244365040072441e-01 1.938936886824138811e-09
4.456254690668728924e-01 1.938430666213933726e-09
4.507855688029784313e-01 1.936569811385652683e-09
4.560054196779547708e-01 1.937856951084586838e-09
4.612857135773818507e-01 1.935232261614777616e-09
4.666271503984957270e-01 1.939449205384396655e-09
4.720304381429616947e-01 1.935040492368519064e-09
4.774962930107178316e-01 1.933958251245927635e-09
4.830254394949065055e-01 1.932591349251896054e-09
4.886186104779055572e-01 1.931639719505176995e-09
4.942765473284694844e-01 1.932052615385082280e-09
5.000000000000000000e-01 1.931146585099866635e-09
5.235642740254496941e-01 1.927436514498471296e-09
5.482390980715925455e-01 1.924654511904944422e-09
5.740768107484413019e-01 1.924116927287245406e-09
6.011322173087064735e-01 1.918513052977175604e-09
6.294627058970835298e-01 1.911396459333979177e-09
6.591283692782035075e-01 1.908205904730539533e-09
6.901921323014423848e-01 1.912590280897156697e-09
7.227198853729638328e-01 1.908709027649865459e-09
7.567806242181042142e-01 1.905092191238638157e-09
7.924465962305566880e-01 1.900686967047420912e-09
8.297934537187804382e-01 1.898002131478357496e-09
8.689004143746876796e-01 1.896919900961061521e-09
9.098504293049918257e-01 1.892103752770206434e-09
9.527303589816236151e-01 1.889503019786595623e-09
9.976311574844398677e-01 1.887409236018419604e-09
1.044648065427019601e+00 1.884621649930422696e-09
1.093880811974776268e+00 1.881985250777594616e-09
1.145433826383886355e+00 1.878638207794357768e-09
1.199416459509745181e+00 1.876329143039583695e-09
1.255943215754790065e+00 1.872868704048249179e-09
1.315133995947690870e+00 1.870621264130349503e-09
1.377114351669083137e+00 1.866880980330660374e-09
1.442015751563303194e+00 1.866301171577133263e-09
1.509975860201008047e+00 1.854106693219309665e-09
1.581138830084189539e+00 1.855104744177005208e-09
1.655655607412955588e+00 1.856775042819074235e-09
1.733684252262658321e+00 1.852877261037208709e-09
1.815390273850506775e+00 1.860641854227033208e-09
1.900946981602805730e+00 1.850361105511378842e-09
1.990535852767485903e+00 1.844849041365890835e-09
2.084346917351676876e+00 1.838834167869165695e-09
2.182579161200830065e+00 1.838553926239064068e-09
2.285440948074374923e+00 1.836153658119169628e-09
2.393150461613192004e+00 1.833841458443870647e-09
2.505936168136361886e+00 1.840110942196278695e-09
2.624037301248862697e+00 1.828586795484373477e-09
2.747704369288122450e+00 1.827933306844241830e-09
2.877199686685784741e+00 1.822093440139521673e-09
3.012797930371788446e+00 1.818973632518055674e-09
3.154786722400965804e+00 1.816347874918299147e-09
3.303467240037979646e+00 1.815793844908152200e-09
3.459154854594682416e+00 1.806790929667448299e-09
3.622179800374950354e+00 1.809527733085408579e-09
3.792887875145919629e+00 1.807698149814000687e-09
3.971641173621408782e+00 1.802656829223659356e-09
4.158818855513356283e+00 1.800125946368181442e-09
4.354817949780404263e+00 1.800258092774909421e-09
4.560054196779547375e+00 1.794000991708849963e-09
4.774962930107178316e+00 1.790995949435341978e-09
5.000000000000000000e+00 1.787589437010066355e-09
6.294627058970836408e+00 1.775130203374499141e-09
7.924465962305568212e+00 1.761279140720333317e-09
9.976311574844396901e+00 1.748065502959203647e-09
1.255943215754790110e+01 1.732923183100453829e-09
1.581138830084189628e+01 1.714074752688223585e-09
1.990535852767486347e+01 1.704879617854732076e-09
2.505936168136361886e+01 1.692024604196833945e-09
3.154786722400966426e+01 1.677775593833472980e-09
3.971641173621406296e+01 1.664317255620257010e-09
4.999999999999999289e+01 1.648181520315240742e-09
