2.505936168136361892e-05 5.958606168960357121e-14
2.564306919956823707e-05 1.112861066157821647e-13
2.624037301248860956e-05 2.531494416080469228e-13
2.685158981851265889e-05 4.806556493265255464e-13
2.747704369288124057e-05 7.923661274448103231e-13
2.811706625951745350e-05 1.188917369386682940e-12
2.877199686685783203e-05 1.672633935963396865e-12
2.944218276777941663e-05 2.247386736684482628e-12
3.012797930371790298e-05 2.918957536895654601e-12
3.082975009307410534e-05 3.695743028298940769e-12
3.154786722400964650e-05 4.581086638045152715e-12
3.228271145173280656e-05 5.587024996786200782e-12
3.303467240037981687e-05 6.722854236449052287e-12
3.380414876959908759e-05 8.002329243266066686e-12
3.459154854594680595e-05 9.431524470300837369e-12
3.539728921920685885e-05 1.103282131153900292e-11
3.622179800374952406e-05 1.281794998951922251e-11
3.706551206504588155e-05 1.481125788970879481e-11
3.792887875145917236e-05 1.701568592639752148e-11
3.881235583143463039e-05 1.946298239270623731e-11
3.971641173621410364e-05 2.216605555687949840e-11
4.064152580820496591e-05 2.515813158171359663e-11
4.158818855513353842e-05 2.845625000394167197e-11
4.255690191011878395e-05 3.209911660082676531e-11
4.354817949780398050e-05 3.611123598302536974e-11
4.456254690668729390e-05 4.052116241544079142e-11
4.560054196779547508e-05 4.537249527944901766e-11
4.666271503984952289e-05 5.071875649727940606e-11
4.774962930107183736e-05 5.656484541468683272e-11
4.886186104779054808e-05 6.297750789958824289e-11
4.999999999999998884e-05 6.999888870015558637e-11
5.057897271299490442e-05 7.374015695005430690e-11
5.116464961403766531e-05 7.767011370485116816e-11
5.175710833396713543e-05 8.174807897138548142e-11
5.235642740254491996e-05 8.604984882808751813e-11
5.296268625886447866e-05 9.053639751294347302e-11
5.357596526188034176e-05 9.520209463445185818e-11
5.419634570106018624e-05 1.001231191377267706e-10
5.482390980715923717e-05 1.052224695586292501e-10
5.545874076312003680e-05 1.105338338154936243e-10
5.610092271509813691e-05 1.160989200105608882e-10
5.675054078361571342e-05 1.219103749551008808e-10
5.740768107484408596e-05 1.279607882519390578e-10
5.807243069201718186e-05 1.343052232316712025e-10
5.874487774697651393e-05 1.408892820548892271e-10
5.942511137185094486e-05 1.477597706493938290e-10
6.011322173087064877e-05 1.549408185737510624e-10
6.080930003231838695e-05 1.624185681257292239e-10
6.151343854061905325e-05 1.701907372543459034e-10
6.222573058856921034e-05 1.782627433839635663e-10
6.294627058970830402e-05 1.867058559598941541e-10
6.367515405083314138e-05 1.954592029840392931e-10
6.441247758465673719e-05 2.046305580525327617e-10
6.515833892261499124e-05 2.140822050602712733e-10
6.591283692782035650e-05 2.240349603017827016e-10
6.667607160816619769e-05 2.342850585327305805e-10
6.744814412958265366e-05 2.449788242160644453e-10
6.822915682944618535e-05 2.560765096035747490e-10
6.901921323014417829e-05 2.676144639170675040e-10
6.981841805279679497e-05 2.796345669988733811e-10
7.062687723113775782e-05 2.920726779897290154e-10
7.144469792555517389e-05 3.049599558248326145e-10
7.227198853729638578e-05 3.183483571665236512e-10
7.310885872283590017e-05 3.323120845878123294e-10
7.395541940841035122e-05 3.467893300880195262e-10
7.481178280472162371e-05 3.617835017580934425e-10
7.567806242181034505e-05 3.772274203734155747e-10
7.655437308410142656e-05 3.933033163015378384e-10
7.744083094562412067e-05 4.099893049982041428e-10
7.833755350540748852e-05 4.272496657992819868e-10
7.924465962305569597e-05 4.450964561373447224e-10
8.016226953450208102e-05 4.634666016982550007e-10
8.109050486794647857e-05 4.826740265642455738e-10
8.202948865997692718e-05 5.023644238795522976e-10
8.297934537187796715e-05 5.228590570021977248e-10
8.394020090612792852e-05 5.438309789337466075e-10
8.491218262308728262e-05 5.656422663323224224e-10
8.589541935787945305e-05 5.879959135239212572e-10
8.689004143746881595e-05 6.112751922387815535e-10
8.789618069793464267e-05 6.352260680719324194e-10
8.891397050194613488e-05 6.598631875125676827e-10
8.994354575643936521e-05 6.851279999339920978e-10
9.098504293049911853e-05 7.112680636343290779e-10
9.203860007344770748e-05 7.381766262200853942e-10
9.310435683314326931e-05 7.658110825724850917e-10
9.418245447449009216e-05 7.942582373971749999e-10
9.527303589816239347e-05 8.235301995468101903e-10
9.637624565954680924e-05 8.535829617029506578e-10
9.749222998790225210e-05 8.843949231645780396e-10
9.862113680574265443e-05 9.159300867230730777e-10
9.976311574844392432e-05 9.482724241743389406e-10
1.009183181840780556e-04 9.815851858202687681e-10
1.020868972334764785e-04 1.015715539022138170e-09
1.032690077905264468e-04 1.050481355413603969e-09
1.044648065427019099e-04 1.086061528381985362e-09
1.056744519918323676e-04 1.122317285839296028e-09
1.068981044751116186e-04 1.159450326683384370e-09
1.081359261863509824e-04 1.197427490489299104e-09
1.093880811974775783e-04 1.236043335196021200e-09
1.106547354802819031e-04 1.275313126162475148e-09
1.119360569284169843e-04 1.315298582139132366e-09
1.132322153796529580e-04 1.355797211823162103e-09
1.145433826383886026e-04 1.397034511960234535e-09
1.158697324984239615e-04 1.438785030532660411e-09
1.172114407659961431e-04 1.481143800074175650e-09
1.185686852830827555e-04 1.524134483372862335e-09
1.199416459509744813e-04 1.567387136257142952e-09
1.213305047541207081e-04 1.611439262561298781e-09
1.227354457842515364e-04 1.655694503488955267e-09
1.241566552647784948e-04 1.700473580578794245e-09
1.255943215754789502e-04 1.744920338960040899e-09
1.270486352774653110e-04 1.789956194450302704e-09
1.285197891384432108e-04 1.834938278954022736e-09
1.300079781582635788e-04 1.880379287306977047e-09
1.315133995947690435e-04 1.925452736323778170e-09
1.330362529899403897e-04 1.970592804049113183e-09
1.345767401963458333e-04 2.015456332538403448e-09
1.361350654038956344e-04 2.060043141681989657e-09
1.377114351669082826e-04 2.104284542901216115e-09
1.393060584314884456e-04 2.147983491217368218e-09
1.409191465632227234e-04 2.191406605803332641e-09
1.425509133751954596e-04 2.233717854178175045e-09
1.442015751563302474e-04 2.275393172223713978e-09
1.458713507000582675e-04 2.316116672821320247e-09
1.475604613333193142e-04 2.356405656399519197e-09
1.492691309458979746e-04 2.394429401907747106e-09
1.509975860201007907e-04 2.432143108231799530e-09
1.527460556607755941e-04 2.467471383160827009e-09
1.545147716256795760e-04 2.502671031141578150e-09
1.563039683561977700e-04 2.534926291968310874e-09
1.581138830084189426e-04 2.565458743969397108e-09
1.599447554845698401e-04 2.593966534804492408e-09
1.617968284648140247e-04 2.621624481114350002e-09
1.636703474394191234e-04 2.645415349508607481e-09
1.655655607412955237e-04 2.667472015298645778e-09
1.674827195789137550e-04 2.686872515761941274e-09
1.694220780696013395e-04 2.703396563698283543e-09
1.713838932732251867e-04 2.718275133471504010e-09
1.733684252262658175e-04 2.729427128004917692e-09
1.753759369762839622e-04 2.738322117076253243e-09
1.774066946167876340e-04 2.742641492656135854e-09
1.794609673225026631e-04 2.745436758563242722e-09
1.815390273850506729e-04 2.744101154643236941e-09
1.836411502490422785e-04 2.739715330344068884e-09
1.857676145485863753e-04 2.731997577894821257e-09
1.879187021442221307e-04 2.720895865422329953e-09
1.900946981602805912e-04 2.706222083016535322e-09
1.922958910226767171e-04 2.688505141981404571e-09
1.945225724971401946e-04 2.666481523645633349e-09
1.967750377278885748e-04 2.641723828700876198e-09
1.990535852767486220e-04 2.612380129625747498e-09
2.013585171627295303e-04 2.580777109582266764e-09
2.036901389020562758e-04 2.546494124421120845e-09
2.060487595486651640e-04 2.508855281524556346e-09
2.084346917351676985e-04 2.467767438858827645e-09
2.108482517142910915e-04 2.424206600719692213e-09
2.132897594007962582e-04 2.377935135992573825e-09
2.157595384138824807e-04 2.329136656675916075e-09
2.182579161200830275e-04 2.278837743104739116e-09
2.207852236766562250e-04 2.226359125538932036e-09
2.233417960754814700e-04 2.172342770944127925e-09
2.259279721874612654e-04 2.117151303170714680e-09
2.285440948074375482e-04 2.061826100958946039e-09
2.311905106996301417e-04 2.005283569516088906e-09
2.338675706435990129e-04 1.948860042304564479e-09
2.365756294807400931e-04 1.892934776933867073e-09
2.393150461613192416e-04 1.838097057256598035e-09
2.420861837920496669e-04 1.784164771905111019e-09
2.448894096842230486e-04 1.732149446077002360e-09
2.477250954023952571e-04 1.682610077573840374e-09
2.505936168136362096e-04 1.635697795156421144e-09
2.534953541373521587e-04 1.591919413414145665e-09
2.564306919956823639e-04 1.551919275612243654e-09
2.594000194644803916e-04 1.515649249812929798e-09
2.624037301248860888e-04 1.484711398059409432e-09
2.654422221154941939e-04 1.457885202038127470e-09
2.685158981851263043e-04 1.436367590197294457e-09
2.716251657462165044e-04 1.420857468825118249e-09
2.747704369288123854e-04 1.411419030753958061e-09
2.779521286352018127e-04 1.407514317780588229e-09
2.811706625951744943e-04 1.410172554420622236e-09
2.844264654219205712e-04 1.419293210573555866e-09
2.877199686685782661e-04 1.434428949999281857e-09
2.910516088854357393e-04 1.456073946587973999e-09
2.944218276777944170e-04 1.483960177335620525e-09
2.978310717645051204e-04 1.517826604896191721e-09
3.012797930371790027e-04 1.557006113635424075e-09
3.047684486200846234e-04 1.601599637916718723e-09
3.082975009307410263e-04 1.650952440156797755e-09
3.118674177412095313e-04 1.704523966051277702e-09
3.154786722400964379e-04 1.760879915251668623e-09
3.191317430952743915e-04 1.820782073306358069e-09
3.228271145173277267e-04 1.882265516916749462e-09
3.265652763237360972e-04 1.944836071469496434e-09
3.303467240037981823e-04 2.007123633155764173e-09
3.341719587843073962e-04 2.068674037992575608e-09
3.380414876959908759e-04 2.128471703371387086e-09
3.419558236407145655e-04 2.185277369018966063e-09
3.459154854594681137e-04 2.237797083262157234e-09
3.499209980011365223e-04 2.285753887074554634e-09
3.539728921920690086e-04 2.327934539566802415e-09
3.580717051064509905e-04 2.362984849271433314e-09
3.622179800374948611e-04 2.391058193070076516e-09
3.664122665694521551e-04 2.410959485896234681e-09
3.706551206504588155e-04 2.422786437678315291e-09
3.749471046662278739e-04 2.425575782113338551e-09
3.792887875145917100e-04 2.419581343762102012e-09
3.836807446809091808e-04 2.404382033575577605e-09
3.881235583143459109e-04 2.381285488661017228e-09
3.926178173050358226e-04 2.349802841718739584e-09
3.971641173621406028e-04 2.311168565778288562e-09
4.017630610928088399e-04 2.265504425679651139e-09
4.064152580820496320e-04 2.215272153286867724e-09
4.111213249735355181e-04 2.160599623166054192e-09
4.158818855513353300e-04 2.103370861572661063e-09
4.206975708225972393e-04 2.045543979237118926e-09
4.255690191011882867e-04 1.987779417845000361e-09
4.304968760923003697e-04 1.932561015806160575e-09
4.354817949780401981e-04 1.881312260113446711e-09
4.405244365040072822e-04 1.835944088384124171e-09
4.456254690668728577e-04 1.798004569008294491e-09
4.507855688029783927e-04 1.768357688517399655e-09
4.560054196779547643e-04 1.748169595792099808e-09
4.612857135773813463e-04 1.739304392736482516e-09
4.666271503984952018e-04 1.740744098600211252e-09
4.720304381429617094e-04 1.753941884184797651e-09
4.774962930107179535e-04 1.778172289013856510e-09
4.830254394949064960e-04 1.812698890736813585e-09
4.886186104779055486e-04 1.856930973489280568e-09
4.942765473284694211e-04 1.908322254527801981e-09
4.999999999999999020e-04 1.966140179356051030e-09
5.057897271299491120e-04 2.028156839969990860e-09
5.116464961403766531e-04 2.091374750903305890e-09
5.175710833396719507e-04 2.153865547045259107e-09
5.235642740254497010e-04 2.212643413010164857e-09
5.296268625886442309e-04 2.265858429761878386e-09
5.357596526188034176e-04 2.309966247629168512e-09
5.419634570106019031e-04 2.344365282631685362e-09
5.482390980715924666e-04 2.366506163461544260e-09
5.545874076312004358e-04 2.375142038447619514e-09
5.610092271509814097e-04 2.370092832591199955e-09
5.675054078361570394e-04 2.352142766034674236e-09
5.740768107484413340e-04 2.320931904434556575e-09
5.807243069201711546e-04 2.279109747439160415e-09
5.874487774697650716e-04 2.228201493236123328e-09
5.942511137185093944e-04 2.171593678032934931e-09
6.011322173087063929e-04 2.111940601286996081e-09
6.080930003231838424e-04 2.053897196227458818e-09
6.151343854061905054e-04 1.999331273357005844e-09
6.222573058856920762e-04 1.953099070938067896e-09
6.294627058970836365e-04 1.917393200187371629e-09
6.367515405083307633e-04 1.895481862362544221e-09
6.441247758465673719e-04 1.888645229627358998e-09
6.515833892261498582e-04 1.897739615027726004e-09
6.591283692782036463e-04 1.922395988965956016e-09
6.667607160816619227e-04 1.961182270807588037e-09
6.744814412958264824e-04 2.011517269789516176e-09
6.822915682944617451e-04 2.070774512175673511e-09
6.901921323014424334e-04 2.133489959419322590e-09
6.981841805279687899e-04 2.196015218579437072e-09
7.062687723113776324e-04 2.252907508267069956e-09
7.144469792555517389e-04 2.300643397383920417e-09
7.227198853729638849e-04 2.333983038566692181e-09
7.310885872283591101e-04 2.350621659681475749e-09
7.395541940841035122e-04 2.350011233027879881e-09
7.481178280472162642e-04 2.330570286909788886e-09
7.567806242181033963e-04 2.294881216568047797e-09
7.655437308410150245e-04 2.246036815868640362e-09
7.744083094562404478e-04 2.188783020936018323e-09
7.833755350540749394e-04 2.128415541935964486e-09
7.924465962305569326e-04 2.071123184837903000e-09
8.016226953450207018e-04 2.022862422420090392e-09
8.109050486794647586e-04 1.989463282272061248e-09
8.202948865997692447e-04 1.974185473064571890e-09
8.297934537187795631e-04 1.978926967985002354e-09
8.394020090612802068e-04 2.003910604187130922e-09
8.491218262308721215e-04 2.046663322313780041e-09
8.589541935787944763e-04 2.102362866688738034e-09
8.689004143746879155e-04 2.164873834867615960e-09
8.789618069793462369e-04 2.226933635525942984e-09
8.891397050194612675e-04 2.280551984781125529e-09
8.994354575643935708e-04 2.319119343861410732e-09
9.098504293049911040e-04 2.337674967403131262e-09
9.203860007344780506e-04 2.333322282057491198e-09
9.310435683314335605e-04 2.307028839571556680e-09
9.418245447449010571e-04 2.261689170872104479e-09
9.527303589816239890e-04 2.205083521278161928e-09
9.637624565954682008e-04 2.144217284897234873e-09
9.749222998790225752e-04 2.088936131057662447e-09
9.862113680574266256e-04 2.047821299768581818e-09
9.976311574844392432e-04 2.027688964656383276e-09
1.009183181840779715e-03 2.032510534492665780e-09
1.020868972334764650e-03 2.061322459586740432e-09
1.032690077905264224e-03 2.110397341553691082e-09
1.044648065427020156e-03 2.170938948651252262e-09
1.056744519918323541e-03 2.233009739966895410e-09
1.068981044751116105e-03 2.285481980037477880e-09
1.081359261863509879e-03 2.318874426529522342e-09
1.093880811974775810e-03 2.326381030331020126e-09
1.106547354802818028e-03 2.307384454392928882e-09
1.119360569284169734e-03 2.264961343693345488e-09
1.132322153796529608e-03 2.207174248851314601e-09
1.145433826383887056e-03 2.146722206598107987e-09
1.158697324984239588e-03 2.096118790529869755e-09
1.172114407659961052e-03 2.066997048928686426e-09
1.185686852830827474e-03 2.065129584838043820e-09
1.199416459509744732e-03 2.092576461359269684e-09
1.213305047541206891e-03 2.143712897101568158e-09
1.227354457842515364e-03 2.201974090660497741e-09
1.241566552647784894e-03 2.263156260667350041e-09
1.255943215754790803e-03 2.304355325424145390e-09
1.270486352774652947e-03 2.316339861318621935e-09
1.285197891384432054e-03 2.299869974033999696e-09
1.300079781582635843e-03 2.251094968094697345e-09
1.315133995947690435e-03 2.196091915295100368e-09
1.330362529899403951e-03 2.138208840038763756e-09
1.345767401963456761e-03 2.097048804539213521e-09
1.361350654038956127e-03 2.091203020246057474e-09
1.377114351669082772e-03 2.115575017866629642e-09
1.393060584314885974e-03 2.164409596392840143e-09
1.409191465632227396e-03 2.227456890585844548e-09
1.425509133751954758e-03 2.278633486375237951e-09
1.442015751563302745e-03 2.309046651349180559e-09
1.458713507000582730e-03 2.300236960084211135e-09
1.475604613333191895e-03 2.261268078042016462e-09
1.492691309458979909e-03 2.199853442184854102e-09
1.509975860201007635e-03 2.142976248945719867e-09
1.527460556607757513e-03 2.111086207774527501e-09
1.545147716256795815e-03 2.112176770478682724e-09
1.563039683561977646e-03 2.149944761338111289e-09
1.581138830084189480e-03 2.212347738356674997e-09
1.599447554845698618e-03 2.270052420280502798e-09
1.617968284648140355e-03 2.301961008530509021e-09
1.636703474394191234e-03 2.293772794475246310e-09
1.655655607412955237e-03 2.250309972529952922e-09
1.674827195789139501e-03 2.191278767120671562e-09
1.694220780696013449e-03 2.142790998198483870e-09
1.713838932732252192e-03 2.121195453324194319e-09
1.733684252262658338e-03 2.144574036078483100e-09
1.753759369762839405e-03 2.199414186486164271e-09
1.774066946167876177e-03 2.259492307950151082e-09
1.794609673225024517e-03 2.294313110134583639e-09
1.815390273850506784e-03 2.287534669206014330e-09
1.836411502490423002e-03 2.241312664689463338e-09
1.857676145485863536e-03 2.180841518338007865e-09
1.879187021442221307e-03 2.139787797081974218e-09
1.900946981602806129e-03 2.137757160719424655e-09
1.922958910226767659e-03 2.181952559810842123e-09
1.945225724971402000e-03 2.240375248200152395e-09
1.967750377278885965e-03 2.285467939810662383e-09
1.990535852767486274e-03 2.284668807105507271e-09
2.013585171627295303e-03 2.243597675699689819e-09
2.036901389020564709e-03 2.182816706888877910e-09
2.060487595486651478e-03 2.142059165359191028e-09
2.084346917351677202e-03 2.152388519496377983e-09
2.108482517142910590e-03 2.203025852439379110e-09
2.132897594007962527e-03 2.258987006151990522e-09
2.157595384138824915e-03 2.282799311464804561e-09
2.182579161200830058e-03 2.258859236438989655e-09
2.207852236766562250e-03 2.201094844525899643e-09
2.233417960754816977e-03 2.154687174673003572e-09
2.259279721874612491e-03 2.155717067240943671e-09
2.285440948074375211e-03 2.203157431783070112e-09
2.311905106996301092e-03 2.260045705243493086e-09
2.338675706435990129e-03 2.276940818254148184e-09
2.365756294807400822e-03 2.245051017207068307e-09
2.393150461613189652e-03 2.183788068707351465e-09
2.420861837920496723e-03 2.152994211531184896e-09
2.448894096842230052e-03 2.177132113560524912e-09
2.477250954023952137e-03 2.238588095895804047e-09
2.505936168136361879e-03 2.274327816860255816e-09
2.534953541373521912e-03 2.256970794839702983e-09
2.564306919956823531e-03 2.199294699297668250e-09
2.594000194644804132e-03 2.157454443309202379e-09
2.624037301248860997e-03 2.172670176178664708e-09
2.654422221154941613e-03 2.233794012859452818e-09
2.685158981851263043e-03 2.272465878429878395e-09
2.716251657462167429e-03 2.248188990011244814e-09
2.747704369288123637e-03 2.189120431457816119e-09
2.779521286352018561e-03 2.160018330429564774e-09
2.811706625951745052e-03 2.193000364090636149e-09
2.844264654219206146e-03 2.255362079711503511e-09
2.877199686685782878e-03 2.264650312195908066e-09
2.910516088854357610e-03 2.216367873427392358e-09
2.944218276777944496e-03 2.164696905275396081e-09
2.978310717645054565e-03 2.178417619339300815e-09
3.012797930371789810e-03 2.232126769122983108e-09
3.047684486200846234e-03 2.264678775305661127e-09
3.082975009307410696e-03 2.223873201895903631e-09
3.118674177412095096e-03 2.172334553389269872e-09
3.154786722400964270e-03 2.180128725864246581e-09
3.191317430952740879e-03 2.236526544969683153e-09
3.228271145173277484e-03 2.259060589805915920e-09
3.265652763237360864e-03 2.213862929503125084e-09
3.303467240037981714e-03 2.164855307016275470e-09
3.341719587843073637e-03 2.192501859877972704e-09
3.380414876959908759e-03 2.247636588238597689e-09
3.419558236407145655e-03 2.245316534966362110e-09
3.459154854594681354e-03 2.190795231678278297e-09
3.499209980011364681e-03 2.171823372951470972e-09
3.539728921920689327e-03 2.223509322311214366e-09
3.580717051064509580e-03 2.253488382778221395e-09
3.622179800374952623e-03 2.208199739513793953e-09
3.664122665694522201e-03 2.169705796052904068e-09
3.706551206504587505e-03 2.206995526966424778e-09
3.749471046662278956e-03 2.253234904089940766e-09
3.792887875145917968e-03 2.217742096806016685e-09
3.836807446809092567e-03 2.171401270381205606e-09
3.881235583143459976e-03 2.202574310671842860e-09
3.926178173050358551e-03 2.247916222646359584e-09
3.971641173621410364e-03 2.214814266105386269e-09
4.017630610928087966e-03 2.170884065449550812e-09
4.064152580820497296e-03 2.209091458122599200e-09
4.111213249735355506e-03 2.245268362738340242e-09
4.158818855513353625e-03 2.200147955782736805e-09
4.206975708225972610e-03 2.174222750133138455e-09
4.255690191011878530e-03 2.223857856740181079e-09
4.304968760923003589e-03 2.235757516072595934e-09
4.354817949780402306e-03 2.180711053270334997e-09
4.405244365040072822e-03 2.190823389545118176e-09
4.456254690668728577e-03 2.240639864801278489e-09
4.507855688029784036e-03 2.203718673429176063e-09
4.560054196779547535e-03 2.175661711452294525e-09
4.612857135773812921e-03 2.225265951626440220e-09
4.666271503984951476e-03 2.224592579978520583e-09
4.720304381429616877e-03 2.175166868113118678e-09
4.774962930107178559e-03 2.206148717339494703e-09
4.830254394949069947e-03 2.232731535887449732e-09
4.886186104779055052e-03 2.180245439798735116e-09
4.942765473284694427e-03 2.194773253560453014e-09
4.999999999999999237e-03 2.234817516354234183e-09
5.057897271299490252e-03 2.183057860081703615e-09
5.116464961403772820e-03 2.190674938257826861e-09
5.175710833396719723e-03 2.229770188357644539e-09
5.235642740254497010e-03 2.182487914784900259e-09
5.296268625886442309e-03 2.191921121794004658e-09
5.357596526188034176e-03 2.227119230347212930e-09
5.419634570106018380e-03 2.179110760841095455e-09
5.482390980715924449e-03 2.199461047845008488e-09
5.545874076312003707e-03 2.221599678265291911e-09
5.610092271509814314e-03 2.172699375642600595e-09
5.675054078361577332e-03 2.212189897175095033e-09
5.740768107484413990e-03 2.205241619548590072e-09
5.807243069201712196e-03 2.175133694934299250e-09
5.874487774697644861e-03 2.222168060933054387e-09
5.942511137185094161e-03 2.181987121481888093e-09
6.011322173087065013e-03 2.183895518183881719e-09
6.080930003231838424e-03 2.213385863563526037e-09
6.151343854061904620e-03 2.170844438070212292e-09
6.222573058856926617e-03 2.217866309080360257e-09
6.294627058970836582e-03 2.181343711867610063e-09
6.367515405083306115e-03 2.196880087650175668e-09
6.441247758465666780e-03 2.209675531070518027e-09
6.515833892261500317e-03 2.176903579550495190e-09
6.591283692782034728e-03 2.215756991905343374e-09
6.667607160816618576e-03 2.171072330622504560e-09
6.744814412958265691e-03 2.205511283880371753e-09
6.822915682944625040e-03 2.185542770431239463e-09
6.901921323014425201e-03 2.192084211047106101e-09
6.981841805279687466e-03 2.197016324372100427e-09
7.062687723113769168e-03 2.188140173356026414e-09
7.144469792555517389e-03 2.205741549641423360e-09
7.227198853729639716e-03 2.171172956052510082e-09
7.310885872283589583e-03 2.202367970476754200e-09
7.395541940841035555e-03 2.171257599276355792e-09
7.481178280472170448e-03 2.209450113126988729e-09
7.567806242181044155e-03 2.169256358701837978e-09
7.655437308410150896e-03 2.206884600387334303e-09
7.744083094562405345e-03 2.168848376047679988e-09
7.833755350540741805e-03 2.205526079604252232e-09
7.924465962305568892e-03 2.164985224993694520e-09
8.016226953450207235e-03 2.201706929127169371e-09
8.109050486794647586e-03 2.166184226936621060e-09
8.202948865997691796e-03 2.200745143641693394e-09
8.297934537187804521e-03 2.169399963285306004e-09
8.394020090612802285e-03 2.188814865261766757e-09
8.491218262308719913e-03 2.176340758254965746e-09
8.589541935787937607e-03 2.184789864936542404e-09
8.689004143746880890e-03 2.188732636769028312e-09
8.789618069793463453e-03 2.165519502761325371e-09
8.891397050194612892e-03 2.193112250353261938e-09
8.994354575643934840e-03 2.164390318547151126e-09
9.098504293049919714e-03 2.191874908112750162e-09
9.203860007344778771e-03 2.176864385257604577e-09
9.310435683314336255e-03 2.168041087509704097e-09
9.418245447448998428e-03 2.198392443691125573e-09
9.527303589816240106e-03 2.163039945843893457e-09
9.637624565954681574e-03 2.181975524892418303e-09
9.749222998790225969e-03 2.181415711598144602e-09
9.862113680574265823e-03 2.162153914583828260e-09
9.976311574844402841e-03 2.186868252746472255e-09
1.009183181840780756e-02 2.171011959623366859e-09
1.020868972334764563e-02 2.161105784476054635e-09
1.032690077905264354e-02 2.180207629984486073e-09
1.044648065427019115e-02 2.169439756254554386e-09
1.056744519918323584e-02 2.162728138987547084e-09
1.068981044751115932e-02 2.181042801214035005e-09
1.081359261863509835e-02 2.176467711613503431e-09
1.093880811974775637e-02 2.163256066511153079e-09
1.106547354802819329e-02 2.171111354889561358e-09
1.119360569284169951e-02 2.180398670490555438e-09
1.132322153796529694e-02 2.160007545120556603e-09
1.145433826383886189e-02 2.153359538412332398e-09
1.158697324984239718e-02 2.171792770346161994e-09
1.172114407659961138e-02 2.179077726826073979e-09
1.185686852830827517e-02 2.161123690986727391e-09
1.199416459509744862e-02 2.153480770648218649e-09
1.213305047541208236e-02 2.163525299989959707e-09
1.227354457842515234e-02 2.179634693128340265e-09
1.241566552647785024e-02 2.167960192810299236e-09
1.255943215754789545e-02 2.154837169274858302e-09
1.270486352774653077e-02 2.151853851320069990e-09
1.285197891384432141e-02 2.158057196908436270e-09
1.300079781582635929e-02 2.168983329393717388e-09
1.315133995947690738e-02 2.170476256188309574e-09
1.330362529899405469e-02 2.167915261687744244e-09
1.345767401963458149e-02 2.150486261273040446e-09
1.361350654038956214e-02 2.150447285953251991e-09
1.377114351669082859e-02 2.146701848785857897e-09
1.393060584314884456e-02 2.149527835717234343e-09
1.409191465632227483e-02 2.153632643367480305e-09
1.425509133751954802e-02 2.157090311146444183e-09
1.442015751563302875e-02 2.162927542865167420e-09
1.458713507000582513e-02 2.164645384092496823e-09
1.475604613333193066e-02 2.163811366505359917e-09
1.492691309458979952e-02 2.163414585999341436e-09
1.509975860201007679e-02 2.164240116942882815e-09
1.527460556607755995e-02 2.162070541715073477e-09
1.545147716256795728e-02 2.159851454741822155e-09
1.563039683561977602e-02 2.161132667488845577e-09
1.581138830084189567e-02 2.157958893149955139e-09
1.599447554845698227e-02 2.158026816071304172e-09
1.617968284648142047e-02 2.156139275584599700e-09
1.636703474394191060e-02 2.153662226575187706e-09
1.655655607412955324e-02 2.149946069805228820e-09
1.674827195789137593e-02 2.145919334456857911e-09
1.694220780696013146e-02 2.139699957707777669e-09
1.713838932732252018e-02 2.138312487198687466e-09
1.733684252262658251e-02 2.138804533482824751e-09
1.753759369762839665e-02 2.142436281964251072e-09
1.774066946167878259e-02 2.150277523047061087e-09
1.794609673225026208e-02 2.152097685825399660e-09
1.815390273850506567e-02 2.145368005803028294e-09
1.836411502490422828e-02 2.136378876997759541e-09
1.857676145485861671e-02 2.135868510589173627e-09
1.879187021442221134e-02 2.143999052836019487e-09
1.900946981602805869e-02 2.147122375866703155e-09
1.922958910226767182e-02 2.138752731736602255e-09
1.945225724971402087e-02 2.131468666662606593e-09
1.967750377278887700e-02 2.137983249968897487e-09
1.990535852767486361e-02 2.144378449492972938e-09
2.013585171627295042e-02 2.131294799002442379e-09
2.036901389020562628e-02 2.134961448797141545e-09
2.060487595486651738e-02 2.141627716520889463e-09
2.084346917351677028e-02 2.131992912907049060e-09
2.108482517142910850e-02 2.134474775524178403e-09
2.132897594007962527e-02 2.139077077125896276e-09
2.157595384138826650e-02 2.126358602406680395e-09
2.182579161200829884e-02 2.139974037206720889e-09
2.207852236766562337e-02 2.128218143541410740e-09
2.233417960754814982e-02 2.133015468600526649e-09
2.259279721874613012e-02 2.130502895145213425e-09
2.285440948074375644e-02 2.129130609035849131e-09
2.311905106996301265e-02 2.130587609777221323e-09
2.338675706435990390e-02 2.128019269497635961e-09
2.365756294807403598e-02 2.127630124147522614e-09
2.393150461613192254e-02 2.128947741408651399e-09
2.420861837920496376e-02 2.122597582093468466e-09
2.448894096842230139e-02 2.127328246701439251e-09
2.477250954023949708e-02 2.119068218390125515e-09
2.505936168136362052e-02 2.127690868671397875e-09
2.534953541373521912e-02 2.125618130665754755e-09
2.564306919956823791e-02 2.118101354706008734e-09
2.594000194644804219e-02 2.125922442195325091e-09
2.624037301248863946e-02 2.123706920931397337e-09
2.654422221154941960e-02 2.115966751746814667e-09
2.685158981851263130e-02 2.119360925249444477e-09
2.716251657462164654e-02 2.125425051399222167e-09
2.747704369288123463e-02 2.121262449396221979e-09
2.779521286352017867e-02 2.113944635757925651e-09
2.811706625951744878e-02 2.113801011659617991e-09
2.844264654219206059e-02 2.116856883891750186e-09
2.877199686685785740e-02 2.120456276497706026e-09
2.910516088854357003e-02 2.121343648601643691e-09
2.944218276777944496e-02 2.118395773597229835e-09
2.978310717645051356e-02 2.114622161365573024e-09
3.012797930371790070e-02 2.113610217789684742e-09
3.047684486200846407e-02 2.112118822981294232e-09
3.082975009307410696e-02 2.110821380015010745e-09
3.118674177412095530e-02 2.111058532199000323e-09
3.154786722400967913e-02 2.110966803593008725e-09
3.191317430952744089e-02 2.112103328609069250e-09
3.228271145173277484e-02 2.113269845646349124e-09
3.265652763237360950e-02 2.113076814148788431e-09
3.303467240037977898e-02 2.110597367895096863e-09
3.341719587843073463e-02 2.105101876205156117e-09
3.380414876959908499e-02 2.103367120262579736e-09
3.419558236407146262e-02 2.105371703759436895e-09
3.459154854594680834e-02 2.109044529725412541e-09
3.499209980011368931e-02 2.106789812052348116e-09
3.539728921920690108e-02 2.100484152615087509e-09
3.580717051064509493e-02 2.104671005374009054e-09
3.622179800374948633e-02 2.105589102696804929e-09
3.664122665694521247e-02 2.097449882614966808e-09
3.706551206504588025e-02 2.104112338008128992e-09
3.749471046662278262e-02 2.100022946812625837e-09
3.792887875145917187e-02 2.099771933828982859e-09
3.836807446809096384e-02 2.099681724045216090e-09
3.881235583143458762e-02 2.097643138977884903e-09
3.926178173050358378e-02 2.097678324589127832e-09
3.971641173621406201e-02 2.098466663345053570e-09
4.017630610928087792e-02 2.093299241459658341e-09
4.064152580820496602e-02 2.097831658371532355e-09
4.111213249735355679e-02 2.094050695420581343e-09
4.158818855513353452e-02 2.091890072313188251e-09
4.206975708225977467e-02 2.096383770579874490e-09
4.255690191011882867e-02 2.094838315051191537e-09
4.304968760923003068e-02 2.089539326696347254e-09
4.354817949780401959e-02 2.088642392505307185e-09
4.405244365040068139e-02 2.090614514030215552e-09
4.456254690668728924e-02 2.091692188368115212e-09
4.507855688029784730e-02 2.092437326340254110e-09
4.560054196779547708e-02 2.092308657975981698e-09
4.612857135773813788e-02 2.091800572501026087e-09
4.666271503984956853e-02 2.090180606162187954e-09
4.720304381429617224e-02 2.089681954700141949e-09
4.774962930107178732e-02 2.087730998818672860e-09
4.830254394949064223e-02 2.085303603070981370e-09
4.886186104779054878e-02 2.081998693671024459e-09
4.942765473284694427e-02 2.081820694765878157e-09
4.999999999999998890e-02 2.084414419962228539e-09
5.057897271299490599e-02 2.084995363212603387e-09
5.116464961403772299e-02 2.079809807187457971e-09
5.175710833396719723e-02 2.080822026772777176e-09
5.235642740254496663e-02 2.082529155265706856e-09
5.296268625886441789e-02 2.077693016188386788e-09
5.357596526188034697e-02 2.081358259321891438e-09
5.419634570106018900e-02 2.075597598299746182e-09
5.482390980715924622e-02 2.080450143498789933e-09
5.545874076312003187e-02 2.074983796853391483e-09
5.610092271509820039e-02 2.076333163394469253e-09
5.675054078361576465e-02 2.077295140684253020e-09
5.740768107484413990e-02 2.073001305598569914e-09
5.807243069201712543e-02 2.072495908160750474e-09
5.874487774697650239e-02 2.075536368035315982e-09
5.942511137185093467e-02 2.075629065219328665e-09
6.011322173087065707e-02 2.073527401167908686e-09
6.080930003231838077e-02 2.071648470674294458e-09
6.151343854061905314e-02 2.070854973445456389e-09
6.222573058856926964e-02 2.071142186434394522e-09
6.294627058970836408e-02 2.069801159304929463e-09
6.367515405083307156e-02 2.071838527515722696e-09
6.441247758465666606e-02 2.069349190520135309e-09
6.515833892261499449e-02 2.065761350987647577e-09
6.591283692782035075e-02 2.065944863425441502e-09
6.667607160816618750e-02 2.067342728541008474e-09
6.744814412958265171e-02 2.065286317314880075e-09
6.822915682944626081e-02 2.062294097956413884e-09
6.901921323014426068e-02 2.065037688154447953e-09
6.981841805279687119e-02 2.061205572832677188e-09
7.062687723113769689e-02 2.063373302229310374e-09
7.144469792555516174e-02 2.061385581413866951e-09
7.227198853729638328e-02 2.058939613985828558e-09
7.310885872283590103e-02 2.061031559906965949e-09
7.395541940841034168e-02 2.060966819516775632e-09
7.481178280472169928e-02 2.058882642746246666e-09
7.567806242181042420e-02 2.056679421202757706e-09
7.655437308410149855e-02 2.055875108347622840e-09
7.744083094562403957e-02 2.054590783767562633e-09
7.833755350540749784e-02 2.054609615295761574e-09
7.924465962305569933e-02 2.055107641435865790e-09
8.016226953450207582e-02 2.055982595168962236e-09
8.109050486794647239e-02 2.054432304239715281e-09
8.202948865997691796e-02 2.051402896436521496e-09
8.297934537187805215e-02 2.053108409565390937e-09
8.394020090612801244e-02 2.051766943032472100e-09
8.491218262308719567e-02 2.050625308548178057e-09
8.589541935787936566e-02 2.050092864491238577e-09
8.689004143746879849e-02 2.050452274158753583e-09
8.789618069793463107e-02 2.047563587797585686e-09
8.891397050194613239e-02 2.047409784997073268e-09
8.994354575643936922e-02 2.048224350170079425e-09
9.098504293049920755e-02 2.049081801042584933e-09
9.203860007344781546e-02 2.046869216795638197e-09
9.310435683314335908e-02 2.046159517847291228e-09
9.418245447449000163e-02 2.045444442123643379e-09
9.527303589816239759e-02 2.044662722398561113e-09
9.637624565954681921e-02 2.042235708570942806e-09
9.749222998790225969e-02 2.041540087439195805e-09
9.862113680574265129e-02 2.042576946902118497e-09
9.976311574844401453e-02 2.039492174293932925e-09
1.009183181840780652e-01 2.041613442274176307e-09
1.020868972334764702e-01 2.038023489939854866e-09
1.032690077905264597e-01 2.038707823225517688e-09
1.044648065427020156e-01 2.040411030878177358e-09
1.056744519918323688e-01 2.038572541398171463e-09
1.068981044751115966e-01 2.036616299952492953e-09
1.081359261863509974e-01 2.035714536119002315e-09
1.093880811974775741e-01 2.035490212563740712e-09
1.106547354802819294e-01 2.036217092030384595e-09
1.119360569284169882e-01 2.034874614382649888e-09
1.132322153796529590e-01 2.031723532571882264e-09
1.145433826383886050e-01 2.033018334448165689e-09
1.158697324984239857e-01 2.031330824752207407e-09
1.172114407659961138e-01 2.032993065713127225e-09
1.185686852830827309e-01 2.029598718780564744e-09
1.199416459509744792e-01 2.028331682976389614e-09
1.213305047541208270e-01 2.029792145664361089e-09
1.227354457842515234e-01 2.029880306420675711e-09
1.241566552647784955e-01 2.028545757065406918e-09
1.255943215754789510e-01 2.026986620802178340e-09
1.270486352774652938e-01 2.025615483107494644e-09
1.285197891384432245e-01 2.024973659449228051e-09
1.300079781582635929e-01 2.025398520865152007e-09
1.315133995947690426e-01 2.022974135910309792e-09
1.330362529899405399e-01 2.023971481153791603e-09
1.345767401963458010e-01 2.023097459643781318e-09
1.361350654038956109e-01 2.020944738604492409e-09
1.377114351669082859e-01 2.019668848901323781e-09
1.393060584314886052e-01 2.019568255051113215e-09
1.409191465632227414e-01 2.019352747554138710e-09
1.425509133751954594e-01 2.019587872653879826e-09
1.442015751563302528e-01 2.018787375050255984e-09
1.458713507000582721e-01 2.016918332598416156e-09
1.475604613333193205e-01 2.017167624973520338e-09
1.492691309458979987e-01 2.015696612370232251e-09
1.509975860201007714e-01 2.014019931385586192e-09
1.527460556607755926e-01 2.014193189414688646e-09
1.545147716256795867e-01 2.013755035993698886e-09
1.563039683561977533e-01 2.012989331858968700e-09
1.581138830084189428e-01 2.011981194567085475e-09
1.599447554845698227e-01 2.012108107669207745e-09
1.617968284648141908e-01 2.010494452991894827e-09
1.636703474394191060e-01 2.010742973717387539e-09
1.655655607412955255e-01 2.009203777011690029e-09
1.674827195789137801e-01 2.007682906715469870e-09
1.694220780696013284e-01 2.007701637081910565e-09
1.713838932732252018e-01 2.007193474786727449e-09
1.733684252262658043e-01 2.005996065115123738e-09
1.753759369762839249e-01 2.007069501681386895e-09
1.774066946167878189e-01 2.004510786019035871e-09
1.794609673225026625e-01 2.005554924823951859e-09
1.815390273850506775e-01 2.003864111858692262e-09
1.836411502490422898e-01 2.003513728797776227e-09
1.857676145485863684e-01 2.001586800213033052e-09
1.879187021442221273e-01 2.001757948084369736e-09
1.900946981602806007e-01 2.001214575164069382e-09
1.922958910226767459e-01 2.000618206627686544e-09
1.945225724971401948e-01 2.000123913772643969e-09
1.967750377278887908e-01 1.998740172490544664e-09
1.990535852767486291e-01 1.997983762704516189e-09
2.013585171627295112e-01 1.996488880446711832e-09
2.036901389020562836e-01 1.996156207697458116e-09
2.060487595486651669e-01 1.997104800057877352e-09
2.084346917351677098e-01 1.994822610777663294e-09
2.108482517142910850e-01 1.995332730432916489e-09
2.132897594007962250e-01 1.994094339567168630e-09
2.157595384138826788e-01 1.993137239376422569e-09
2.182579161200829954e-01 1.992922138621224129e-09
2.207852236766562615e-01 1.992358282151711968e-09
2.233417960754814913e-01 1.989988142556731788e-09
2.259279721874612734e-01 1.991043646208948646e-09
2.285440948074375367e-01 1.989924855156234469e-09
2.311905106996301196e-01 1.989122230962064468e-09
2.338675706435990598e-01 1.988509326875957518e-09
2.365756294807403459e-01 1.988021724940585331e-09
2.393150461613192115e-01 1.985744516917458181e-09
2.420861837920497139e-01 1.984963819161196049e-09
2.448894096842230417e-01 1.986644849803389066e-09
2.477250954023952068e-01 1.984500914797331614e-09
2.505936168136362330e-01 1.984140561079545299e-09
2.534953541373521912e-01 1.982944756038818872e-09
2.564306919956823583e-01 1.983736589306497488e-09
2.594000194644804358e-01 1.981794862420976269e-09
2.624037301248863807e-01 1.981423718149185443e-09
2.654422221154941752e-01 1.980328911317605895e-09
2.685158981851262783e-01 1.979181906219598291e-09
2.716251657462164792e-01 1.979229322700845067e-09
2.747704369288123671e-01 1.978299069643910199e-09
2.779521286352018006e-01 1.977663901892909335e-09
2.811706625951744809e-01 1.976966903683716812e-09
2.844264654219206268e-01 1.976795408163511867e-09
2.877199686685785740e-01 1.974626489552299363e-09
2.910516088854357419e-01 1.973976268500679689e-09
2.944218276777944010e-01 1.974640308537365233e-09
2.978310717645051287e-01 1.972889152064373495e-09
3.012797930371790001e-01 1.973650883215451110e-09
3.047684486200846199e-01 1.972024066438075201e-09
3.082975009307410419e-01 1.969537114749367454e-09
3.118674177412095183e-01 1.970478479118131845e-09
3.154786722400967358e-01 1.969785857921634101e-09
3.191317430952744227e-01 1.969267071381598977e-09
3.228271145173277623e-01 1.967958069598336584e-09
3.265652763237361089e-01 1.967022471789523921e-09
3.303467240037981645e-01 1.967558658442455306e-09
3.341719587843073880e-01 1.965784725771101557e-09
3.380414876959909054e-01 1.964300281418421538e-09
3.419558236407145846e-01 1.964854236624109409e-09
3.459154854594680417e-01 1.963487804146691908e-09
3.499209980011368515e-01 1.962926383603812069e-09
3.539728921920690108e-01 1.962733377216548888e-09
3.580717051064509771e-01 1.962205878219804172e-09
3.622179800374948910e-01 1.961524389239861527e-09
3.664122665694521941e-01 1.960893055973999278e-09
3.706551206504588025e-01 1.962100404829384612e-09
3.749471046662278817e-01 1.958921525659884744e-09
3.792887875145917742e-01 1.958636315247982952e-09
3.836807446809096245e-01 1.958491589758715734e-09
3.881235583143459178e-01 1.957561453585820156e-09
3.926178173050358100e-01 1.956607543295692836e-09
3.971641173621405785e-01 1.955715997150844531e-09
4.017630610928087931e-01 1.955229387655731733e-09
4.064152580820497018e-01 1.953489242028157907e-09
4.111213249735355402e-01 1.953363597865432589e-09
4.158818855513354285e-01 1.952724967990355465e-09
4.206975708225977328e-01 1.952202279150837231e-09
4.255690191011883283e-01 1.952049867242256492e-09
4.304968760923003068e-01 1.949557043078724141e-09
4.354817949780402375e-01 1.953431490257067225e-09
4.405244365040072441e-01 1.949264350678171975e-09
4.456254690668729479e-01 1.948916296992702151e-09
4.507855688029784313e-01 1.947762523524960656e-09
4.560054196779548263e-01 1.946675679948097654e-09
4.612857135773817951e-01 1.949637788118807838e-09
4.666271503984956714e-01 1.945831581180658977e-09
4.720304381429617502e-01 1.945050404741224056e-09
4.774962930107178316e-01 1.944618911272323884e-09
4.830254394949064500e-01 1.943277209989475072e-09
4.886186104779055572e-01 1.942646737639317999e-09
4.942765473284695399e-01 1.942021598703074243e-09
5.000000000000000000e-01 1.941905878806048556e-09
5.235642740254496941e-01 1.939238063145446156e-09
5.482390980715925455e-01 1.934776966524072251e-09
5.740768107484413019e-01 1.932743932609462030e-09
6.011322173087064735e-01 1.931032287147261861e-09
6.294627058970835298e-01 1.929966799895363637e-09
6.591283692782035075e-01 1.924843947618122426e-09
6.901921323014423848e-01 1.920995075105864608e-09
7.227198853729638328e-01 1.918333155550135517e-09
7.567806242181041032e-01 1.915574078945832560e-09
7.924465962305566880e-01 1.913190270277142987e-09
8.297934537187803272e-01 1.910046576500411932e-09
8.689004143746876796e-01 1.907425007125375525e-09
9.098504293049917147e-01 1.899795652621102772e-09
9.527303589816236151e-01 1.902264027223413144e-09
9.976311574844397567e-01 1.899212249455670896e-09
1.044648065427019601e+00 1.896281370458511687e-09
1.093880811974776268e+00 1.893016871400391609e-09
1.145433826383886355e+00 1.890052564231401408e-09
1.199416459509745181e+00 1.886286821366798510e-09
1.255943215754790065e+00 1.885135162861322702e-09
1.315133995947690870e+00 1.882389277320646034e-09
1.377114351669083137e+00 1.880027220141118866e-09
1.442015751563303194e+00 1.871873610116313818e-09
1.509975860201008047e+00 1.873606850669455400e-09
1.581138830084189539e+00 1.870702443554655524e-09
1.655655607412955588e+00 1.868450828942126853e-09
1.733684252262658321e+00 1.865805619624067217e-09
1.815390273850506775e+00 1.864458278200322353e-09
1.900946981602805952e+00 1.860038347311372267e-09
1.990535852767486347e+00 1.856695968303393055e-09
2.084346917351676876e+00 1.860397698622352608e-09
2.182579161200830065e+00 1.851756648372060155e-09
2.285440948074374923e+00 1.849037159923746377e-09
2.393150461613192004e+00 1.846571080302693321e-09
2.505936168136361886e+00 1.842799110672803948e-09
2.624037301248862697e+00 1.839172331018312488e-09
2.747704369288122450e+00 1.839028878417748226e-09
2.877199686685784741e+00 1.834453544714351354e-09
3.012797930371788890e+00 1.831210328528781266e-09
3.154786722400966248e+00 1.809011852769622077e-09
3.303467240037980091e+00 1.828905968505862090e-09
3.459154854594682860e+00 1.825682168033584678e-09
3.622179800374950354e+00 1.821279859448136464e-09
3.792887875145918741e+00 1.818524965455179224e-09
3.971641173621408782e+00 1.810530022352676237e-09
4.158818855513356283e+00 1.809592014046121513e-09
4.354817949780404263e+00 1.811185615566505847e-09
4.560054196779547375e+00 1.807644409815028533e-09
4.774962930107178316e+00 1.805234791838701544e-09
5.000000000000000000e+00 1.802195994596098756e-09
6.294627058970836408e+00 1.787859487534734461e-09
7.924465962305567324e+00 1.773830129700366463e-09
9.976311574844396901e+00 1.762326158361440106e-09
1.255943215754790110e+01 1.748682274623041496e-09
1.581138830084189451e+01 1.734558882600081400e-09
1.990535852767486347e+01 1.722133915695092581e-09
2.505936168136361886e+01 1.706686902748846774e-09
3.154786722400966426e+01 1.694332793990315863e-09
3.971641173621406296e+01 1.681215554852577866e-09
4.999999999999999289e+01 1.667944001779435447e-09
