3.154786722400964650e-05 3.876682626023725973e-14
3.228271145173280656e-05 1.257296975070598810e-13
3.303467240037981687e-05 7.960659869938520664e-13
3.380414876959908759e-05 2.035297833643208179e-12
3.459154854594680595e-05 3.817511653592749232e-12
3.539728921920685885e-05 6.102658649926561263e-12
3.622179800374952406e-05 8.836626935894119647e-12
3.706551206504588155e-05 1.195291809222449501e-11
3.792887875145917236e-05 1.538483221294628823e-11
3.881235583143463039e-05 1.902833838399785013e-11
3.971641173621410364e-05 2.280215848509964039e-11
4.064152580820496591e-05 2.660303895480245100e-11
4.158818855513353842e-05 3.032703814447331364e-11
4.255690191011878395e-05 3.386249580313540181e-11
4.354817949780398050e-05 3.713044992194850400e-11
4.456254690668729390e-05 4.003896587131418965e-11
4.560054196779547508e-05 4.252983340123869800e-11
4.666271503984952289e-05 4.453846052230664614e-11
4.774962930107183736e-05 4.605213935739213926e-11
4.886186104779054808e-05 4.707266167276157619e-11
4.999999999999998884e-05 4.767299241729609839e-11
5.057897271299490442e-05 4.783757024951265273e-11
5.116464961403767209e-05 4.790930146893401060e-11
5.175710833396714221e-05 4.793572602593033452e-11
5.235642740254491318e-05 4.789854269114952240e-11
5.296268625886447866e-05 4.789489018999498656e-11
5.357596526188034176e-05 4.783496092470423578e-11
5.419634570106018624e-05 4.784118690290717459e-11
5.482390980715924394e-05 4.788211392074666806e-11
5.545874076312003680e-05 4.802038967288946052e-11
5.610092271509813691e-05 4.825290154139409469e-11
5.675054078361570665e-05 4.866358875201910459e-11
5.740768107484407919e-05 4.922060471306190162e-11
5.807243069201718186e-05 4.998139121439325288e-11
5.874487774697651393e-05 5.096768327665499519e-11
5.942511137185093809e-05 5.222137355196401888e-11
6.011322173087064877e-05 5.375943596117738412e-11
6.080930003231838695e-05 5.560503271614106059e-11
6.151343854061905325e-05 5.777308877736934401e-11
6.222573058856921034e-05 6.029226479830459777e-11
6.294627058970830402e-05 6.317599324826997835e-11
6.367515405083314138e-05 6.642213251300276391e-11
6.441247758465673719e-05 7.002089323030967435e-11
6.515833892261499124e-05 7.399462884323399486e-11
6.591283692782035650e-05 7.831464273794133395e-11
6.667607160816619769e-05 8.298335040180520783e-11
6.744814412958265366e-05 8.795032691805463409e-11
6.822915682944618535e-05 9.318028210393226120e-11
6.901921323014417829e-05 9.867701576965927840e-11
6.981841805279679497e-05 1.043690553045415621e-10
7.062687723113775782e-05 1.102233404261140121e-10
7.144469792555517389e-05 1.161352095459049854e-10
7.227198853729638578e-05 1.221114332213098195e-10
7.310885872283590017e-05 1.280064471839539337e-10
7.395541940841035122e-05 1.338226652380667324e-10
7.481178280472162371e-05 1.394827209868868671e-10
7.567806242181034505e-05 1.448741375134087402e-10
7.655437308410142656e-05 1.500267327623119699e-10
7.744083094562412067e-05 1.546944373687844722e-10
7.833755350540748852e-05 1.589883279057194557e-10
7.924465962305569597e-05 1.628087973590597958e-10
8.016226953450208102e-05 1.661128210513328663e-10
8.109050486794647857e-05 1.688714257743271022e-10
8.202948865997692718e-05 1.710671284395304641e-10
8.297934537187796715e-05 1.727275170313836611e-10
8.394020090612792852e-05 1.738294465831224066e-10
8.491218262308728262e-05 1.745022667251537464e-10
8.589541935787945305e-05 1.747043822542800874e-10
8.689004143746881595e-05 1.745764538654088880e-10
8.789618069793464267e-05 1.741891327032033362e-10
8.891397050194613488e-05 1.737400061536263900e-10
8.994354575643936521e-05 1.733059715179622769e-10
9.098504293049911853e-05 1.729891871986797789e-10
9.203860007344770748e-05 1.730291385567389802e-10
9.310435683314326931e-05 1.735986314194453410e-10
9.418245447449009216e-05 1.747751516785525306e-10
9.527303589816239347e-05 1.768762202976642035e-10
9.637624565954680924e-05 1.799190586546214017e-10
9.749222998790225210e-05 1.841553838937555633e-10
9.862113680574265443e-05 1.897039518344833389e-10
9.976311574844392432e-05 1.965772282645707823e-10
1.009183181840780691e-04 2.049549269236700814e-10
1.020868972334764650e-04 2.147110594606712796e-10
1.032690077905264333e-04 2.259708847686487074e-10
1.044648065427019099e-04 2.385294541558334966e-10
1.056744519918323676e-04 2.523002138944984682e-10
1.068981044751116051e-04 2.671172984294188032e-10
1.081359261863509824e-04 2.827919901328856204e-10
1.093880811974775783e-04 2.989382443657025441e-10
1.106547354802819166e-04 3.152492469657757206e-10
1.119360569284169843e-04 3.314013762979135762e-10
1.132322153796529580e-04 3.470760512977865005e-10
1.145433826383886026e-04 3.618155063349923036e-10
1.158697324984239615e-04 3.752383675155978403e-10
1.172114407659961296e-04 3.869528008096717900e-10
1.185686852830827555e-04 3.966543148980516548e-10
1.199416459509744813e-04 4.042796317451621125e-10
1.213305047541207081e-04 4.094492354596368885e-10
1.227354457842515364e-04 4.122463935488664705e-10
1.241566552647784948e-04 4.126240068467075726e-10
1.255943215754789502e-04 4.108330194928567844e-10
1.270486352774653110e-04 4.072649881329541436e-10
1.285197891384432108e-04 4.020061083561587867e-10
1.300079781582635788e-04 3.959049181746774939e-10
1.315133995947690435e-04 3.895018717676870428e-10
1.330362529899403897e-04 3.836074755972382610e-10
1.345767401963458333e-04 3.788520686329326202e-10
1.361350654038956344e-04 3.759919831677039153e-10
1.377114351669082826e-04 3.760724375926609030e-10
1.393060584314884456e-04 3.792979646128884750e-10
1.409191465632227234e-04 3.864763092526773638e-10
1.425509133751954596e-04 3.978275622084301136e-10
1.442015751563302474e-04 4.135247293111668061e-10
1.458713507000582675e-04 4.334576686395541742e-10
1.475604613333193142e-04 4.572649854486569303e-10
1.492691309458979746e-04 4.843393973309428516e-10
1.509975860201007907e-04 5.135890323198861401e-10
1.527460556607755941e-04 5.441175478929960554e-10
1.545147716256795760e-04 5.745824020836416328e-10
1.563039683561977700e-04 6.035031368291600405e-10
1.581138830084189426e-04 6.296645503960436112e-10
1.599447554845698401e-04 6.516899560109093759e-10
1.617968284648140247e-04 6.686036156560854595e-10
1.636703474394191234e-04 6.794946664561933547e-10
1.655655607412955237e-04 6.840200733421385649e-10
1.674827195789137550e-04 6.822794499490898000e-10
1.694220780696013395e-04 6.747537860745261015e-10
1.713838932732251867e-04 6.628530928698207831e-10
1.733684252262658175e-04 6.476983952107061996e-10
1.753759369762839622e-04 6.314591226263748740e-10
1.774066946167876340e-04 6.163579290402085951e-10
1.794609673225026631e-04 6.046683946241526285e-10
1.815390273850506729e-04 5.984137155302884402e-10
1.836411502490422785e-04 5.994714407444133370e-10
1.857676145485863753e-04 6.093235360574432424e-10
1.879187021442221307e-04 6.283963944221524999e-10
1.900946981602805912e-04 6.563439598319238177e-10
1.922958910226767171e-04 6.921294600445260374e-10
1.945225724971401946e-04 7.337936328862371042e-10
1.967750377278885748e-04 7.784603895467492768e-10
1.990535852767486220e-04 8.229555964755614223e-10
2.013585171627295032e-04 8.639185042953836795e-10
2.036901389020562758e-04 8.974957504810113602e-10
2.060487595486651640e-04 9.214257050158188857e-10
2.084346917351676985e-04 9.339402371154249729e-10
2.108482517142910915e-04 9.339803379385225833e-10
2.132897594007962310e-04 9.224400308235607673e-10
2.157595384138824807e-04 9.018960345429670732e-10
2.182579161200830003e-04 8.757845565376804446e-10
2.207852236766562250e-04 8.484488858819598190e-10
2.233417960754814700e-04 8.251797350010649913e-10
2.259279721874612654e-04 8.105972629394824334e-10
2.285440948074375482e-04 8.087601275564955117e-10
2.311905106996301417e-04 8.220883480590884105e-10
2.338675706435990400e-04 8.511386905283465983e-10
2.365756294807401202e-04 8.941728071200426198e-10
2.393150461613192416e-04 9.472110517875170412e-10
2.420861837920496669e-04 1.004750807721423634e-09
2.448894096842230486e-04 1.059631401122576758e-09
2.477250954023952571e-04 1.105581103125635907e-09
2.505936168136362096e-04 1.136573966977398950e-09
2.534953541373521587e-04 1.148772792896556729e-09
2.564306919956823639e-04 1.141746387538069125e-09
2.594000194644803916e-04 1.117598787294942726e-09
2.624037301248860888e-04 1.082615896094092507e-09
2.654422221154941939e-04 1.044285701359437416e-09
2.685158981851263043e-04 1.011650532299661157e-09
2.716251657462165044e-04 9.939533959225158583e-10
2.747704369288123854e-04 9.972608135852613544e-10
2.779521286352018127e-04 1.023527633702906965e-09
2.811706625951744943e-04 1.071309994660260145e-09
2.844264654219205712e-04 1.134260084298774837e-09
2.877199686685783203e-04 1.201961407803450140e-09
2.910516088854357393e-04 1.262588357295527833e-09
2.944218276777944170e-04 1.305873632792075158e-09
2.978310717645051204e-04 1.323347276714068306e-09
3.012797930371790027e-04 1.313583228707177751e-09
3.047684486200846234e-04 1.280615822478000740e-09
3.082975009307410263e-04 1.234142720055356538e-09
3.118674177412095313e-04 1.188056956101715769e-09
3.154786722400964379e-04 1.157133735337400257e-09
3.191317430952743915e-04 1.151945778178477109e-09
3.228271145173277267e-04 1.178409988893736532e-09
3.265652763237360972e-04 1.234038916071961591e-09
3.303467240037981823e-04 1.306752772686660911e-09
3.341719587843073962e-04 1.380324057621618067e-09
3.380414876959908217e-04 1.441350887013324425e-09
3.419558236407145655e-04 1.464538276668133843e-09
3.459154854594681137e-04 1.454777252954243678e-09
3.499209980011365223e-04 1.414267182498376791e-09
3.539728921920690086e-04 1.359217653690116883e-09
3.580717051064509905e-04 1.308447429723216571e-09
3.622179800374948611e-04 1.287609265108094718e-09
3.664122665694521551e-04 1.295906517337642200e-09
3.706551206504588155e-04 1.348800452769443574e-09
3.749471046662278739e-04 1.425902973668476123e-09
3.792887875145917100e-04 1.506589837753565615e-09
3.836807446809091808e-04 1.562241872991682145e-09
3.881235583143459109e-04 1.577667178671848454e-09
3.926178173050358768e-04 1.551288907787949915e-09
3.971641173621406028e-04 1.497774882354699805e-09
4.017630610928087857e-04 1.431970726985349888e-09
4.064152580820496862e-04 1.395531937474710024e-09
4.111213249735355181e-04 1.403096185991914363e-09
4.158818855513353300e-04 1.467145120655938944e-09
4.206975708225972935e-04 1.547094127744197482e-09
4.255690191011882867e-04 1.625454286707574754e-09
4.304968760923003155e-04 1.680006359834832080e-09
4.354817949780401981e-04 1.659705454868665193e-09
4.405244365040072822e-04 1.613448849158623822e-09
4.456254690668728577e-04 1.536640334147066694e-09
4.507855688029784470e-04 1.493764302941927555e-09
4.560054196779547643e-04 1.504863275656745136e-09
4.612857135773813463e-04 1.561377554823418245e-09
4.666271503984952018e-04 1.649528029275026137e-09
4.720304381429617636e-04 1.720996457107986638e-09
4.774962930107178993e-04 1.745062179046978707e-09
4.830254394949064960e-04 1.709164286896240500e-09
4.886186104779055486e-04 1.638520641828098727e-09
4.942765473284694211e-04 1.578346190525035956e-09
4.999999999999999020e-04 1.569076111336709771e-09
5.057897271299492204e-04 1.623669452964122594e-09
5.116464961403766531e-04 1.729880812528372375e-09
5.175710833396719507e-04 1.792458905736370671e-09
5.235642740254497010e-04 1.801946522208015309e-09
5.296268625886442309e-04 1.754954588953326184e-09
5.357596526188034176e-04 1.682633874381932098e-09
5.419634570106019031e-04 1.630894039226412570e-09
5.482390980715924666e-04 1.660121972329566776e-09
5.545874076312004358e-04 1.755032414013867732e-09
5.610092271509814097e-04 1.841655768876217445e-09
5.675054078361570394e-04 1.869339072530882615e-09
5.740768107484413340e-04 1.810033329987508074e-09
5.807243069201711546e-04 1.722204257122597295e-09
5.874487774697650716e-04 1.685380317699254826e-09
5.942511137185093944e-04 1.734495516091540644e-09
6.011322173087063929e-04 1.837771090352159169e-09
6.080930003231838424e-04 1.895146004040136209e-09
6.151343854061905054e-04 1.884592859540479999e-09
6.222573058856920762e-04 1.805417391492750722e-09
6.294627058970836365e-04 1.731867526474095795e-09
6.367515405083307633e-04 1.765749915265375217e-09
6.441247758465674803e-04 1.841478020922008808e-09
6.515833892261498582e-04 1.913818295629077751e-09
6.591283692782036463e-04 1.921041825870150556e-09
6.667607160816619227e-04 1.845092672539325147e-09
6.744814412958264824e-04 1.781769562669563553e-09
6.822915682944617451e-04 1.791932653432941870e-09
6.901921323014424334e-04 1.900157672708973848e-09
6.981841805279687899e-04 1.984538907178377079e-09
7.062687723113776324e-04 1.937683285671754125e-09
7.144469792555517389e-04 1.851472383001173257e-09
7.227198853729638849e-04 1.795412160187874444e-09
7.310885872283591101e-04 1.898203481178685754e-09
7.395541940841035122e-04 1.966757826491547750e-09
7.481178280472162642e-04 1.999517181973591305e-09
7.567806242181033963e-04 1.886415780007574084e-09
7.655437308410150245e-04 1.854458787767725330e-09
7.744083094562403393e-04 1.885482880573694831e-09
7.833755350540749394e-04 1.995212653091525290e-09
7.924465962305569326e-04 2.004573283107380038e-09
8.016226953450207018e-04 1.927476749632368929e-09
8.109050486794646502e-04 1.885540511500027192e-09
8.202948865997692447e-04 1.937018091423718422e-09
8.297934537187796715e-04 2.002315406465218388e-09
8.394020090612802068e-04 2.011482577155622502e-09
8.491218262308720130e-04 1.921929106863812294e-09
8.589541935787945847e-04 1.913689023690490305e-09
8.689004143746880239e-04 1.995913801907374225e-09
8.789618069793463453e-04 2.053488380727495350e-09
8.891397050194612675e-04 1.988602266499264030e-09
8.994354575643935708e-04 1.896064435276166834e-09
9.098504293049911040e-04 2.001432948531180654e-09
9.203860007344780506e-04 2.068863021625833047e-09
9.310435683314336689e-04 2.032670831250343413e-09
9.418245447449009487e-04 1.949824488993196847e-09
9.527303589816240974e-04 1.969661343779533981e-09
9.637624565954682008e-04 2.071630575266778142e-09
9.749222998790226836e-04 2.062662019985923756e-09
9.862113680574266256e-04 1.952533852690182498e-09
9.976311574844392432e-04 2.003189131262521673e-09
1.009183181840779715e-03 2.080924752252409241e-09
1.020868972334764650e-03 2.055822940488724679e-09
1.032690077905264224e-03 1.967864670575666613e-09
1.044648065427020156e-03 2.041036696063483859e-09
1.056744519918323541e-03 2.106379535087338709e-09
1.068981044751116105e-03 2.031419179391321699e-09
1.081359261863509879e-03 1.995668659854813076e-09
1.093880811974775810e-03 2.093275725850611656e-09
1.106547354802818028e-03 2.086459992566035035e-09
1.119360569284169734e-03 2.002727277075240368e-09
1.132322153796529608e-03 2.053755698819198872e-09
1.145433826383887056e-03 2.126273901177249178e-09
1.158697324984239588e-03 2.076223156907941905e-09
1.172114407659961052e-03 2.027660953497146231e-09
1.185686852830827474e-03 2.113648541616142736e-09
1.199416459509744732e-03 2.106080233725004631e-09
1.213305047541206891e-03 2.022873834175340931e-09
1.227354457842515364e-03 2.097312164433191542e-09
1.241566552647784894e-03 2.107977367312551053e-09
1.255943215754790803e-03 2.027999870868677438e-09
1.270486352774652947e-03 2.115549376802228039e-09
1.285197891384432054e-03 2.114430611161956049e-09
1.300079781582635843e-03 2.019441418892795098e-09
1.315133995947690435e-03 2.095234854306355939e-09
1.330362529899403951e-03 2.118650604324457750e-09
1.345767401963456761e-03 2.055338674479695174e-09
1.361350654038956127e-03 2.106291874609865176e-09
1.377114351669082772e-03 2.119498523906853437e-09
1.393060584314885974e-03 2.060015663616119917e-09
1.409191465632227396e-03 2.154018501421750085e-09
1.425509133751954758e-03 2.101421783442640134e-09
1.442015751563302745e-03 2.089297710809562644e-09
1.458713507000582730e-03 2.146255573839785953e-09
1.475604613333191895e-03 2.057981770691247734e-09
1.492691309458979909e-03 2.129307210140803657e-09
1.509975860201007635e-03 2.139383506220077662e-09
1.527460556607757730e-03 2.079824911381390086e-09
1.545147716256795815e-03 2.167452505684321442e-09
1.563039683561977646e-03 2.070376664143242274e-09
1.581138830084189480e-03 2.130308579980448904e-09
1.599447554845698401e-03 2.140251972300647172e-09
1.617968284648140355e-03 2.103248518915979574e-09
1.636703474394191234e-03 2.168287219284987341e-09
1.655655607412955237e-03 2.103746677062544742e-09
1.674827195789139285e-03 2.176067850684883266e-09
1.694220780696013449e-03 2.118082149340766885e-09
1.713838932732251975e-03 2.132385955224144634e-09
1.733684252262658121e-03 2.153087186887442760e-09
1.753759369762839405e-03 2.117381702640943374e-09
1.774066946167876177e-03 2.175117642198139073e-09
1.794609673225024517e-03 2.101353863289140001e-09
1.815390273850506567e-03 2.181247591067101772e-09
1.836411502490422785e-03 2.103733629383830651e-09
1.857676145485863536e-03 2.188200911338846077e-09
1.879187021442221524e-03 2.117947587605274002e-09
1.900946981602806129e-03 2.183057604552127699e-09
1.922958910226767442e-03 2.116241856353936481e-09
1.945225724971402217e-03 2.178202704471689399e-09
1.967750377278885965e-03 2.130495974466033401e-09
1.990535852767486274e-03 2.194743496628110824e-09
2.013585171627295303e-03 2.119636502384654228e-09
2.036901389020564709e-03 2.178108358395540279e-09
2.060487595486651478e-03 2.123462816129551785e-09
2.084346917351677202e-03 2.191123868736707281e-09
2.108482517142910590e-03 2.133235726613244403e-09
2.132897594007962527e-03 2.181019823758106523e-09
2.157595384138824915e-03 2.150606207087604340e-09
2.182579161200830058e-03 2.154520845303344978e-09
2.207852236766562250e-03 2.180337164055729104e-09
2.233417960754816977e-03 2.134283320056817485e-09
2.259279721874612491e-03 2.188789491524188070e-09
2.285440948074375211e-03 2.140085736715063797e-09
2.311905106996301092e-03 2.169052974189815662e-09
2.338675706435990129e-03 2.170747341868843694e-09
2.365756294807400822e-03 2.140741085618374963e-09
2.393150461613189652e-03 2.191654727761515832e-09
2.420861837920496723e-03 2.148023175806185498e-09
2.448894096842230052e-03 2.164732379187671915e-09
2.477250954023952137e-03 2.196073025633399884e-09
2.505936168136361879e-03 2.139236144495827873e-09
2.534953541373521912e-03 2.175138336363278564e-09
2.564306919956823531e-03 2.191717437539995182e-09
2.594000194644804132e-03 2.148672589790113201e-09
2.624037301248860997e-03 2.171119543325734519e-09
2.654422221154941613e-03 2.194328718366600665e-09
2.685158981851263043e-03 2.150416777698440909e-09
2.716251657462167429e-03 2.170330421798572824e-09
2.747704369288123637e-03 2.195181354853237273e-09
2.779521286352018561e-03 2.167277040229954177e-09
2.811706625951745052e-03 2.151983731506575190e-09
2.844264654219206146e-03 2.195754459966530211e-09
2.877199686685782878e-03 2.190034853373581713e-09
2.910516088854357610e-03 2.161883735505982012e-09
2.944218276777944496e-03 2.156824225763902645e-09
2.978310717645054565e-03 2.187518520822494152e-09
3.012797930371789810e-03 2.198996666042081192e-09
3.047684486200846234e-03 2.172436389761603491e-09
3.082975009307410696e-03 2.152159301658863491e-09
3.118674177412095096e-03 2.167195588786806996e-09
3.154786722400964270e-03 2.191095795610507264e-09
3.191317430952740879e-03 2.201396721847552294e-09
3.228271145173277484e-03 2.176845485516532140e-09
3.265652763237360430e-03 2.169953722900251942e-09
3.303467240037981714e-03 2.153260679725667821e-09
3.341719587843073637e-03 2.166999185967015962e-09
3.380414876959908759e-03 2.183591157906597881e-09
3.419558236407145655e-03 2.193945573206314359e-09
3.459154854594680920e-03 2.201195259188482246e-09
3.499209980011365115e-03 2.188728119151062521e-09
3.539728921920689761e-03 2.175432424440969992e-09
3.580717051064509580e-03 2.174210211511492644e-09
3.622179800374952623e-03 2.164027449208069312e-09
3.664122665694521767e-03 2.159617122716338322e-09
3.706551206504587938e-03 2.160117736131611743e-09
3.749471046662278956e-03 2.142294670031138358e-09
3.792887875145917534e-03 2.157943069357565960e-09
3.836807446809092567e-03 2.161212691639218872e-09
3.881235583143459542e-03 2.166397370727659157e-09
3.926178173050358551e-03 2.159984008558513805e-09
3.971641173621410364e-03 2.164389676030897525e-09
4.017630610928087966e-03 2.161221034722175537e-09
4.064152580820497296e-03 2.158366546560817518e-09
4.111213249735355506e-03 2.170536013696107305e-09
4.158818855513353625e-03 2.181434892239947249e-09
4.206975708225972610e-03 2.180307490277357462e-09
4.255690191011878530e-03 2.193864604212484198e-09
4.304968760923003589e-03 2.200278567333224521e-09
4.354817949780402306e-03 2.196374245660702371e-09
4.405244365040072822e-03 2.180055717639830350e-09
4.456254690668728577e-03 2.168607283953249488e-09
4.507855688029784036e-03 2.157234719209083337e-09
4.560054196779548402e-03 2.172340681527966473e-09
4.612857135773812921e-03 2.193323803334144608e-09
4.666271503984951476e-03 2.191018665411081774e-09
4.720304381429616877e-03 2.184180268765558629e-09
4.774962930107178559e-03 2.168879784310491848e-09
4.830254394949069947e-03 2.174083934951091970e-09
4.886186104779055052e-03 2.188441743321892654e-09
4.942765473284694427e-03 2.170648949930592745e-09
4.999999999999999237e-03 2.169647966051930736e-09
5.057897271299490252e-03 2.193243153361591635e-09
5.116464961403772820e-03 2.177633167031840126e-09
5.175710833396719723e-03 2.162952610963245729e-09
5.235642740254497010e-03 2.190090274497953395e-09
5.296268625886442309e-03 2.176585121235239152e-09
5.357596526188034176e-03 2.167705951860460414e-09
5.419634570106018380e-03 2.184981689379109875e-09
5.482390980715924449e-03 2.161882449508496248e-09
5.545874076312003707e-03 2.178301941633530101e-09
5.610092271509814314e-03 2.167141716865369946e-09
5.675054078361577332e-03 2.172863313161899072e-09
5.740768107484413990e-03 2.180627766725268819e-09
5.807243069201712196e-03 2.167020965936652886e-09
5.874487774697644861e-03 2.172155830139967136e-09
5.942511137185094161e-03 2.169486197883392619e-09
6.011322173087065013e-03 2.168164421982059919e-09
6.080930003231838424e-03 2.183543009243448677e-09
6.151343854061904620e-03 2.156284825110318814e-09
6.222573058856926617e-03 2.181070974059270337e-09
6.294627058970836582e-03 2.168366234864304648e-09
6.367515405083306983e-03 2.171446240994352350e-09
6.441247758465666780e-03 2.179134910962928659e-09
6.515833892261499449e-03 2.164507367101231646e-09
6.591283692782035596e-03 2.161937471062110848e-09
6.667607160816618576e-03 2.178952743068240380e-09
6.744814412958264824e-03 2.172097415021216913e-09
6.822915682944625040e-03 2.157599453451680668e-09
6.901921323014425201e-03 2.162401231786758717e-09
6.981841805279687466e-03 2.173880372030498590e-09
7.062687723113769168e-03 2.176679985323449343e-09
7.144469792555517389e-03 2.166445875356229082e-09
7.227198853729638849e-03 2.156286002600593158e-09
7.310885872283590450e-03 2.159542166704474926e-09
7.395541940841034688e-03 2.155528334400425192e-09
7.481178280472170448e-03 2.158714110294305269e-09
7.567806242181043287e-03 2.158793696540798184e-09
7.655437308410150896e-03 2.161849858462278822e-09
7.744083094562405345e-03 2.163117452756397707e-09
7.833755350540741805e-03 2.162865399932242099e-09
7.924465962305568892e-03 2.157735398424348544e-09
8.016226953450207235e-03 2.160393934416190890e-09
8.109050486794647586e-03 2.153426036133342796e-09
8.202948865997691796e-03 2.154959200388419536e-09
8.297934537187804521e-03 2.158980710767044150e-09
8.394020090612802285e-03 2.167138578763293750e-09
8.491218262308719913e-03 2.168088818450860515e-09
8.589541935787937607e-03 2.159970259959196687e-09
8.689004143746880890e-03 2.151699395145435120e-09
8.789618069793463453e-03 2.160883709376196083e-09
8.891397050194612892e-03 2.164892731484095524e-09
8.994354575643934840e-03 2.153172538227909946e-09
9.098504293049919714e-03 2.155374722125189646e-09
9.203860007344778771e-03 2.164920506614218648e-09
9.310435683314336255e-03 2.150610984317608693e-09
9.418245447448998428e-03 2.163144556039386521e-09
9.527303589816240106e-03 2.153023926637969902e-09
9.637624565954681574e-03 2.160072880252944361e-09
9.749222998790225969e-03 2.153102993982327284e-09
9.862113680574265823e-03 2.153820183389341839e-09
9.976311574844402841e-03 2.133958967751320779e-09
1.009183181840780756e-02 2.160822510169113564e-09
1.020868972334764563e-02 2.149605763373382452e-09
1.032690077905264354e-02 2.150306584575139956e-09
1.044648065427019115e-02 2.159279684403344031e-09
1.056744519918323758e-02 2.150513703617146039e-09
1.068981044751115932e-02 2.145499615254864403e-09
1.081359261863509835e-02 2.151525173826432983e-09
1.093880811974775637e-02 2.155794439905195161e-09
1.106547354802819329e-02 2.153495498775674539e-09
1.119360569284169951e-02 2.149568793052848023e-09
1.132322153796529694e-02 2.144122959948764627e-09
1.145433826383886189e-02 2.144501600505642151e-09
1.158697324984239718e-02 2.142285160022469948e-09
1.172114407659961138e-02 2.142774014764133825e-09
1.185686852830827517e-02 2.143145578672388088e-09
1.199416459509744862e-02 2.147213475396219455e-09
1.213305047541208236e-02 2.148855578634982954e-09
1.227354457842515234e-02 2.149464486438896559e-09
1.241566552647785024e-02 2.143732882875895239e-09
1.255943215754789545e-02 2.138349676115904762e-09
1.270486352774653077e-02 2.143444997590860594e-09
1.285197891384432141e-02 2.147315880523404152e-09
1.300079781582635929e-02 2.136904005075823395e-09
1.315133995947690565e-02 2.141804640382777598e-09
1.330362529899405295e-02 2.141872102591757466e-09
1.345767401963458149e-02 2.137771285532360194e-09
1.361350654038956040e-02 2.142184920453765783e-09
1.377114351669082859e-02 2.138175669893876965e-09
1.393060584314884456e-02 2.137299678358757728e-09
1.409191465632227309e-02 2.142321862355752187e-09
1.425509133751954802e-02 2.132784180224606585e-09
1.442015751563302701e-02 2.135666388433691092e-09
1.458713507000582686e-02 2.139078266789866691e-09
1.475604613333193239e-02 2.137004980016454916e-09
1.492691309458979952e-02 2.130564896453022281e-09
1.509975860201007852e-02 2.129672902088463793e-09
1.527460556607755995e-02 2.129306618718461691e-09
1.545147716256795901e-02 2.128613683554749548e-09
1.563039683561977602e-02 2.127810483897061676e-09
1.581138830084189567e-02 2.127902021194143540e-09
1.599447554845698227e-02 2.129671727735120134e-09
1.617968284648142047e-02 2.131411936358942170e-09
1.636703474394191060e-02 2.133952851180135826e-09
1.655655607412955324e-02 2.127357405770637754e-09
1.674827195789137593e-02 2.125239187987440106e-09
1.694220780696013146e-02 2.131768333238301852e-09
1.713838932732252018e-02 2.124559475796537077e-09
1.733684252262658251e-02 2.127010995348996254e-09
1.753759369762839665e-02 2.123864579722283908e-09
1.774066946167878259e-02 2.129003663879468551e-09
1.794609673225026208e-02 2.121205997070991838e-09
1.815390273850506567e-02 2.126055196428853795e-09
1.836411502490422828e-02 2.126389382817531709e-09
1.857676145485861671e-02 2.122647540768419054e-09
1.879187021442221134e-02 2.118633105170085943e-09
1.900946981602805869e-02 2.118245654659302070e-09
1.922958910226767182e-02 2.116615298481095626e-09
1.945225724971402087e-02 2.119316262570809892e-09
1.967750377278887700e-02 2.116716963434547591e-09
1.990535852767486361e-02 2.115771872938153271e-09
2.013585171627295042e-02 2.117923012550634198e-09
2.036901389020562628e-02 2.120727736837488588e-09
2.060487595486651738e-02 2.117064540368493337e-09
2.084346917351677028e-02 2.114780661491139108e-09
2.108482517142910850e-02 2.118409412033895664e-09
2.132897594007962527e-02 2.112098374073746389e-09
2.157595384138826650e-02 2.117158616765358824e-09
2.182579161200829884e-02 2.112923666741516148e-09
2.207852236766562337e-02 2.109193110224258830e-09
2.233417960754814982e-02 2.108575906576507430e-09
2.259279721874613012e-02 2.114618148109446154e-09
2.285440948074375644e-02 2.112575670093173731e-09
2.311905106996301265e-02 2.111149140627775066e-09
2.338675706435990390e-02 2.112208557285620763e-09
2.365756294807403598e-02 2.113891330500609249e-09
2.393150461613192254e-02 2.111251892855226125e-09
2.420861837920496376e-02 2.108145445531105250e-09
2.448894096842230139e-02 2.105028349633522189e-09
2.477250954023949708e-02 2.108270640730041647e-09
2.505936168136362052e-02 2.104767554373913537e-09
2.534953541373521912e-02 2.108080934732521380e-09
2.564306919956823791e-02 2.101923742206911494e-09
2.594000194644804219e-02 2.105716414122385667e-09
2.624037301248863946e-02 2.105315863572832626e-09
2.654422221154941960e-02 2.103641775509059495e-09
2.685158981851263130e-02 2.099710240983472475e-09
2.716251657462164654e-02 2.099205451720570446e-09
2.747704369288123810e-02 2.099999961651829240e-09
2.779521286352018214e-02 2.103048272755590123e-09
2.811706625951744878e-02 2.101023547663515598e-09
2.844264654219206059e-02 2.096258810827669301e-09
2.877199686685785740e-02 2.099480913411490535e-09
2.910516088854357350e-02 2.097138397969780276e-09
2.944218276777944496e-02 2.097371879763502307e-09
2.978310717645051356e-02 2.093908799017491298e-09
3.012797930371790070e-02 2.093997843074764651e-09
3.047684486200846407e-02 2.095926026633785721e-09
3.082975009307410696e-02 2.089370930080378794e-09
3.118674177412095530e-02 2.095984213002394279e-09
3.154786722400967913e-02 2.089739175556843108e-09
3.191317430952744089e-02 2.091136901038180451e-09
3.228271145173277484e-02 2.090387425398047026e-09
3.265652763237360950e-02 2.091884758860364035e-09
3.303467240037977898e-02 2.088869717970246468e-09
3.341719587843073463e-02 2.088219678072767063e-09
3.380414876959908499e-02 2.091165073017321286e-09
3.419558236407146262e-02 2.084828341358421411e-09
3.459154854594680834e-02 2.085120105724664691e-09
3.499209980011368931e-02 2.084800637792454745e-09
3.539728921920690108e-02 2.086577554666101527e-09
3.580717051064509493e-02 2.086670143188174106e-09
3.622179800374948633e-02 2.084580490215705298e-09
3.664122665694521247e-02 2.077721919743296500e-09
3.706551206504588025e-02 2.083325245548794110e-09
3.749471046662278262e-02 2.077406355023544622e-09
3.792887875145917187e-02 2.079733018244381140e-09
3.836807446809096384e-02 2.078446616108153508e-09
3.881235583143458762e-02 2.078407903079067555e-09
3.926178173050358378e-02 2.078122662843885943e-09
3.971641173621406201e-02 2.080106028435516562e-09
4.017630610928087792e-02 2.079991544879299590e-09
4.064152580820496602e-02 2.075745601947041958e-09
4.111213249735355679e-02 2.077398558126287101e-09
4.158818855513353452e-02 2.077751018153212763e-09
4.206975708225977467e-02 2.075015858516159473e-09
4.255690191011882867e-02 2.072867001854808153e-09
4.304968760923003068e-02 2.073935688079854071e-09
4.354817949780401959e-02 2.078041970444797224e-09
4.405244365040068139e-02 2.072886158098634496e-09
4.456254690668728924e-02 2.071261503228967560e-09
4.507855688029784730e-02 2.070917846715436866e-09
4.560054196779547708e-02 2.071752135428203800e-09
4.612857135773813788e-02 2.072127262794594703e-09
4.666271503984956853e-02 2.069840530594234602e-09
4.720304381429617224e-02 2.069193947875016831e-09
4.774962930107178732e-02 2.066268321627442806e-09
4.830254394949064223e-02 2.065390423347982353e-09
4.886186104779054878e-02 2.065833217064142407e-09
4.942765473284694427e-02 2.066360469823141042e-09
4.999999999999998890e-02 2.065621988733410418e-09
5.057897271299490599e-02 2.063903777920700132e-09
5.116464961403772299e-02 2.064808763836260075e-09
5.175710833396719723e-02 2.067360013708711867e-09
5.235642740254497357e-02 2.062489104478207462e-09
5.296268625886442483e-02 2.059364208221253298e-09
5.357596526188034003e-02 2.058081052799801558e-09
5.419634570106018207e-02 2.060892369243983715e-09
5.482390980715924622e-02 2.058127330837759117e-09
5.545874076312003881e-02 2.056753853602211863e-09
5.610092271509820039e-02 2.057356082135663222e-09
5.675054078361576465e-02 2.049529459334473359e-09
5.740768107484413296e-02 2.055291863150960347e-09
5.807243069201711849e-02 2.052577595340277803e-09
5.874487774697650933e-02 2.052303337657825301e-09
5.942511137185093467e-02 2.054012617040510837e-09
6.011322173087065013e-02 2.054132391143511349e-09
6.080930003231838771e-02 2.051923711974670650e-09
6.151343854061905314e-02 2.051533067843570412e-09
6.222573058856927658e-02 2.050136553507835423e-09
6.294627058970836408e-02 2.051426864785566879e-09
6.367515405083307156e-02 2.051003983294204187e-09
6.441247758465666606e-02 2.049971366435185128e-09
6.515833892261499449e-02 2.047015218843059737e-09
6.591283692782035075e-02 2.045379578653655206e-09
6.667607160816618750e-02 2.047521004301464385e-09
6.744814412958265171e-02 2.046233596128974423e-09
6.822915682944626081e-02 2.044447535540435752e-09
6.901921323014426068e-02 2.044823464655875913e-09
6.981841805279687119e-02 2.043504680951859052e-09
7.062687723113769689e-02 2.043272158541730855e-09
7.144469792555516174e-02 2.043651717129136798e-09
7.227198853729638328e-02 2.041241646892726617e-09
7.310885872283590103e-02 2.040754693680334597e-09
7.395541940841034168e-02 2.039035566037365567e-09
7.481178280472169928e-02 2.039811824287986476e-09
7.567806242181042420e-02 2.039919574098258560e-09
7.655437308410149855e-02 2.037466884598919225e-09
7.744083094562402569e-02 2.035851538173531017e-09
7.833755350540749784e-02 2.035775833693372612e-09
7.924465962305569933e-02 2.036387056354517402e-09
8.016226953450207582e-02 2.032234026043850403e-09
8.109050486794647239e-02 2.033543855357848568e-09
8.202948865997691796e-02 2.034636401594322395e-09
8.297934537187805215e-02 2.033229526617207862e-09
8.394020090612801244e-02 2.031720327714176242e-09
8.491218262308719567e-02 2.030514467718823340e-09
8.589541935787936566e-02 2.030108176439835625e-09
8.689004143746879849e-02 2.031125540761066734e-09
8.789618069793463107e-02 2.028439059352753120e-09
8.891397050194613239e-02 2.027992709133833972e-09
8.994354575643936922e-02 2.028843030955266894e-09
9.098504293049919367e-02 2.027978609978495033e-09
9.203860007344781546e-02 2.025056167955076902e-09
9.310435683314335908e-02 2.024998756018595038e-09
9.418245447449000163e-02 2.025823234301979481e-09
9.527303589816238372e-02 2.025492672337259107e-09
9.637624565954681921e-02 2.023700994189525063e-09
9.749222998790225969e-02 2.023408744284030759e-09
9.862113680574265129e-02 2.023145410239595773e-09
9.976311574844401453e-02 2.021962896968050124e-09
1.009183181840780652e-01 2.021060673111741314e-09
1.020868972334764563e-01 2.018406635000271589e-09
1.032690077905264459e-01 2.019719430797453680e-09
1.044648065427020434e-01 2.021442454030799381e-09
1.056744519918323688e-01 2.018735888206158022e-09
1.068981044751115966e-01 2.016730405935638847e-09
1.081359261863509835e-01 2.016047952887873272e-09
1.093880811974775741e-01 2.015053837913278220e-09
1.106547354802819155e-01 2.015541892415681917e-09
1.119360569284169882e-01 2.014443795972868598e-09
1.132322153796529590e-01 2.013672876468649481e-09
1.145433826383886050e-01 2.012929023358635536e-09
1.158697324984239718e-01 2.013290140306655691e-09
1.172114407659961138e-01 2.011017716618319937e-09
1.185686852830827448e-01 2.011846345535066731e-09
1.199416459509744792e-01 2.007501507241376491e-09
1.213305047541208270e-01 2.009719813294292435e-09
1.227354457842515373e-01 2.007254873695814494e-09
1.241566552647785093e-01 2.007468347593077906e-09
1.255943215754789510e-01 2.005958777140129648e-09
1.270486352774652938e-01 2.004626187328792802e-09
1.285197891384432245e-01 2.004930228759187737e-09
1.300079781582635929e-01 2.006558821169966184e-09
1.315133995947690426e-01 2.005742982110126350e-09
1.330362529899405122e-01 2.001878455633234430e-09
1.345767401963458010e-01 2.001030449198754193e-09
1.361350654038956109e-01 2.000990663151119085e-09
1.377114351669082859e-01 2.001229649828200395e-09
1.393060584314886052e-01 2.001413630420174931e-09
1.409191465632227414e-01 2.009665474877015153e-09
1.425509133751954594e-01 1.998884726010146228e-09
1.442015751563302528e-01 1.999463000314934300e-09
1.458713507000582721e-01 1.995761477702484051e-09
1.475604613333193205e-01 1.997755459819670880e-09
1.492691309458979987e-01 2.006481213190867924e-09
1.509975860201007714e-01 1.994262008103604650e-09
1.527460556607755926e-01 1.994363839757781945e-09
1.545147716256795867e-01 1.993391878725672824e-09
1.563039683561977533e-01 1.993815822651858366e-09
1.581138830084189428e-01 1.990890678849685073e-09
1.599447554845698227e-01 1.993129521721381109e-09
1.617968284648141908e-01 1.993422920731858913e-09
1.636703474394191060e-01 1.990251362261894042e-09
1.655655607412955255e-01 1.989781739335799223e-09
1.674827195789137801e-01 1.990191851782873970e-09
1.694220780696013284e-01 1.989752503483471024e-09
1.713838932732252018e-01 1.987473345497339732e-09
1.733684252262658043e-01 1.984416586132727943e-09
1.753759369762839249e-01 1.984847817888824594e-09
1.774066946167878189e-01 1.985223238942505271e-09
1.794609673225026625e-01 1.984438618842348613e-09
1.815390273850506775e-01 1.984154526550735154e-09
1.836411502490422898e-01 1.983391760306860118e-09
1.857676145485863684e-01 1.982242538345000310e-09
1.879187021442221273e-01 1.981923168629972985e-09
1.900946981602806007e-01 1.977583832620944529e-09
1.922958910226767737e-01 1.981179251870739830e-09
1.945225724971401948e-01 1.992307433026043864e-09
1.967750377278888185e-01 1.984401468635128028e-09
1.990535852767486291e-01 1.976896544427863864e-09
2.013585171627295112e-01 1.976145190535152689e-09
2.036901389020562836e-01 1.977799402627805309e-09
2.060487595486651669e-01 1.978444321517413468e-09
2.084346917351677098e-01 1.974783139735905226e-09
2.108482517142910850e-01 1.971865777325353215e-09
2.132897594007962250e-01 1.973531161362149857e-09
2.157595384138826788e-01 1.972958626490448102e-09
2.182579161200829954e-01 1.973963154772844797e-09
2.207852236766562337e-01 1.970502306570335804e-09
2.233417960754814635e-01 1.968815313706252450e-09
2.259279721874612734e-01 1.970152168216468540e-09
2.285440948074375644e-01 1.967954243518764163e-09
2.311905106996301196e-01 1.983192955185451499e-09
2.338675706435990320e-01 1.967616226708134904e-09
2.365756294807403459e-01 1.934080114401209125e-09
2.393150461613192115e-01 1.965305200299829221e-09
2.420861837920496862e-01 1.966361032379354487e-09
2.448894096842230417e-01 1.962320259575275659e-09
2.477250954023952345e-01 1.963997074883270484e-09
2.505936168136362330e-01 1.964184882188932857e-09
2.534953541373521912e-01 1.962314131068116831e-09
2.564306919956823583e-01 1.961568345651026142e-09
2.594000194644804358e-01 1.962149019905238261e-09
2.624037301248863807e-01 1.960785031465227408e-09
2.654422221154941752e-01 1.965151409056310436e-09
2.685158981851262783e-01 1.958563267373544592e-09
2.716251657462164792e-01 1.954812940165166938e-09
2.747704369288123671e-01 1.955701247496523983e-09
2.779521286352018006e-01 1.956541605814911831e-09
2.811706625951744809e-01 1.956329869971949525e-09
2.844264654219206268e-01 1.956179661174955772e-09
2.877199686685785740e-01 1.954057810916715611e-09
2.910516088854357419e-01 1.954756145015290507e-09
2.944218276777944010e-01 1.951321229244375616e-09
2.978310717645051287e-01 1.951887844753374222e-09
3.012797930371790001e-01 1.952533048224460350e-09
3.047684486200846199e-01 1.951372056347614331e-09
3.082975009307410419e-01 1.951715957395126104e-09
3.118674177412095183e-01 1.950571789803792891e-09
3.154786722400967358e-01 1.948485577006136319e-09
3.191317430952744227e-01 1.949408165320550465e-09
3.228271145173277623e-01 1.947052792977874227e-09
3.265652763237360534e-01 1.947075740190237384e-09
3.303467240037981645e-01 1.943863703323881245e-09
3.341719587843074435e-01 1.944778378894922063e-09
3.380414876959909054e-01 1.945140226962078446e-09
3.419558236407145846e-01 1.943392997641459890e-09
3.459154854594680417e-01 1.970085952889375090e-09
3.499209980011368515e-01 1.942440810424666104e-09
3.539728921920690108e-01 1.936808562613228837e-09
3.580717051064509771e-01 1.939515590065660293e-09
3.622179800374948910e-01 1.981511396893802948e-09
3.664122665694521941e-01 1.940283482786339320e-09
3.706551206504588025e-01 1.938227355259501179e-09
3.749471046662278817e-01 1.937418446797059927e-09
3.792887875145917742e-01 1.936183942641357684e-09
3.836807446809096245e-01 1.953031638047131307e-09
3.881235583143459178e-01 1.933454259062328459e-09
3.926178173050357545e-01 1.935709797165747177e-09
3.971641173621405785e-01 1.935884464766411304e-09
4.017630610928087931e-01 1.928388018503214682e-09
4.064152580820497018e-01 1.932893513882635718e-09
4.111213249735355957e-01 1.929535091487128657e-09
4.158818855513353729e-01 1.930354560368488804e-09
4.206975708225977328e-01 1.928558238950377104e-09
4.255690191011883283e-01 1.929001303301178417e-09
4.304968760923003068e-01 1.928487139870824895e-09
4.354817949780401820e-01 1.928746344570949416e-09
4.405244365040072441e-01 1.925550236301432361e-09
4.456254690668728924e-01 1.926729665837405889e-09
4.507855688029784313e-01 1.926035416348558390e-09
4.560054196779547708e-01 1.920407389127002416e-09
4.612857135773818507e-01 1.924313505759666696e-09
4.666271503984956714e-01 1.921403385028078322e-09
4.720304381429616947e-01 1.922814841339375763e-09
4.774962930107178871e-01 1.921718690305039823e-09
4.830254394949065055e-01 1.922280856342224091e-09
4.886186104779055572e-01 1.921133705767802512e-09
4.942765473284694844e-01 1.916087873924950056e-09
5.000000000000000000e-01 1.921976455401472154e-09
5.235642740254496941e-01 1.916693043500175701e-09
5.482390980715925455e-01 1.880891969273291632e-09
5.740768107484413019e-01 1.913176038065029688e-09
6.011322173087064735e-01 1.869703432024493161e-09
6.294627058970836408e-01 1.901393822087069169e-09
6.591283692782035075e-01 1.901994271621120312e-09
6.901921323014423848e-01 1.904606108030808812e-09
7.227198853729638328e-01 1.896602426552721607e-09
7.567806242181041032e-01 1.893655983893023949e-09
7.924465962305566880e-01 1.899363138786424580e-09
8.297934537187803272e-01 1.891398394083169437e-09
8.689004143746876796e-01 1.884101829850523316e-09
9.098504293049917147e-01 1.882044114785314449e-09
9.527303589816236151e-01 1.873638995593356014e-09
9.976311574844398677e-01 1.871953895329286141e-09
1.044648065427019601e+00 1.872350047463178165e-09
1.093880811974776268e+00 1.868821695931771363e-09
1.145433826383886355e+00 1.868212827740774218e-09
1.199416459509745181e+00 1.864296829496456704e-09
1.255943215754790288e+00 1.863800346989543393e-09
1.315133995947690870e+00 1.858442974237204606e-09
1.377114351669082914e+00 1.861911027192593537e-09
1.442015751563303194e+00 1.852626823363978675e-09
1.509975860201008047e+00 1.850429487858363211e-09
1.581138830084189539e+00 1.869158489637819258e-09
1.655655607412955588e+00 1.845121816940647249e-09
1.733684252262658321e+00 1.841921125539969784e-09
1.815390273850506775e+00 1.838753325360048052e-09
1.900946981602805730e+00 1.835721498946635956e-09
1.990535852767486125e+00 1.833717368161506738e-09
2.084346917351676876e+00 1.828677528399173589e-09
2.182579161200830065e+00 1.827185139151298253e-09
2.285440948074374923e+00 1.827484204913117908e-09
2.393150461613192004e+00 1.821154422134222042e-09
2.505936168136361886e+00 1.811011110592877896e-09
2.624037301248862697e+00 1.814742296092282144e-09
2.747704369288122450e+00 1.813629941373132652e-09
2.877199686685784741e+00 1.810723235645285422e-09
3.012797930371788890e+00 1.806839279704011032e-09
3.154786722400966248e+00 1.804963604905445161e-09
3.303467240037980091e+00 1.804193325019264599e-09
3.459154854594682416e+00 1.795616401335304365e-09
3.622179800374950354e+00 1.793006693260780028e-09
3.792887875145919185e+00 1.797849236495737302e-09
3.971641173621408338e+00 1.790489210069319476e-09
4.158818855513356283e+00 1.787777115587864930e-09
4.354817949780404263e+00 1.783642742566293171e-09
4.560054196779547375e+00 1.782541421195647024e-09
4.774962930107178316e+00 1.776466215342872114e-09
5.000000000000000000e+00 1.776860292078283486e-09
6.294627058970836408e+00 1.762041559601232324e-09
7.924465962305568212e+00 1.748456962467075980e-09
9.976311574844396901e+00 1.733123144156293722e-09
1.255943215754790110e+01 1.722815713202803389e-09
1.581138830084189451e+01 1.703844941880087094e-09
1.990535852767486347e+01 1.693822000545295726e-09
2.505936168136361886e+01 1.682623927757917704e-09
3.154786722400966426e+01 1.666040630375458399e-09
3.971641173621406296e+01 1.649324361588571862e-09
4.999999999999998579e+01 1.639997856514797639e-09
