3.154786722400964650e-05 3.353947773902530640e-14
3.228271145173280656e-05 6.950312786797670488e-14
3.303467240037981687e-05 4.862499463890511232e-13
3.380414876959908759e-05 1.254157706465657121e-12
3.459154854594680595e-05 2.334949567724923913e-12
3.539728921920685885e-05 3.682661590769281211e-12
3.622179800374952406e-05 5.242151714634264530e-12
3.706551206504588155e-05 6.958338417028295560e-12
3.792887875145917236e-05 8.763684686521476389e-12
3.881235583143463039e-05 1.059122739679644905e-11
3.971641173621411042e-05 1.238142759561466675e-11
4.064152580820496591e-05 1.407197978178740573e-11
4.158818855513353842e-05 1.560274994344923594e-11
4.255690191011879072e-05 1.693657826181899804e-11
4.354817949780398050e-05 1.803203718365760062e-11
4.456254690668729390e-05 1.886644079300889463e-11
4.560054196779547508e-05 1.943941420064191221e-11
4.666271503984952289e-05 1.976855500171979520e-11
4.774962930107183736e-05 1.988341518158186457e-11
4.886186104779054808e-05 1.985348944709913993e-11
4.999999999999998884e-05 1.973937020632980521e-11
5.057897271299491120e-05 1.968225833426295674e-11
5.116464961403767209e-05 1.963151947902032077e-11
5.175710833396714221e-05 1.961985632012398947e-11
5.235642740254491318e-05 1.963922748136612121e-11
5.296268625886447866e-05 1.972476459535378616e-11
5.357596526188034176e-05 1.986920266074623464e-11
5.419634570106018624e-05 2.009961838203453518e-11
5.482390980715924394e-05 2.042764713062216776e-11
5.545874076312003680e-05 2.085812851346007523e-11
5.610092271509813691e-05 2.140854972204533583e-11
5.675054078361570665e-05 2.208597045592004774e-11
5.740768107484407919e-05 2.290442722682937009e-11
5.807243069201718186e-05 2.385768420209888334e-11
5.874487774697651393e-05 2.494867787619821177e-11
5.942511137185093809e-05 2.618973991031147901e-11
6.011322173087064877e-05 2.757745162258423025e-11
6.080930003231838695e-05 2.910901528795348481e-11
6.151343854061905325e-05 3.076895220835971682e-11
6.222573058856921034e-05 3.256026938822691506e-11
6.294627058970830402e-05 3.445777281617853167e-11
6.367515405083314138e-05 3.644471996191088202e-11
6.441247758465673719e-05 3.852388946906972595e-11
6.515833892261499124e-05 4.065146999199106793e-11
6.591283692782035650e-05 4.280120514350206610e-11
6.667607160816619769e-05 4.498086846889900731e-11
6.744814412958265366e-05 4.712824579963106295e-11
6.822915682944618535e-05 4.924676819693366082e-11
6.901921323014417829e-05 5.128128035953730883e-11
6.981841805279679497e-05 5.325370522014643309e-11
7.062687723113777137e-05 5.509508963307648875e-11
7.144469792555517389e-05 5.681906497273965595e-11
7.227198853729638578e-05 5.837544661137019012e-11
7.310885872283590017e-05 5.979706977948793511e-11
7.395541940841035122e-05 6.103026458779151121e-11
7.481178280472162371e-05 6.210464731951790976e-11
7.567806242181034505e-05 6.300933079819388882e-11
7.655437308410142656e-05 6.376127709164025287e-11
7.744083094562413422e-05 6.438401343331292684e-11
7.833755350540748852e-05 6.491023647123736893e-11
7.924465962305569597e-05 6.535464428845964942e-11
8.016226953450208102e-05 6.578461966003716530e-11
8.109050486794647857e-05 6.623846313354430988e-11
8.202948865997692718e-05 6.676406589978351974e-11
8.297934537187796715e-05 6.739324343655540304e-11
8.394020090612792852e-05 6.824890045194092799e-11
8.491218262308728262e-05 6.934846437601663853e-11
8.589541935787945305e-05 7.076970517982743273e-11
8.689004143746881595e-05 7.255622300906644569e-11
8.789618069793464267e-05 7.477054401805645580e-11
8.891397050194613488e-05 7.745998923829299860e-11
8.994354575643936521e-05 8.064715702277126862e-11
9.098504293049911853e-05 8.433701005288652505e-11
9.203860007344770748e-05 8.857363345970748114e-11
9.310435683314326931e-05 9.329461566498272453e-11
9.418245447449009216e-05 9.848325812518166134e-11
9.527303589816239347e-05 1.040943665281652636e-10
9.637624565954680924e-05 1.100598287784052454e-10
9.749222998790225210e-05 1.162617506330003610e-10
9.862113680574265443e-05 1.226042433520747666e-10
9.976311574844392432e-05 1.289658251751181766e-10
1.009183181840780691e-04 1.352314703773976809e-10
1.020868972334764650e-04 1.412334674439579979e-10
1.032690077905264333e-04 1.467790486473722551e-10
1.044648065427019099e-04 1.518919475308956044e-10
1.056744519918323676e-04 1.563472682291049200e-10
1.068981044751116051e-04 1.600615201959747126e-10
1.081359261863509824e-04 1.629394287133729819e-10
1.093880811974775783e-04 1.650102490746816032e-10
1.106547354802819166e-04 1.662620696002345659e-10
1.119360569284169843e-04 1.667051865379467640e-10
1.132322153796529580e-04 1.664942393228650683e-10
1.145433826383886026e-04 1.657590601430064270e-10
1.158697324984239615e-04 1.646721785754017642e-10
1.172114407659961296e-04 1.634915423079215703e-10
1.185686852830827555e-04 1.624899872958644088e-10
1.199416459509744813e-04 1.619766536236361429e-10
1.213305047541207081e-04 1.621812607092204239e-10
1.227354457842515364e-04 1.634367750418888521e-10
1.241566552647784948e-04 1.659852469225751092e-10
1.255943215754789502e-04 1.700690530739371028e-10
1.270486352774653110e-04 1.758573778501605740e-10
1.285197891384432108e-04 1.833620895146799049e-10
1.300079781582635788e-04 1.925912359381576446e-10
1.315133995947690435e-04 2.034084825757293785e-10
1.330362529899403897e-04 2.156353732864993584e-10
1.345767401963458333e-04 2.288135891798274173e-10
1.361350654038956344e-04 2.425896245804037123e-10
1.377114351669082826e-04 2.565008071591967510e-10
1.393060584314884456e-04 2.699156745934160698e-10
1.409191465632227234e-04 2.822909381789189343e-10
1.425509133751954596e-04 2.930832268631298031e-10
1.442015751563302474e-04 3.018119439782096332e-10
1.458713507000582675e-04 3.081835985866429900e-10
1.475604613333193142e-04 3.119397838837986391e-10
1.492691309458979746e-04 3.130436750691904214e-10
1.509975860201007907e-04 3.117889482974433984e-10
1.527460556607755670e-04 3.086313974244428610e-10
1.545147716256795760e-04 3.040361500573706413e-10
1.563039683561977700e-04 2.989417209543568027e-10
1.581138830084189426e-04 2.942681254072224426e-10
1.599447554845698401e-04 2.908758613594250624e-10
1.617968284648140247e-04 2.899576309097784627e-10
1.636703474394191234e-04 2.922150033029994549e-10
1.655655607412955237e-04 2.983401649640362926e-10
1.674827195789137550e-04 3.086722041143200164e-10
1.694220780696013395e-04 3.231823802850897817e-10
1.713838932732251867e-04 3.415543835537848858e-10
1.733684252262658175e-04 3.629244300501601390e-10
1.753759369762839622e-04 3.861039596504685263e-10
1.774066946167876340e-04 4.096140783573361664e-10
1.794609673225026631e-04 4.318585678619646449e-10
1.815390273850506729e-04 4.512178937648056744e-10
1.836411502490422785e-04 4.663382716863930821e-10
1.857676145485863753e-04 4.763639201601247809e-10
1.879187021442221307e-04 4.803781928963970599e-10
1.900946981602805912e-04 4.787290181658456280e-10
1.922958910226767171e-04 4.723121294996377984e-10
1.945225724971401946e-04 4.625233188249682521e-10
1.967750377278885748e-04 4.515486992481489227e-10
1.990535852767486220e-04 4.418023625830108758e-10
2.013585171627295032e-04 4.356122462470864741e-10
2.036901389020562758e-04 4.353837754747688054e-10
2.060487595486651640e-04 4.425484986045660809e-10
2.084346917351676985e-04 4.579751295301402911e-10
2.108482517142910915e-04 4.811553643446004527e-10
2.132897594007962310e-04 5.107898059247226923e-10
2.157595384138824807e-04 5.439978880482240135e-10
2.182579161200830003e-04 5.777703613886359802e-10
2.207852236766562250e-04 6.085244831603669713e-10
2.233417960754814700e-04 6.326111419896585366e-10
2.259279721874612654e-04 6.474108619503027143e-10
2.285440948074375482e-04 6.518066034836265832e-10
2.311905106996301417e-04 6.459935473011810323e-10
2.338675706435990400e-04 6.324298564113535855e-10
2.365756294807401202e-04 6.145690808450187778e-10
2.393150461613192416e-04 5.972949706731079090e-10
2.420861837920496669e-04 5.861092228106443247e-10
2.448894096842230486e-04 5.846806441824127905e-10
2.477250954023952571e-04 5.963035842139542974e-10
2.505936168136362096e-04 6.213400979304084566e-10
2.534953541373521587e-04 6.576987078317948564e-10
2.564306919956823639e-04 7.009171949981089724e-10
2.594000194644803916e-04 7.448469832100333473e-10
2.624037301248860888e-04 7.819663306670702179e-10
2.654422221154941939e-04 8.068157931159179957e-10
2.685158981851263043e-04 8.161857489391895035e-10
2.716251657462165044e-04 8.092782654234913959e-10
2.747704369288123854e-04 7.891385217329731103e-10
2.779521286352018127e-04 7.633986276005895127e-10
2.811706625951744943e-04 7.404028956243196542e-10
2.844264654219205712e-04 7.289771463299655966e-10
2.877199686685782661e-04 7.354917338025017792e-10
2.910516088854357393e-04 7.620757491781165576e-10
2.944218276777944170e-04 8.058751406113004047e-10
2.978310717645051204e-04 8.589276579373144751e-10
3.012797930371790027e-04 9.104781575140587153e-10
3.047684486200845692e-04 9.497400377219593193e-10
3.082975009307410263e-04 9.670325805129028873e-10
3.118674177412095313e-04 9.612308379397032163e-10
3.154786722400963837e-04 9.363948004890980301e-10
3.191317430952743915e-04 9.026623556654998997e-10
3.228271145173277267e-04 8.743387278048508693e-10
3.265652763237360972e-04 8.647787421699757373e-10
3.303467240037981823e-04 8.815247263318457052e-10
3.341719587843073962e-04 9.252457145189718544e-10
3.380414876959908759e-04 9.828262356321801097e-10
3.419558236407145655e-04 1.045151405577579077e-09
3.459154854594681137e-04 1.089051535994738858e-09
3.499209980011365223e-04 1.104320403587993195e-09
3.539728921920690086e-04 1.088631499633930244e-09
3.580717051064509363e-04 1.052282582171285958e-09
3.622179800374948611e-04 1.012156707591873309e-09
3.664122665694521551e-04 9.894105102392129774e-10
3.706551206504588155e-04 1.003260312468036297e-09
3.749471046662278739e-04 1.046813170728835956e-09
3.792887875145917100e-04 1.110352420964914687e-09
3.836807446809091808e-04 1.185217943007214179e-09
3.881235583143459109e-04 1.218856247150638769e-09
3.926178173050358226e-04 1.220493223909994520e-09
3.971641173621406028e-04 1.186575931685639112e-09
4.017630610928087857e-04 1.138163841626168708e-09
4.064152580820496862e-04 1.104472951621464792e-09
4.111213249735355181e-04 1.109435969707949289e-09
4.158818855513353300e-04 1.158326596701065187e-09
4.206975708225972935e-04 1.231551099002721990e-09
4.255690191011882867e-04 1.303621384264722420e-09
4.304968760923003155e-04 1.331747505879091808e-09
4.354817949780401981e-04 1.318373349055911781e-09
4.405244365040072822e-04 1.265794714296089402e-09
4.456254690668728577e-04 1.222662159984653215e-09
4.507855688029784470e-04 1.207932482773282514e-09
4.560054196779547643e-04 1.244794175205974266e-09
4.612857135773813463e-04 1.318563105770570565e-09
4.666271503984952018e-04 1.391777952711137908e-09
4.720304381429617636e-04 1.417478686603801449e-09
4.774962930107178993e-04 1.390547972538516358e-09
4.830254394949064960e-04 1.326280213077574892e-09
4.886186104779055486e-04 1.292605472645869362e-09
4.942765473284694211e-04 1.309043268518132556e-09
4.999999999999999020e-04 1.368745797361019386e-09
5.057897271299491120e-04 1.485505412720028345e-09
5.116464961403766531e-04 1.503549611834789751e-09
5.175710833396718422e-04 1.485303953334931303e-09
5.235642740254497010e-04 1.416491833850480898e-09
5.296268625886442309e-04 1.370914991841600250e-09
5.357596526188034176e-04 1.382160018446128396e-09
5.419634570106019031e-04 1.456298227221352465e-09
5.482390980715924666e-04 1.537204234095595017e-09
5.545874076312004358e-04 1.572529581219474055e-09
5.610092271509814097e-04 1.529260191583756985e-09
5.675054078361570394e-04 1.484785084953808087e-09
5.740768107484413340e-04 1.446436994953323413e-09
5.807243069201711546e-04 1.512698077859681421e-09
5.874487774697650716e-04 1.579195060691512448e-09
5.942511137185093944e-04 1.631728978980674756e-09
6.011322173087063929e-04 1.589827380546914235e-09
6.080930003231838424e-04 1.523679760030701037e-09
6.151343854061905054e-04 1.507766151086767330e-09
6.222573058856920762e-04 1.540993822322625065e-09
6.294627058970836365e-04 1.647499337351542322e-09
6.367515405083307633e-04 1.688301216918215696e-09
6.441247758465673719e-04 1.629331898306922362e-09
6.515833892261498582e-04 1.562259203256583078e-09
6.591283692782036463e-04 1.583617971315057126e-09
6.667607160816620311e-04 1.651274500792539750e-09
6.744814412958264824e-04 1.717936182225718559e-09
6.822915682944617451e-04 1.694913219555146780e-09
6.901921323014424334e-04 1.625302160595992800e-09
6.981841805279687899e-04 1.620327723825520810e-09
7.062687723113776324e-04 1.706197718483131432e-09
7.144469792555516304e-04 1.779087420838743346e-09
7.227198853729638849e-04 1.766438771079560297e-09
7.310885872283591101e-04 1.678379824281172908e-09
7.395541940841035122e-04 1.661323401306182351e-09
7.481178280472162642e-04 1.754462244959974726e-09
7.567806242181033963e-04 1.825056930635944806e-09
7.655437308410151329e-04 1.768372002950432871e-09
7.744083094562404478e-04 1.692204212462262890e-09
7.833755350540749394e-04 1.721012835353675080e-09
7.924465962305569326e-04 1.832895006905692743e-09
8.016226953450207018e-04 1.853348579216388332e-09
8.109050486794647586e-04 1.742980548351867944e-09
8.202948865997692447e-04 1.741720579228346944e-09
8.297934537187796715e-04 1.837115980899821588e-09
8.394020090612802068e-04 1.889048168587690560e-09
8.491218262308720130e-04 1.794839823996467711e-09
8.589541935787945847e-04 1.741993057833722215e-09
8.689004143746880239e-04 1.846882519610548264e-09
8.789618069793463453e-04 1.907935681342333104e-09
8.891397050194612675e-04 1.841689583202919915e-09
8.994354575643935708e-04 1.794624122266313684e-09
9.098504293049911040e-04 1.842462858324122552e-09
9.203860007344780506e-04 1.931160163590571906e-09
9.310435683314336689e-04 1.860669314440297850e-09
9.418245447449009487e-04 1.807695777419158947e-09
9.527303589816240974e-04 1.913472195710190357e-09
9.637624565954682008e-04 1.942977248191000872e-09
9.749222998790226836e-04 1.860095275700242676e-09
9.862113680574266256e-04 1.856732777834714369e-09
9.976311574844392432e-04 1.976344824728184428e-09
1.009183181840779715e-03 1.924405405920531749e-09
1.020868972334764650e-03 1.858826915954939992e-09
1.032690077905264441e-03 1.931593558078438017e-09
1.044648065427020156e-03 1.954528033914101596e-09
1.056744519918323541e-03 1.915600998987093549e-09
1.068981044751116105e-03 1.885295618741348769e-09
1.081359261863509879e-03 1.995816824351179857e-09
1.093880811974775810e-03 1.937130115896937689e-09
1.106547354802818028e-03 1.911545341810629709e-09
1.119360569284169734e-03 2.001132513239932363e-09
1.132322153796529608e-03 1.969103822332037432e-09
1.145433826383887056e-03 1.905928213122831745e-09
1.158697324984239588e-03 2.023393345382280166e-09
1.172114407659961052e-03 1.974986138167130915e-09
1.185686852830827474e-03 1.927255021456977284e-09
1.199416459509744732e-03 2.012917117046773003e-09
1.213305047541206891e-03 2.001406220518147314e-09
1.227354457842515364e-03 1.958968009068435744e-09
1.241566552647784894e-03 2.051883917608324553e-09
1.255943215754790803e-03 1.985924082226365802e-09
1.270486352774652947e-03 1.959411190249507954e-09
1.285197891384432054e-03 2.042795418279951417e-09
1.300079781582635843e-03 1.982434004461941865e-09
1.315133995947690435e-03 2.012181115182913702e-09
1.330362529899403951e-03 2.051992302040109018e-09
1.345767401963456761e-03 1.985387852209564897e-09
1.361350654038956127e-03 2.053966407554771417e-09
1.377114351669082772e-03 2.039260651479233904e-09
1.393060584314885974e-03 2.012926834968664807e-09
1.409191465632227396e-03 2.081806189939263907e-09
1.425509133751954758e-03 1.994662182654755535e-09
1.442015751563302745e-03 2.054583831165754377e-09
1.458713507000582730e-03 2.053410318421183137e-09
1.475604613333191895e-03 2.011844615135482192e-09
1.492691309458979909e-03 2.076303338001073326e-09
1.509975860201007635e-03 2.021853698252604058e-09
1.527460556607757513e-03 2.089322089346986383e-09
1.545147716256795815e-03 2.028422201158971638e-09
1.563039683561977646e-03 2.076701909690234202e-09
1.581138830084189480e-03 2.069075153926704287e-09
1.599447554845698401e-03 2.057454617079478858e-09
1.617968284648140355e-03 2.087673718197191407e-09
1.636703474394191234e-03 2.062017619223265851e-09
1.655655607412955237e-03 2.116617666911708608e-09
1.674827195789139285e-03 2.042399680358279345e-09
1.694220780696013449e-03 2.121141624571861736e-09
1.713838932732251975e-03 2.050906202454210065e-09
1.733684252262658121e-03 2.125133534944167595e-09
1.753759369762839405e-03 2.060432051348036722e-09
1.774066946167876177e-03 2.130580094719187493e-09
1.794609673225024517e-03 2.060408844853246626e-09
1.815390273850506567e-03 2.135009883405146414e-09
1.836411502490422785e-03 2.057857468175034702e-09
1.857676145485863536e-03 2.131953531733016251e-09
1.879187021442221524e-03 2.063627977957151264e-09
1.900946981602806129e-03 2.129628021804950785e-09
1.922958910226767442e-03 2.087421024580426418e-09
1.945225724971402217e-03 2.115716371567404660e-09
1.967750377278885965e-03 2.119643920284297036e-09
1.990535852767486274e-03 2.092396376156337713e-09
2.013585171627295303e-03 2.137183723162918512e-09
2.036901389020564709e-03 2.085465439992026589e-09
2.060487595486651478e-03 2.150324407276801145e-09
2.084346917351677202e-03 2.100635677674199402e-09
2.108482517142910590e-03 2.121671730358090032e-09
2.132897594007962527e-03 2.139759051786662321e-09
2.157595384138824915e-03 2.087025685118065235e-09
2.182579161200830058e-03 2.149378112120359144e-09
2.207852236766562250e-03 2.106144474877246508e-09
2.233417960754816977e-03 2.116344186942360786e-09
2.259279721874612491e-03 2.159411512631398010e-09
2.285440948074375211e-03 2.099942519600599714e-09
2.311905106996301092e-03 2.135393584752507303e-09
2.338675706435990129e-03 2.150175257893996187e-09
2.365756294807400822e-03 2.101305720122964964e-09
2.393150461613189652e-03 2.136280902295847511e-09
2.420861837920496723e-03 2.157263355584661811e-09
2.448894096842230052e-03 2.121555721335350153e-09
2.477250954023952137e-03 2.124717449944008241e-09
2.505936168136361879e-03 2.168844891351827977e-09
2.534953541373521912e-03 2.136779403696483993e-09
2.564306919956823531e-03 2.112512212916793832e-09
2.594000194644804132e-03 2.156448685937960536e-09
2.624037301248860997e-03 2.165158071491762624e-09
2.654422221154941613e-03 2.128357043258407460e-09
2.685158981851263043e-03 2.122021706082724957e-09
2.716251657462167429e-03 2.155625525827885112e-09
2.747704369288123637e-03 2.166805412175339749e-09
2.779521286352018561e-03 2.140817510659266183e-09
2.811706625951745052e-03 2.123922164404335940e-09
2.844264654219206146e-03 2.135384590614526226e-09
2.877199686685782878e-03 2.164318281380810133e-09
2.910516088854357610e-03 2.171165723591320456e-09
2.944218276777944496e-03 2.156864680884734286e-09
2.978310717645054565e-03 2.141628901286175522e-09
3.012797930371789810e-03 2.125619330527459638e-09
3.047684486200846234e-03 2.140512692227206002e-09
3.082975009307410696e-03 2.161528888305962951e-09
3.118674177412095096e-03 2.171519302305400910e-09
3.154786722400964270e-03 2.173657702090082552e-09
3.191317430952740879e-03 2.168370057321641586e-09
3.228271145173277484e-03 2.161337916044860450e-09
3.265652763237360864e-03 2.152892083302469955e-09
3.303467240037981714e-03 2.142119814014915721e-09
3.341719587843073637e-03 2.141510674353005163e-09
3.380414876959908759e-03 2.140195029114179830e-09
3.419558236407145655e-03 2.132413523131510633e-09
3.459154854594680920e-03 2.140597957352683146e-09
3.499209980011365115e-03 2.129803599285101025e-09
3.539728921920690195e-03 2.133933723006295208e-09
3.580717051064509580e-03 2.138573943000035772e-09
3.622179800374952623e-03 2.134075686581367754e-09
3.664122665694521767e-03 2.140826806715875415e-09
3.706551206504587938e-03 2.139951769897953689e-09
3.749471046662278956e-03 2.137002858359612218e-09
3.792887875145917534e-03 2.148469724121714557e-09
3.836807446809092567e-03 2.162951143841032999e-09
3.881235583143459542e-03 2.174747132934764018e-09
3.926178173050358551e-03 2.178378995581679868e-09
3.971641173621410364e-03 2.181831535169230002e-09
4.017630610928087966e-03 2.164021941476178349e-09
4.064152580820497296e-03 2.151647750296557707e-09
4.111213249735355506e-03 2.139026872300623913e-09
4.158818855513353625e-03 2.149832327442942825e-09
4.206975708225972610e-03 2.174831545963772722e-09
4.255690191011878530e-03 2.179788296126043378e-09
4.304968760923002721e-03 2.158672943643920662e-09
4.354817949780402306e-03 2.148964302785531661e-09
4.405244365040072822e-03 2.166659678088077338e-09
4.456254690668728577e-03 2.181505361445922316e-09
4.507855688029784036e-03 2.156881696506062530e-09
4.560054196779547535e-03 2.146732072214116008e-09
4.612857135773812921e-03 2.171349748332751586e-09
4.666271503984951476e-03 2.168954186099899963e-09
4.720304381429616877e-03 2.145120707500834036e-09
4.774962930107178559e-03 2.168202382790752159e-09
4.830254394949069947e-03 2.158748058418436311e-09
4.886186104779055052e-03 2.147977285534700780e-09
4.942765473284694427e-03 2.181529644578599438e-09
4.999999999999999237e-03 2.156838885206195101e-09
5.057897271299490252e-03 2.176762444969181186e-09
5.116464961403772820e-03 2.159554267385787335e-09
5.175710833396719723e-03 2.157322045780904057e-09
5.235642740254497010e-03 2.169557581929568843e-09
5.296268625886442309e-03 2.158336353583078705e-09
5.357596526188034176e-03 2.164552752832111718e-09
5.419634570106018380e-03 2.163491166609373416e-09
5.482390980715924449e-03 2.165155410452535646e-09
5.545874076312003707e-03 2.169119694854952264e-09
5.610092271509814314e-03 2.148776402576872116e-09
5.675054078361577332e-03 2.171462644871059046e-09
5.740768107484413990e-03 2.152562141269342439e-09
5.807243069201712196e-03 2.162926198909449344e-09
5.874487774697644861e-03 2.171220736546625853e-09
5.942511137185094161e-03 2.161516633293036498e-09
6.011322173087065013e-03 2.153898968953331912e-09
6.080930003231838424e-03 2.172275523480551612e-09
6.151343854061904620e-03 2.163354505184758326e-09
6.222573058856926617e-03 2.146651505495318449e-09
6.294627058970836582e-03 2.162787098494051975e-09
6.367515405083306983e-03 2.171192135032657839e-09
6.441247758465666780e-03 2.166198959931093110e-09
6.515833892261499449e-03 2.159676347328278385e-09
6.591283692782035596e-03 2.149937572824903530e-09
6.667607160816618576e-03 2.153979667619335339e-09
6.744814412958264824e-03 2.159240613697844453e-09
6.822915682944625040e-03 2.160188556165359796e-09
6.901921323014425201e-03 2.160615321452499550e-09
6.981841805279687466e-03 2.163439224511132420e-09
7.062687723113770036e-03 2.167118201840839275e-09
7.144469792555517389e-03 2.163552101288771679e-09
7.227198853729638849e-03 2.160347218629692921e-09
7.310885872283590450e-03 2.155812546454660270e-09
7.395541940841034688e-03 2.152197277159445598e-09
7.481178280472170448e-03 2.151018381681676489e-09
7.567806242181043287e-03 2.150600963583258457e-09
7.655437308410150896e-03 2.160724715739731051e-09
7.744083094562405345e-03 2.167145619128717671e-09
7.833755350540741805e-03 2.161800473248961489e-09
7.924465962305568892e-03 2.151401198163991365e-09
8.016226953450207235e-03 2.153107442966690291e-09
8.109050486794647586e-03 2.165247303664532238e-09
8.202948865997691796e-03 2.158973513986742714e-09
8.297934537187804521e-03 2.148477256215607136e-09
8.394020090612802285e-03 2.162466813535606858e-09
8.491218262308719913e-03 2.151769566393082922e-09
8.589541935787937607e-03 2.154852130637083791e-09
8.689004143746880890e-03 2.154350368454327313e-09
8.789618069793463453e-03 2.151497552187333866e-09
8.891397050194612892e-03 2.156000766642523439e-09
8.994354575643934840e-03 2.151303562268106846e-09
9.098504293049919714e-03 2.151849439518334958e-09
9.203860007344778771e-03 2.157271319286696126e-09
9.310435683314336255e-03 2.144404178434529844e-09
9.418245447448998428e-03 2.155978463908999561e-09
9.527303589816240106e-03 2.157078286141025625e-09
9.637624565954681574e-03 2.143166556853288455e-09
9.749222998790225969e-03 2.147069031149954068e-09
9.862113680574265823e-03 2.155221859569937159e-09
9.976311574844402841e-03 2.153980151500955707e-09
1.009183181840780756e-02 2.148564901666121855e-09
1.020868972334764389e-02 2.143900997159142400e-09
1.032690077905264354e-02 2.141889006639153455e-09
1.044648065427019115e-02 2.141703263897761282e-09
1.056744519918323584e-02 2.141049153063259811e-09
1.068981044751115932e-02 2.141612640679885579e-09
1.081359261863509835e-02 2.140199131117508356e-09
1.093880811974775637e-02 2.140670428469720689e-09
1.106547354802819329e-02 2.143969155910143571e-09
1.119360569284169951e-02 2.149210620568808408e-09
1.132322153796529694e-02 2.151319756001572429e-09
1.145433826383886189e-02 2.143179656262478878e-09
1.158697324984239718e-02 2.138338584947804163e-09
1.172114407659961138e-02 2.147056703893643792e-09
1.185686852830827517e-02 2.145206062866620990e-09
1.199416459509744862e-02 2.136274753961101571e-09
1.213305047541208236e-02 2.146846683575675121e-09
1.227354457842515234e-02 2.136011452958396154e-09
1.241566552647785024e-02 2.145761456136507502e-09
1.255943215754789545e-02 2.134915945187835693e-09
1.270486352774653077e-02 2.144444018758373993e-09
1.285197891384432141e-02 2.139712673784075800e-09
1.300079781582635929e-02 2.134705222007763978e-09
1.315133995947690565e-02 2.143443266422340537e-09
1.330362529899405295e-02 2.140498163740615238e-09
1.345767401963458149e-02 2.133830054502185956e-09
1.361350654038956040e-02 2.131565602808323835e-09
1.377114351669082859e-02 2.133798529286897603e-09
1.393060584314884456e-02 2.133819434397563166e-09
1.409191465632227309e-02 2.135416444073690723e-09
1.425509133751954628e-02 2.133493804090783062e-09
1.442015751563302701e-02 2.132719189194617627e-09
1.458713507000582686e-02 2.130318599333463766e-09
1.475604613333193239e-02 2.129829096172529425e-09
1.492691309458979952e-02 2.135565458189919066e-09
1.509975860201007852e-02 2.135655609085330698e-09
1.527460556607755995e-02 2.128406282666873792e-09
1.545147716256795901e-02 2.128707688624127359e-09
1.563039683561977602e-02 2.133639363291383637e-09
1.581138830084189567e-02 2.125870098126011416e-09
1.599447554845698227e-02 2.132102211953269382e-09
1.617968284648142047e-02 2.126154213264352981e-09
1.636703474394191060e-02 2.129078287241867046e-09
1.655655607412955324e-02 2.130534827253541052e-09
1.674827195789137593e-02 2.124653327100334747e-09
1.694220780696013146e-02 2.122885129005575374e-09
1.713838932732252018e-02 2.126796115082616214e-09
1.733684252262658251e-02 2.124824289187405469e-09
1.753759369762839665e-02 2.127723434240157544e-09
1.774066946167878259e-02 2.126976521523076327e-09
1.794609673225026208e-02 2.126363830490581369e-09
1.815390273850506567e-02 2.123898593044416947e-09
1.836411502490422828e-02 2.118590064401832613e-09
1.857676145485861671e-02 2.120087084648135573e-09
1.879187021442221134e-02 2.124070018663917374e-09
1.900946981602805869e-02 2.117767828812925375e-09
1.922958910226767182e-02 2.120226878989705574e-09
1.945225724971402087e-02 2.121248134550934766e-09
1.967750377278887700e-02 2.120087952910141785e-09
1.990535852767486361e-02 2.117920397180930201e-09
2.013585171627295042e-02 2.121391449306807653e-09
2.036901389020562628e-02 2.119481678996463905e-09
2.060487595486651738e-02 2.114047753442971652e-09
2.084346917351677028e-02 2.113577669911558900e-09
2.108482517142910850e-02 2.113450656877320003e-09
2.132897594007962527e-02 2.115105161499061060e-09
2.157595384138826650e-02 2.111512152075853737e-09
2.182579161200829884e-02 2.109469342776802419e-09
2.207852236766562337e-02 2.114578173284618270e-09
2.233417960754814982e-02 2.115366417210168033e-09
2.259279721874613012e-02 2.109017408349414920e-09
2.285440948074375644e-02 2.113793971284987550e-09
2.311905106996301265e-02 2.109043065468093540e-09
2.338675706435990390e-02 2.112982674315906229e-09
2.365756294807403598e-02 2.109405414563968702e-09
2.393150461613192254e-02 2.106283103058696403e-09
2.420861837920496376e-02 2.107179476311160261e-09
2.448894096842230139e-02 2.108332424172756775e-09
2.477250954023949708e-02 2.107622115065125397e-09
2.505936168136362052e-02 2.105700194712667665e-09
2.534953541373521912e-02 2.110160604522019667e-09
2.564306919956824138e-02 2.103838674095482588e-09
2.594000194644804219e-02 2.106471101701790112e-09
2.624037301248863946e-02 2.098621175263571486e-09
2.654422221154941960e-02 2.104263022466034002e-09
2.685158981851263130e-02 2.100009811172244228e-09
2.716251657462164654e-02 2.104596815013906074e-09
2.747704369288123810e-02 2.101266226894733459e-09
2.779521286352018214e-02 2.098982780452488993e-09
2.811706625951744878e-02 2.098123332947471930e-09
2.844264654219206059e-02 2.097221386864794514e-09
2.877199686685785740e-02 2.097798494218873443e-09
2.910516088854357697e-02 2.101194263385035458e-09
2.944218276777944496e-02 2.102887246443318907e-09
2.978310717645051356e-02 2.094952535466184424e-09
3.012797930371790070e-02 2.097458524913397352e-09
3.047684486200846407e-02 2.094708445838343102e-09
3.082975009307410696e-02 2.093535784772675807e-09
3.118674177412095530e-02 2.088673480008958550e-09
3.154786722400967913e-02 2.095989017718613635e-09
3.191317430952744089e-02 2.095748806250428953e-09
3.228271145173277484e-02 2.095212189043610344e-09
3.265652763237360950e-02 2.091037742093680686e-09
3.303467240037977898e-02 2.090152790390647299e-09
3.341719587843073463e-02 2.092786321336213410e-09
3.380414876959908499e-02 2.088681665507146234e-09
3.419558236407146262e-02 2.091268769476253697e-09
3.459154854594680834e-02 2.090988477183334917e-09
3.499209980011368931e-02 2.088510357515997516e-09
3.539728921920690108e-02 2.088671065820712136e-09
3.580717051064509493e-02 2.088810035550892566e-09
3.622179800374948633e-02 2.087426038008400379e-09
3.664122665694521247e-02 2.084746396343448053e-09
3.706551206504588025e-02 2.085649398364056721e-09
3.749471046662278262e-02 2.083355422532886591e-09
3.792887875145917187e-02 2.084813904718469786e-09
3.836807446809096384e-02 2.083226266184564265e-09
3.881235583143458762e-02 2.084199834657649061e-09
3.926178173050358378e-02 2.084743213048747865e-09
3.971641173621406201e-02 2.082787788070709457e-09
4.017630610928087792e-02 2.078624221984524768e-09
4.064152580820496602e-02 2.081643394387805889e-09
4.111213249735355679e-02 2.077604675195944800e-09
4.158818855513353452e-02 2.078154158585396483e-09
4.206975708225977467e-02 2.079333767590729901e-09
4.255690191011882867e-02 2.079010981536234521e-09
4.304968760923003068e-02 2.077253368274857298e-09
4.354817949780401959e-02 2.071779282912651574e-09
4.405244365040068832e-02 2.076510803833212184e-09
4.456254690668728924e-02 2.073853908949203593e-09
4.507855688029784730e-02 2.074899279636917382e-09
4.560054196779547708e-02 2.075063081802675265e-09
4.612857135773813094e-02 2.074097036576352540e-09
4.666271503984956853e-02 2.072627402770939769e-09
4.720304381429617224e-02 2.069920353349421319e-09
4.774962930107178732e-02 2.071594484498959644e-09
4.830254394949064223e-02 2.068807134291153127e-09
4.886186104779054878e-02 2.069247101847550053e-09
4.942765473284694427e-02 2.065526767901077467e-09
4.999999999999998890e-02 2.068823240364011846e-09
5.057897271299490599e-02 2.066638669722395581e-09
5.116464961403772299e-02 2.068428355847591991e-09
5.175710833396719723e-02 2.064817698712041737e-09
5.235642740254497357e-02 2.064007401590887715e-09
5.296268625886442483e-02 2.065034219269855152e-09
5.357596526188034003e-02 2.062862534425880686e-09
5.419634570106018207e-02 2.061866200161179517e-09
5.482390980715924622e-02 2.063869108051885219e-09
5.545874076312003881e-02 2.062479658348781473e-09
5.610092271509820039e-02 2.060413692285563745e-09
5.675054078361576465e-02 2.059904629312055430e-09
5.740768107484413296e-02 2.060272626596495360e-09
5.807243069201711849e-02 2.060767759517673526e-09
5.874487774697650933e-02 2.057443425114681702e-09
5.942511137185093467e-02 2.057537031721676061e-09
6.011322173087065013e-02 2.057320268504593367e-09
6.080930003231838771e-02 2.054060813140778241e-09
6.151343854061905314e-02 2.057076801363500024e-09
6.222573058856927658e-02 2.054849982811588253e-09
6.294627058970836408e-02 2.062555038368418699e-09
6.367515405083307156e-02 2.055230231119993177e-09
6.441247758465666606e-02 2.052010931959859743e-09
6.515833892261499449e-02 2.051840637139071957e-09
6.591283692782035075e-02 2.053013391486145498e-09
6.667607160816618750e-02 2.052700644036335862e-09
6.744814412958265171e-02 2.047555705053116685e-09
6.822915682944626081e-02 2.053152938804121780e-09
6.901921323014426068e-02 2.048632960745540926e-09
6.981841805279687119e-02 2.047827833035916217e-09
7.062687723113769689e-02 2.048656030603140121e-09
7.144469792555516174e-02 2.047834240403787200e-09
7.227198853729638328e-02 2.038146999337192493e-09
7.310885872283590103e-02 2.045024150621827355e-09
7.395541940841034168e-02 2.031728576029611906e-09
7.481178280472169928e-02 2.042436135185175215e-09
7.567806242181042420e-02 2.043072984514531439e-09
7.655437308410149855e-02 2.041878980488150702e-09
7.744083094562403957e-02 2.040774058905760887e-09
7.833755350540749784e-02 2.042636737259831298e-09
7.924465962305569933e-02 2.040457773795825948e-09
8.016226953450207582e-02 2.046419059593911810e-09
8.109050486794647239e-02 2.040330763078611763e-09
8.202948865997691796e-02 2.040623275015570993e-09
8.297934537187805215e-02 2.036361020016504095e-09
8.394020090612802631e-02 2.039209175777808040e-09
8.491218262308719567e-02 2.037675716948714664e-09
8.589541935787936566e-02 2.040179949945776103e-09
8.689004143746879849e-02 2.034907168043705407e-09
8.789618069793463107e-02 2.033092343524426895e-09
8.891397050194613239e-02 2.034212280564872513e-09
8.994354575643936922e-02 2.034600421458219118e-09
9.098504293049920755e-02 2.030738821729405610e-09
9.203860007344780159e-02 2.032715776316014457e-09
9.310435683314335908e-02 2.032152745260670237e-09
9.418245447448998775e-02 2.031057188112089611e-09
9.527303589816239759e-02 2.031540823534128061e-09
9.637624565954681921e-02 2.030880871399693686e-09
9.749222998790225969e-02 2.028461505058361963e-09
9.862113680574265129e-02 2.026596058545190966e-09
9.976311574844401453e-02 2.027350225432196600e-09
1.009183181840780652e-01 2.028073154711396374e-09
1.020868972334764563e-01 2.023396922291865387e-09
1.032690077905264459e-01 2.026121451660865425e-09
1.044648065427020295e-01 2.024589137126897568e-09
1.056744519918323688e-01 2.024733949330688787e-09
1.068981044751115966e-01 2.023599748221106159e-09
1.081359261863509835e-01 2.019904948112217040e-09
1.093880811974775741e-01 2.021816155203893702e-09
1.106547354802819155e-01 2.020096527587587852e-09
1.119360569284169882e-01 2.019534603976357058e-09
1.132322153796529590e-01 2.019521251607932877e-09
1.145433826383886050e-01 2.019068101197276472e-09
1.158697324984239718e-01 2.019800884223694415e-09
1.172114407659961138e-01 2.019322212657884888e-09
1.185686852830827448e-01 2.017281829893281263e-09
1.199416459509744792e-01 2.016744499786238325e-09
1.213305047541208270e-01 2.015958373504602244e-09
1.227354457842515373e-01 2.015371853815115815e-09
1.241566552647785093e-01 2.015262651686507061e-09
1.255943215754789510e-01 2.013708193967191791e-09
1.270486352774652938e-01 2.014032304503763342e-09
1.285197891384432245e-01 2.012202132444810383e-09
1.300079781582635929e-01 2.020076325946447219e-09
1.315133995947690426e-01 2.010736030058698311e-09
1.330362529899405399e-01 2.008880856420347672e-09
1.345767401963458010e-01 2.022252695061817515e-09
1.361350654038956109e-01 2.010003402486104706e-09
1.377114351669082859e-01 2.010398158992389870e-09
1.393060584314886052e-01 2.009181771649153409e-09
1.409191465632227414e-01 2.007370421495339554e-09
1.425509133751954594e-01 2.007106702787826028e-09
1.442015751563302528e-01 2.004130936748179548e-09
1.458713507000582721e-01 2.004507059762989048e-09
1.475604613333193205e-01 2.005235471620852426e-09
1.492691309458979987e-01 2.002819204937195476e-09
1.509975860201007714e-01 2.003722224330148385e-09
1.527460556607755926e-01 2.002539356714915101e-09
1.545147716256795867e-01 2.002240377332358595e-09
1.563039683561977533e-01 2.001837143746764903e-09
1.581138830084189428e-01 1.999866288305809468e-09
1.599447554845698227e-01 2.001506169969719138e-09
1.617968284648141908e-01 1.996753531315046738e-09
1.636703474394191060e-01 1.998175670241037707e-09
1.655655607412955255e-01 2.000191450533835012e-09
1.674827195789137801e-01 1.998077320981815664e-09
1.694220780696013284e-01 1.996850922343177423e-09
1.713838932732252018e-01 1.995697513685278968e-09
1.733684252262658043e-01 1.994703683507127927e-09
1.753759369762839249e-01 1.993597303538776050e-09
1.774066946167878189e-01 1.994829197948947748e-09
1.794609673225026625e-01 1.971922793364383610e-09
1.815390273850506775e-01 1.992532662493320687e-09
1.836411502490422898e-01 1.992719214190592644e-09
1.857676145485863684e-01 1.991175258408374761e-09
1.879187021442221273e-01 1.990595091733215090e-09
1.900946981602806007e-01 1.989007847967951909e-09
1.922958910226767459e-01 1.991413346920795856e-09
1.945225724971401948e-01 1.988338666094969924e-09
1.967750377278887908e-01 1.987736907500297506e-09
1.990535852767486291e-01 1.986920812520167956e-09
2.013585171627295112e-01 1.988838334321785575e-09
2.036901389020562836e-01 1.983484330841566436e-09
2.060487595486651669e-01 1.985192627680946811e-09
2.084346917351677098e-01 1.985535122878419711e-09
2.108482517142910850e-01 1.982974631727143995e-09
2.132897594007962250e-01 1.974380251162104013e-09
2.157595384138826788e-01 1.981798177815040132e-09
2.182579161200829954e-01 1.981540660403565092e-09
2.207852236766562337e-01 1.980107415536588199e-09
2.233417960754814635e-01 1.980979404498550348e-09
2.259279721874612734e-01 1.979471834758344143e-09
2.285440948074375644e-01 1.949616097054294170e-09
2.311905106996301196e-01 1.978720166731820670e-09
2.338675706435990320e-01 1.940729997160270115e-09
2.365756294807403459e-01 1.977224439944434816e-09
2.393150461613192115e-01 1.973631746360310672e-09
2.420861837920496862e-01 1.973798417535728805e-09
2.448894096842230417e-01 1.972546334599100802e-09
2.477250954023952345e-01 1.972807885778865740e-09
2.505936168136362330e-01 1.973279332565862300e-09
2.534953541373521912e-01 1.972070893299854897e-09
2.564306919956823583e-01 1.970842829240568150e-09
2.594000194644803803e-01 1.970724392481867651e-09
2.624037301248863807e-01 1.971738594333762786e-09
2.654422221154941752e-01 1.967939272142444920e-09
2.685158981851262783e-01 1.968259556205853317e-09
2.716251657462164792e-01 1.968318213948686210e-09
2.747704369288123671e-01 1.965110210221164474e-09
2.779521286352018006e-01 1.967659855284416212e-09
2.811706625951744809e-01 1.955866629204959356e-09
2.844264654219206268e-01 1.965293290153734327e-09
2.877199686685785740e-01 1.968004292629253661e-09
2.910516088854357419e-01 1.969614613824540127e-09
2.944218276777944010e-01 1.964120593490530936e-09
2.978310717645051287e-01 1.962152539164647706e-09
3.012797930371790001e-01 1.962399401484605959e-09
3.047684486200846199e-01 1.962282660778918171e-09
3.082975009307410419e-01 1.959795419226456738e-09
3.118674177412095183e-01 1.961209008775995647e-09
3.154786722400967358e-01 1.959523444303176656e-09
3.191317430952744227e-01 1.958475620386486878e-09
3.228271145173277623e-01 1.958210301112485231e-09
3.265652763237361089e-01 1.957897674805970016e-09
3.303467240037981645e-01 1.921350977571788989e-09
3.341719587843073880e-01 1.962512504361679167e-09
3.380414876959909054e-01 1.945490470082341998e-09
3.419558236407145846e-01 1.954362109438055628e-09
3.459154854594680417e-01 1.954478090927224414e-09
3.499209980011368515e-01 1.952010748965178851e-09
3.539728921920690108e-01 1.953980836740036463e-09
3.580717051064509771e-01 1.951053836871159495e-09
3.622179800374948910e-01 1.946990351853628851e-09
3.664122665694521941e-01 1.952098160628021560e-09
3.706551206504587470e-01 1.949671747535965119e-09
3.749471046662278817e-01 1.949662723051785454e-09
3.792887875145917742e-01 1.945412984608278453e-09
3.836807446809096245e-01 1.951208410246797273e-09
3.881235583143459178e-01 1.951022010819672097e-09
3.926178173050358100e-01 1.949465895202241425e-09
3.971641173621405785e-01 1.966495331206504406e-09
4.017630610928087931e-01 1.944717735354100534e-09
4.064152580820497018e-01 1.944537053955815791e-09
4.111213249735355402e-01 1.943655890946774778e-09
4.158818855513353729e-01 1.943617985428092823e-09
4.206975708225977328e-01 1.941222325797298671e-09
4.255690191011883283e-01 1.941985284056482036e-09
4.304968760923003068e-01 1.940136592289533149e-09
4.354817949780401820e-01 1.890973082270037344e-09
4.405244365040072441e-01 1.942143054375707082e-09
4.456254690668728924e-01 1.938015403178212453e-09
4.507855688029784313e-01 1.938071784304368504e-09
4.560054196779547708e-01 1.937952671635343532e-09
4.612857135773818507e-01 1.937193666464616019e-09
4.666271503984956714e-01 1.936676955438766952e-09
4.720304381429616947e-01 1.935972580770119006e-09
4.774962930107178871e-01 1.935464727159641308e-09
4.830254394949065055e-01 1.936540952087976237e-09
4.886186104779055572e-01 1.933219759222589848e-09
4.942765473284694844e-01 1.928574445268391096e-09
5.000000000000000000e-01 1.935546224103084378e-09
5.235642740254496941e-01 1.931523377679378424e-09
5.482390980715925455e-01 1.925219924279885172e-09
5.740768107484413019e-01 1.923625708700304479e-09
6.011322173087064735e-01 1.951189294326789156e-09
6.294627058970835298e-01 1.917521142589322979e-09
6.591283692782035075e-01 1.915880721919564126e-09
6.901921323014424958e-01 1.912174496834824625e-09
7.227198853729638328e-01 1.911034074049140814e-09
7.567806242181041032e-01 1.909781538907555211e-09
7.924465962305566880e-01 1.904819377239757205e-09
8.297934537187803272e-01 1.902662738568826506e-09
8.689004143746876796e-01 1.906519118709598614e-09
9.098504293049917147e-01 1.888663222284729765e-09
9.527303589816236151e-01 1.894354503365309013e-09
9.976311574844398677e-01 1.898137361987526879e-09
1.044648065427019601e+00 1.889146041443835048e-09
1.093880811974776268e+00 1.886219488745222152e-09
1.145433826383886355e+00 1.880495486986230551e-09
1.199416459509745181e+00 1.882224249532778870e-09
1.255943215754790065e+00 1.877905867605605970e-09
1.315133995947690870e+00 1.874897553467252290e-09
1.377114351669083137e+00 1.778877674506220165e-09
1.442015751563303194e+00 1.869785425629093812e-09
1.509975860201008047e+00 1.867094322009355528e-09
1.581138830084189539e+00 1.863222400118820404e-09
1.655655607412955588e+00 1.859436079409401576e-09
1.733684252262658321e+00 1.860640334500078757e-09
1.815390273850506775e+00 1.856659199047577657e-09
1.900946981602805730e+00 1.854046080062562290e-09
1.990535852767486125e+00 1.842449696912868988e-09
2.084346917351676876e+00 1.849529918520099828e-09
2.182579161200830065e+00 1.814194896632371773e-09
2.285440948074374923e+00 1.843157089498209633e-09
2.393150461613192448e+00 1.839166517375323424e-09
2.505936168136361886e+00 1.829954620697459024e-09
2.624037301248862697e+00 1.834776608361708352e-09
2.747704369288122450e+00 1.833380464904720616e-09
2.877199686685784741e+00 1.828956314960911460e-09
3.012797930371788890e+00 1.828006664343583494e-09
3.154786722400966248e+00 1.823155623991246409e-09
3.303467240037980091e+00 1.831018556538275551e-09
3.459154854594682416e+00 1.751965947910210333e-09
3.622179800374950354e+00 1.816619388066251131e-09
3.792887875145919185e+00 1.813718608010731781e-09
3.971641173621408338e+00 1.811160951236434913e-09
4.158818855513356283e+00 1.808814892388514572e-09
4.354817949780404263e+00 1.806392123633836006e-09
4.560054196779547375e+00 1.805161379694589558e-09
4.774962930107178316e+00 1.801593443057975676e-09
5.000000000000000000e+00 1.798206782911221494e-09
6.294627058970836408e+00 1.766611163826591653e-09
7.924465962305568212e+00 1.772343152898354089e-09
9.976311574844396901e+00 1.758539632468902947e-09
1.255943215754790110e+01 1.747942116139590886e-09
1.581138830084189273e+01 1.406029354977831016e-09
1.990535852767486347e+01 1.724484908629626400e-09
2.505936168136361886e+01 1.704989892931944627e-09
3.154786722400966426e+01 1.700490022896862889e-09
3.971641173621406296e+01 1.680556010327985225e-09
4.999999999999998579e+01 1.667833904915277414e-09
