3.082975009307410534e-05 2.489189736969944712e-13
3.154786722400964650e-05 5.496421550537901058e-13
3.228271145173280656e-05 1.640184649945485489e-12
3.303467240037981687e-05 3.534362357724791789e-12
3.380414876959908759e-05 6.256466065194571992e-12
3.459154854594680595e-05 9.833870928569618073e-12
3.539728921920685885e-05 1.430860498369102704e-11
3.622179800374952406e-05 1.972003310697250946e-11
3.706551206504588155e-05 2.612515617719341231e-11
3.792887875145917236e-05 3.357642924888251828e-11
3.881235583143463039e-05 4.214434719280638326e-11
3.971641173621410364e-05 5.189603167910811568e-11
4.064152580820496591e-05 6.289857890951843287e-11
4.158818855513353842e-05 7.524929075691972567e-11
4.255690191011878395e-05 8.901968503068003750e-11
4.354817949780398050e-05 1.043004895186149041e-10
4.456254690668729390e-05 1.211676333109623216e-10
4.560054196779547508e-05 1.397633129895632654e-10
4.666271503984952289e-05 1.601394173325561215e-10
4.774962930107183736e-05 1.824797874474939962e-10
4.886186104779054808e-05 2.067061229883024454e-10
4.999999999999998884e-05 2.331348643290314745e-10
5.057897271299490442e-05 2.471960157046125213e-10
5.116464961403767209e-05 2.617712483596980041e-10
5.175710833396714221e-05 2.769274473714777400e-10
5.235642740254491318e-05 2.927105583412316373e-10
5.296268625886447866e-05 3.090829263160133183e-10
5.357596526188034176e-05 3.260834430990536153e-10
5.419634570106018624e-05 3.437192405278317593e-10
5.482390980715924394e-05 3.619571552613830786e-10
5.545874076312003680e-05 3.808165231951897308e-10
5.610092271509813691e-05 4.003942036485688756e-10
5.675054078361570665e-05 4.206689355934823072e-10
5.740768107484407919e-05 4.415321589518956072e-10
5.807243069201718186e-05 4.630717996103748112e-10
5.874487774697651393e-05 4.853422545947396261e-10
5.942511137185093809e-05 5.084270342815586864e-10
6.011322173087064877e-05 5.320402520123767114e-10
6.080930003231838695e-05 5.564647242437877785e-10
6.151343854061905325e-05 5.815556174648608243e-10
6.222573058856921034e-05 6.073559182513033566e-10
6.294627058970830402e-05 6.337524329043163071e-10
6.367515405083314138e-05 6.610674690139565314e-10
6.441247758465673719e-05 6.889438219307572769e-10
6.515833892261499124e-05 7.176479204581169599e-10
6.591283692782035650e-05 7.469255873028525274e-10
6.667607160816619769e-05 7.768845633812139279e-10
6.744814412958265366e-05 8.075144493988606636e-10
6.822915682944618535e-05 8.388370548642582993e-10
6.901921323014417829e-05 8.708758880815153404e-10
6.981841805279679497e-05 9.035937201833537914e-10
7.062687723113775782e-05 9.366766916212196706e-10
7.144469792555517389e-05 9.706393775917045911e-10
7.227198853729638578e-05 1.004899835347691622e-09
7.310885872283590017e-05 1.039827572172460681e-09
7.395541940841035122e-05 1.075193311313161988e-09
7.481178280472162371e-05 1.110987256949057740e-09
7.567806242181034505e-05 1.147150439817495636e-09
7.655437308410142656e-05 1.183931720335696233e-09
7.744083094562412067e-05 1.220882889053075768e-09
7.833755350540748852e-05 1.257988280336908911e-09
7.924465962305569597e-05 1.295562458126659685e-09
8.016226953450208102e-05 1.333339283533279412e-09
8.109050486794647857e-05 1.371059428413448936e-09
8.202948865997692718e-05 1.408623979256874161e-09
8.297934537187796715e-05 1.446460719668943386e-09
8.394020090612792852e-05 1.484196235497730273e-09
8.491218262308728262e-05 1.521904394741891237e-09
8.589541935787945305e-05 1.558412894852740521e-09
8.689004143746881595e-05 1.595249779420017660e-09
8.789618069793464267e-05 1.631989830644432359e-09
8.891397050194613488e-05 1.667701920709097491e-09
8.994354575643936521e-05 1.703022875961066065e-09
9.098504293049911853e-05 1.737550559571171036e-09
9.203860007344770748e-05 1.771246237341988547e-09
9.310435683314326931e-05 1.804476641427727263e-09
9.418245447449009216e-05 1.835685221378940379e-09
9.527303589816239347e-05 1.866647854020804704e-09
9.637624565954680924e-05 1.896120246395651823e-09
9.749222998790225210e-05 1.924606527777146580e-09
9.862113680574265443e-05 1.950671231849420076e-09
9.976311574844392432e-05 1.975406641001173742e-09
1.009183181840780691e-04 1.999425644372470935e-09
1.020868972334764650e-04 2.020581028703225545e-09
1.032690077905264333e-04 2.039756119056098909e-09
1.044648065427019099e-04 2.057550487414052360e-09
1.056744519918323676e-04 2.072745432530445183e-09
1.068981044751116051e-04 2.086149129431683419e-09
1.081359261863509824e-04 2.096882686034095054e-09
1.093880811974775783e-04 2.105650411691447484e-09
1.106547354802819166e-04 2.111361407527018149e-09
1.119360569284169843e-04 2.115013942331144990e-09
1.132322153796529580e-04 2.115026603852509369e-09
1.145433826383886026e-04 2.113240708481447866e-09
1.158697324984239615e-04 2.108646002960116817e-09
1.172114407659961296e-04 2.100875674981899380e-09
1.185686852830827555e-04 2.090338342991162528e-09
1.199416459509744813e-04 2.077534078437694401e-09
1.213305047541207081e-04 2.061424177641067122e-09
1.227354457842515364e-04 2.042421326837372530e-09
1.241566552647784948e-04 2.021524311650678031e-09
1.255943215754789502e-04 1.997294499189417205e-09
1.270486352774653110e-04 1.971055406235094928e-09
1.285197891384432108e-04 1.941925729426451096e-09
1.300079781582635788e-04 1.910930079358851564e-09
1.315133995947690435e-04 1.877037953997593223e-09
1.330362529899403897e-04 1.841619852117014559e-09
1.345767401963458333e-04 1.804382655862068885e-09
1.361350654038956344e-04 1.765109872236413230e-09
1.377114351669082826e-04 1.725001667667724903e-09
1.393060584314884456e-04 1.683678291041691659e-09
1.409191465632227234e-04 1.641534880461732260e-09
1.425509133751954596e-04 1.599093109811319384e-09
1.442015751563302474e-04 1.556354471355577141e-09
1.458713507000582675e-04 1.513442370868261616e-09
1.475604613333193142e-04 1.471399619734000086e-09
1.492691309458979746e-04 1.430285765773784123e-09
1.509975860201007907e-04 1.390288421661059275e-09
1.527460556607755941e-04 1.352156630341819870e-09
1.545147716256795760e-04 1.316098045233887709e-09
1.563039683561977700e-04 1.282654773324963171e-09
1.581138830084189426e-04 1.252049536654611789e-09
1.599447554845698401e-04 1.224514334420915586e-09
1.617968284648140247e-04 1.200864975312922282e-09
1.636703474394191234e-04 1.180993300466626532e-09
1.655655607412955237e-04 1.165515728787331433e-09
1.674827195789137550e-04 1.154862647663157175e-09
1.694220780696013395e-04 1.148901744973732105e-09
1.713838932732251867e-04 1.148034845539719828e-09
1.733684252262658175e-04 1.152640014976985795e-09
1.753759369762839622e-04 1.162538973056542339e-09
1.774066946167876340e-04 1.178189678820115430e-09
1.794609673225026631e-04 1.199127761070376390e-09
1.815390273850506729e-04 1.225742110347779236e-09
1.836411502490422785e-04 1.257775984755267837e-09
1.857676145485863753e-04 1.294608221212446466e-09
1.879187021442221307e-04 1.336490033075593105e-09
1.900946981602805912e-04 1.382755412546969875e-09
1.922958910226767171e-04 1.433493030870247806e-09
1.945225724971401946e-04 1.487220717741843520e-09
1.967750377278885748e-04 1.544329480792893502e-09
1.990535852767486220e-04 1.603442007527923028e-09
2.013585171627295032e-04 1.664656389321535673e-09
2.036901389020562758e-04 1.726202746842807259e-09
2.060487595486651640e-04 1.787849736677167569e-09
2.084346917351676985e-04 1.848605867290849590e-09
2.108482517142910915e-04 1.907738444039467400e-09
2.132897594007962310e-04 1.963949711814064341e-09
2.157595384138824807e-04 2.017008115715315421e-09
2.182579161200830003e-04 2.065055419478925193e-09
2.207852236766562250e-04 2.108155297217855391e-09
2.233417960754814700e-04 2.145136761025605048e-09
2.259279721874612654e-04 2.175631099345386429e-09
2.285440948074375482e-04 2.198571135870015311e-09
2.311905106996301417e-04 2.214181742467617281e-09
2.338675706435990400e-04 2.221181137949149691e-09
2.365756294807401202e-04 2.220348771735602966e-09
2.393150461613192416e-04 2.209858329313775371e-09
2.420861837920496669e-04 2.192773660963432806e-09
2.448894096842230486e-04 2.167359312425450179e-09
2.477250954023952571e-04 2.135200552502164276e-09
2.505936168136362096e-04 2.095940457225521748e-09
2.534953541373521587e-04 2.051438828219981003e-09
2.564306919956823639e-04 2.002426066449826993e-09
2.594000194644803916e-04 1.950343792475727003e-09
2.624037301248860888e-04 1.896254525775908378e-09
2.654422221154941939e-04 1.842015893194934769e-09
2.685158981851263043e-04 1.789262927081283598e-09
2.716251657462165044e-04 1.739260694002757406e-09
2.747704369288123854e-04 1.694321729899701508e-09
2.779521286352018127e-04 1.654612831627534031e-09
2.811706625951744943e-04 1.622641065005480052e-09
2.844264654219205712e-04 1.598865694334325817e-09
2.877199686685782661e-04 1.585255447159337039e-09
2.910516088854357393e-04 1.582090697378490185e-09
2.944218276777944170e-04 1.589604998839566633e-09
2.978310717645051204e-04 1.608249237014441122e-09
3.012797930371790027e-04 1.637423061933332540e-09
3.047684486200846234e-04 1.676673970193615132e-09
3.082975009307410263e-04 1.725036159768489649e-09
3.118674177412095313e-04 1.780767203927103217e-09
3.154786722400964379e-04 1.842632220922289880e-09
3.191317430952743915e-04 1.907948749741445496e-09
3.228271145173277267e-04 1.974867787251149478e-09
3.265652763237360972e-04 2.041017588602929030e-09
3.303467240037981823e-04 2.103027955489185117e-09
3.341719587843073962e-04 2.159503166439748567e-09
3.380414876959908759e-04 2.207647262562157327e-09
3.419558236407145655e-04 2.245025560666764362e-09
3.459154854594681137e-04 2.271335931616112395e-09
3.499209980011365223e-04 2.284009125209097595e-09
3.539728921920690086e-04 2.283365210885776958e-09
3.580717051064509905e-04 2.268582657217702217e-09
3.622179800374948611e-04 2.240895456518342649e-09
3.664122665694521551e-04 2.201767008596521472e-09
3.706551206504588155e-04 2.153075056784120809e-09
3.749471046662278739e-04 2.097721234442909875e-09
3.792887875145917100e-04 2.038849435195445730e-09
3.836807446809091808e-04 1.979485672050759100e-09
3.881235583143459109e-04 1.923302564993691835e-09
3.926178173050358226e-04 1.873983419317342016e-09
3.971641173621406028e-04 1.834549930030377108e-09
4.017630610928087857e-04 1.808188375489178936e-09
4.064152580820496862e-04 1.796880687465326362e-09
4.111213249735355181e-04 1.801389448977307134e-09
4.158818855513353300e-04 1.822369224275275783e-09
4.206975708225972935e-04 1.858337595548968292e-09
4.255690191011882867e-04 1.908490115418333865e-09
4.304968760923003155e-04 1.968519975111451973e-09
4.354817949780401981e-04 2.035282905928311758e-09
4.405244365040072822e-04 2.103997899420723272e-09
4.456254690668728577e-04 2.169722329996618970e-09
4.507855688029784470e-04 2.227792773194627723e-09
4.560054196779547643e-04 2.274091484672289084e-09
4.612857135773813463e-04 2.304490732787514618e-09
4.666271503984952018e-04 2.317181779494727604e-09
4.720304381429617636e-04 2.310145409383571312e-09
4.774962930107178993e-04 2.285343746982752263e-09
4.830254394949064960e-04 2.244020176007594417e-09
4.886186104779055486e-04 2.190362406327137399e-09
4.942765473284694211e-04 2.129347782945257975e-09
4.999999999999999020e-04 2.067104159035337367e-09
5.057897271299491120e-04 2.009227431585278850e-09
5.116464961403766531e-04 1.962983972016422607e-09
5.175710833396719507e-04 1.932717190233259158e-09
5.235642740254497010e-04 1.922304839933010284e-09
5.296268625886442309e-04 1.933103646975322893e-09
5.357596526188034176e-04 1.965417222707490818e-09
5.419634570106019031e-04 2.015207014904074090e-09
5.482390980715924666e-04 2.078302204554738136e-09
5.545874076312004358e-04 2.147410429689463353e-09
5.610092271509814097e-04 2.214569596693921645e-09
5.675054078361570394e-04 2.272141224995732938e-09
5.740768107484413340e-04 2.313612516996130304e-09
5.807243069201711546e-04 2.333155556218853099e-09
5.874487774697650716e-04 2.328406116785027626e-09
5.942511137185093944e-04 2.300360617490264928e-09
6.011322173087063929e-04 2.252989019504000450e-09
6.080930003231838424e-04 2.192480103417624389e-09
6.151343854061905054e-04 2.128266780981026963e-09
6.222573058856920762e-04 2.069598303049245657e-09
6.294627058970836365e-04 2.026180550654788621e-09
6.367515405083307633e-04 2.004436950237332198e-09
6.441247758465673719e-04 2.009517246839678980e-09
6.515833892261498582e-04 2.040342845544630775e-09
6.591283692782036463e-04 2.092994912809882476e-09
6.667607160816619227e-04 2.159273537395645189e-09
6.744814412958264824e-04 2.228886591282322322e-09
6.822915682944617451e-04 2.288766159032035318e-09
6.901921323014424334e-04 2.329688465274663392e-09
6.981841805279687899e-04 2.343580666618894463e-09
7.062687723113776324e-04 2.328439440784253106e-09
7.144469792555517389e-04 2.287160549845909858e-09
7.227198853729638849e-04 2.226958022911367011e-09
7.310885872283591101e-04 2.162018674922022032e-09
7.395541940841035122e-04 2.104086696663809883e-09
7.481178280472162642e-04 2.067737798218139904e-09
7.567806242181033963e-04 2.059751898679590853e-09
7.655437308410150245e-04 2.084272375935478627e-09
7.744083094562404478e-04 2.135146468878097216e-09
7.833755350540749394e-04 2.203507493706472413e-09
7.924465962305569326e-04 2.268587356197172529e-09
8.016226953450207018e-04 2.321644079765765442e-09
8.109050486794647586e-04 2.345544792004309274e-09
8.202948865997692447e-04 2.337825375370769395e-09
8.297934537187796715e-04 2.296273134810894082e-09
8.394020090612802068e-04 2.231810337878826256e-09
8.491218262308720130e-04 2.174718445421357236e-09
8.589541935787945847e-04 2.121549759896400328e-09
8.689004143746880239e-04 2.096137376119888969e-09
8.789618069793463453e-04 2.115525709746424217e-09
8.891397050194612675e-04 2.166119551468833116e-09
8.994354575643935708e-04 2.229922306165641329e-09
9.098504293049911040e-04 2.296370087515506151e-09
9.203860007344780506e-04 2.341395732357346463e-09
9.310435683314336689e-04 2.349904206940607012e-09
9.418245447449009487e-04 2.320868074107441799e-09
9.527303589816240974e-04 2.259796944414899513e-09
9.637624565954682008e-04 2.195522172287411887e-09
9.749222998790226836e-04 2.143292726102094905e-09
9.862113680574266256e-04 2.128892806010382157e-09
9.976311574844392432e-04 2.155235884088841391e-09
1.009183181840779715e-03 2.212288173227586718e-09
1.020868972334764650e-03 2.280453224339903784e-09
1.032690077905264224e-03 2.332839568555992798e-09
1.044648065427020156e-03 2.349069611567196402e-09
1.056744519918323541e-03 2.322166109553817843e-09
1.068981044751116105e-03 2.263049183779499913e-09
1.081359261863509879e-03 2.197587328253847736e-09
1.093880811974775810e-03 2.155614618722995332e-09
1.106547354802818028e-03 2.158757899432981598e-09
1.119360569284169734e-03 2.203643961356918981e-09
1.132322153796529608e-03 2.269862082899308184e-09
1.145433826383887056e-03 2.329046433897131543e-09
1.158697324984239588e-03 2.350009394187628534e-09
1.172114407659961052e-03 2.319964612064644857e-09
1.185686852830827474e-03 2.260151877676780528e-09
1.199416459509744732e-03 2.193171443170423632e-09
1.213305047541206891e-03 2.168169014428363009e-09
1.227354457842515364e-03 2.189703652131783324e-09
1.241566552647784894e-03 2.249818620634641966e-09
1.255943215754790803e-03 2.314308941190538595e-09
1.270486352774652947e-03 2.348727320332285140e-09
1.285197891384432054e-03 2.329250276147888959e-09
1.300079781582635843e-03 2.262472680165260234e-09
1.315133995947690435e-03 2.206368747101416566e-09
1.330362529899403951e-03 2.182097003042264018e-09
1.345767401963456761e-03 2.211732571727696002e-09
1.361350654038956127e-03 2.277331979663296301e-09
1.377114351669082772e-03 2.334163370591546274e-09
1.393060584314885974e-03 2.343766672803891968e-09
1.409191465632227396e-03 2.292026915210952152e-09
1.425509133751954758e-03 2.231094417639857503e-09
1.442015751563302745e-03 2.194603132619186279e-09
1.458713507000582730e-03 2.217148215784459577e-09
1.475604613333191895e-03 2.278202199260386102e-09
1.492691309458979909e-03 2.338378284266926956e-09
1.509975860201007635e-03 2.340108290659847486e-09
1.527460556607757513e-03 2.285753463594943484e-09
1.545147716256795815e-03 2.221830941205411035e-09
1.563039683561977646e-03 2.203769465123093704e-09
1.581138830084189480e-03 2.246367201536568540e-09
1.599447554845698401e-03 2.312410973820852983e-09
1.617968284648140355e-03 2.343080375236330313e-09
1.636703474394191234e-03 2.306922870847386046e-09
1.655655607412955237e-03 2.239679058941534947e-09
1.674827195789139285e-03 2.209078535868727180e-09
1.694220780696013449e-03 2.244541640636613969e-09
1.713838932732251975e-03 2.311456964591352328e-09
1.733684252262658121e-03 2.338876103942351992e-09
1.753759369762839405e-03 2.299515471253841427e-09
1.774066946167876177e-03 2.235291496745797132e-09
1.794609673225024517e-03 2.215629956240906200e-09
1.815390273850506567e-03 2.268687820821330955e-09
1.836411502490422785e-03 2.329101773137316955e-09
1.857676145485863536e-03 2.325233610991302341e-09
1.879187021442221524e-03 2.266820943394876501e-09
1.900946981602806129e-03 2.221002278816731684e-09
1.922958910226767442e-03 2.248872326120154572e-09
1.945225724971402217e-03 2.316919645618345910e-09
1.967750377278885965e-03 2.330380445388933488e-09
1.990535852767486274e-03 2.279054838511494232e-09
2.013585171627295303e-03 2.226151707331819103e-09
2.036901389020564709e-03 2.249002492272821956e-09
2.060487595486651478e-03 2.314645989879318679e-09
2.084346917351677202e-03 2.327334746304061826e-09
2.108482517142910590e-03 2.275542894681044072e-09
2.132897594007962527e-03 2.227391310519496662e-09
2.157595384138824915e-03 2.265823331364056073e-09
2.182579161200830058e-03 2.322975289258359876e-09
2.207852236766562250e-03 2.309424133199129773e-09
2.233417960754816977e-03 2.244351882685443212e-09
2.259279721874612491e-03 2.238843182407566864e-09
2.285440948074375211e-03 2.299910982435381431e-09
2.311905106996301092e-03 2.323178949805512789e-09
2.338675706435990129e-03 2.267846968219612149e-09
2.365756294807400822e-03 2.232291432878224482e-09
2.393150461613189652e-03 2.281674383394671594e-09
2.420861837920496723e-03 2.323290953810345495e-09
2.448894096842230052e-03 2.279928233887076153e-09
2.477250954023952137e-03 2.234922371168979482e-09
2.505936168136361879e-03 2.276631144031157944e-09
2.534953541373521912e-03 2.320736397468425814e-09
2.564306919956823531e-03 2.277933568941155248e-09
2.594000194644804132e-03 2.237456399751914406e-09
2.624037301248860997e-03 2.282754963163421114e-09
2.654422221154941613e-03 2.318612144776879259e-09
2.685158981851263043e-03 2.264322508554771652e-09
2.716251657462167429e-03 2.240645648676210723e-09
2.747704369288123637e-03 2.299901294856176833e-09
2.779521286352018561e-03 2.304646974304591498e-09
2.811706625951745052e-03 2.243009081561164159e-09
2.844264654219206146e-03 2.262448367464256901e-09
2.877199686685782878e-03 2.316075628427651563e-09
2.910516088854357610e-03 2.271027882582028391e-09
2.944218276777944496e-03 2.239575668035406526e-09
2.978310717645054565e-03 2.298790324594752410e-09
3.012797930371789810e-03 2.294397891917057830e-09
3.047684486200846234e-03 2.239496234624167025e-09
3.082975009307410696e-03 2.276807084017561992e-09
3.118674177412095096e-03 2.304545026300085078e-09
3.154786722400964270e-03 2.246163101838781331e-09
3.191317430952740879e-03 2.265603680005935815e-09
3.228271145173277484e-03 2.305792781936384043e-09
3.265652763237360864e-03 2.249665817518646490e-09
3.303467240037981714e-03 2.259546699075953127e-09
3.341719587843073637e-03 2.303882949590048688e-09
3.380414876959908759e-03 2.250691201471693462e-09
3.419558236407145655e-03 2.262409769346245099e-09
3.459154854594680920e-03 2.300184529547434524e-09
3.499209980011365115e-03 2.243948661189505695e-09
3.539728921920689761e-03 2.269506062998865327e-09
3.580717051064509580e-03 2.291956279527399028e-09
3.622179800374952623e-03 2.238109334717183095e-09
3.664122665694521767e-03 2.283985981796309523e-09
3.706551206504587938e-03 2.275662121372984895e-09
3.749471046662278956e-03 2.241929594571546382e-09
3.792887875145917534e-03 2.293353973721377473e-09
3.836807446809092567e-03 2.251175928285912965e-09
3.881235583143459542e-03 2.262512962857325678e-09
3.926178173050358551e-03 2.285297352405358855e-09
3.971641173621410364e-03 2.242732518836521898e-09
4.017630610928087966e-03 2.289021308605719936e-09
4.064152580820497296e-03 2.251976081985755240e-09
4.111213249735355506e-03 2.260586835291195712e-09
4.158818855513353625e-03 2.279583643671009963e-09
4.206975708225972610e-03 2.239623079676972980e-09
4.255690191011878530e-03 2.288240122829799007e-09
4.304968760923003589e-03 2.238480589758970581e-09
4.354817949780402306e-03 2.276011854704289935e-09
4.405244365040072822e-03 2.253863013358837062e-09
4.456254690668728577e-03 2.258515217625456021e-09
4.507855688029784036e-03 2.267668169495252946e-09
4.560054196779547535e-03 2.244348873418827367e-09
4.612857135773812921e-03 2.277746397274009342e-09
4.666271503984951476e-03 2.242772632850573611e-09
4.720304381429616877e-03 2.279477786177844010e-09
4.774962930107178559e-03 2.234130057608486304e-09
4.830254394949069947e-03 2.279429211016855456e-09
4.886186104779055052e-03 2.237005917114834487e-09
4.942765473284694427e-03 2.269238825023220977e-09
4.999999999999999237e-03 2.228200496486403909e-09
5.057897271299490252e-03 2.273978463034596661e-09
5.116464961403772820e-03 2.228437399815879323e-09
5.175710833396719723e-03 2.276058498111250980e-09
5.235642740254497010e-03 2.229035405598007836e-09
5.296268625886442309e-03 2.269214546599788962e-09
5.357596526188034176e-03 2.232633481141788176e-09
5.419634570106018380e-03 2.258313165655112328e-09
5.482390980715924449e-03 2.242410444993599826e-09
5.545874076312003707e-03 2.250792373140385664e-09
5.610092271509814314e-03 2.257802151617242800e-09
5.675054078361577332e-03 2.234804051458827541e-09
5.740768107484413990e-03 2.261574985160119683e-09
5.807243069201712196e-03 2.229655205195983875e-09
5.874487774697644861e-03 2.259005339247679193e-09
5.942511137185094161e-03 2.236503114772707105e-09
6.011322173087065013e-03 2.239083476076892333e-09
6.080930003231838424e-03 2.256413895772189798e-09
6.151343854061904620e-03 2.225521718119624280e-09
6.222573058856926617e-03 2.250592778416639159e-09
6.294627058970836582e-03 2.232800130068969847e-09
6.367515405083306983e-03 2.227855542136034888e-09
6.441247758465666780e-03 2.251818453335725045e-09
6.515833892261499449e-03 2.237220422059980471e-09
6.591283692782035596e-03 2.228899595370252640e-09
6.667607160816618576e-03 2.254660179817293715e-09
6.744814412958264824e-03 2.222881211740969820e-09
6.822915682944625040e-03 2.224497349704645964e-09
6.901921323014425201e-03 2.250353526005333888e-09
6.981841805279687466e-03 2.235467617771874953e-09
7.062687723113769168e-03 2.215667678172764712e-09
7.144469792555517389e-03 2.238569525024916240e-09
7.227198853729638849e-03 2.245803051151520591e-09
7.310885872283590450e-03 2.221463435069450909e-09
7.395541940841034688e-03 2.225009104852427666e-09
7.481178280472170448e-03 2.243566418738292844e-09
7.567806242181043287e-03 2.234720585105810393e-09
7.655437308410150896e-03 2.219825552597559712e-09
7.744083094562405345e-03 2.217321761497047120e-09
7.833755350540741805e-03 2.232652509185308525e-09
7.924465962305568892e-03 2.240191505276760032e-09
8.016226953450207235e-03 2.226267604870818364e-09
8.109050486794647586e-03 2.212807879726984488e-09
8.202948865997691796e-03 2.211825437569951971e-09
8.297934537187804521e-03 2.225289456509653450e-09
8.394020090612802285e-03 2.233182008390683304e-09
8.491218262308719913e-03 2.232360089857938472e-09
8.589541935787937607e-03 2.219981663470938329e-09
8.689004143746880890e-03 2.208629618094290863e-09
8.789618069793463453e-03 2.207850214962796939e-09
8.891397050194612892e-03 2.207372917828546025e-09
8.994354575643934840e-03 2.215665328551983261e-09
9.098504293049919714e-03 2.220495275398533631e-09
9.203860007344778771e-03 2.224726769606058452e-09
9.310435683314336255e-03 2.224495412243255449e-09
9.418245447448998428e-03 2.224160660147738535e-09
9.527303589816240106e-03 2.222990256162921634e-09
9.637624565954681574e-03 2.220823679182231507e-09
9.749222998790225969e-03 2.219548257767503588e-09
9.862113680574265823e-03 2.217399114404208793e-09
9.976311574844402841e-03 2.215533665941215514e-09
1.009183181840780756e-02 2.214637821708965406e-09
1.020868972334764563e-02 2.214208859350968280e-09
1.032690077905264354e-02 2.215734608710693246e-09
1.044648065427019115e-02 2.216531452509321089e-09
1.056744519918323584e-02 2.215581555113482060e-09
1.068981044751115932e-02 2.214947866950692878e-09
1.081359261863509835e-02 2.208354314384994544e-09
1.093880811974775637e-02 2.203095115628303052e-09
1.106547354802819329e-02 2.196009473857942320e-09
1.119360569284169951e-02 2.192484008454329209e-09
1.132322153796529694e-02 2.193473168025186248e-09
1.145433826383886189e-02 2.196232913826930333e-09
1.158697324984239718e-02 2.204591687723675898e-09
1.172114407659961138e-02 2.205028849695152749e-09
1.185686852830827517e-02 2.196764213049367527e-09
1.199416459509744862e-02 2.188620382699154728e-09
1.213305047541208236e-02 2.190812050683845555e-09
1.227354457842515234e-02 2.196466372580316432e-09
1.241566552647785024e-02 2.200010952088578550e-09
1.255943215754789545e-02 2.186722029211113526e-09
1.270486352774653077e-02 2.184858387105817361e-09
1.285197891384432141e-02 2.197052624308675931e-09
1.300079781582635929e-02 2.190631161316657823e-09
1.315133995947690565e-02 2.180493877004912696e-09
1.330362529899405295e-02 2.192280031322252895e-09
1.345767401963458149e-02 2.189889841803818580e-09
1.361350654038956040e-02 2.177673818132553788e-09
1.377114351669082859e-02 2.190307151341204272e-09
1.393060584314884456e-02 2.180834144929990704e-09
1.409191465632227309e-02 2.180706449813895235e-09
1.425509133751954628e-02 2.185611816460283336e-09
1.442015751563302701e-02 2.174450800674390344e-09
1.458713507000582686e-02 2.187087257921798396e-09
1.475604613333193239e-02 2.171721214600164216e-09
1.492691309458979952e-02 2.185460283803603544e-09
1.509975860201007852e-02 2.170071115463001772e-09
1.527460556607755995e-02 2.182815878229771415e-09
1.545147716256795901e-02 2.169773740395761832e-09
1.563039683561977602e-02 2.179806355914502905e-09
1.581138830084189567e-02 2.172037090892421527e-09
1.599447554845698227e-02 2.170243495828021960e-09
1.617968284648142047e-02 2.177239628292323289e-09
1.636703474394191060e-02 2.165020113079158643e-09
1.655655607412955324e-02 2.171251383936001084e-09
1.674827195789137593e-02 2.173302025607803790e-09
1.694220780696013146e-02 2.162117020539195962e-09
1.713838932732252018e-02 2.166051129645671239e-09
1.733684252262658251e-02 2.172444980730291140e-09
1.753759369762839665e-02 2.165894996151824884e-09
1.774066946167878259e-02 2.158883206545656460e-09
1.794609673225026208e-02 2.160312469218047555e-09
1.815390273850506567e-02 2.166329484846603476e-09
1.836411502490422828e-02 2.166963552690414895e-09
1.857676145485861671e-02 2.162391127564170524e-09
1.879187021442221134e-02 2.157470374578486246e-09
1.900946981602805869e-02 2.153322231873702611e-09
1.922958910226767182e-02 2.152178504935554943e-09
1.945225724971402087e-02 2.150917518868851572e-09
1.967750377278887700e-02 2.151421814949273067e-09
1.990535852767486361e-02 2.151027570233776850e-09
2.013585171627295042e-02 2.150198178540088296e-09
2.036901389020562628e-02 2.147522881601891972e-09
2.060487595486651738e-02 2.146049767231659400e-09
2.084346917351677028e-02 2.146289804967428418e-09
2.108482517142910850e-02 2.147682596337873084e-09
2.132897594007962527e-02 2.150601587503031500e-09
2.157595384138826650e-02 2.152290587819454878e-09
2.182579161200829884e-02 2.150446204187695097e-09
2.207852236766562337e-02 2.143852486154105966e-09
2.233417960754814982e-02 2.140938739200221424e-09
2.259279721874613012e-02 2.146205536485506198e-09
2.285440948074375644e-02 2.146936018672656446e-09
2.311905106996301265e-02 2.138425631086383241e-09
2.338675706435990390e-02 2.140822999346802127e-09
2.365756294807403598e-02 2.143208765816551202e-09
2.393150461613192254e-02 2.135721673135292804e-09
2.420861837920496376e-02 2.141157931568376792e-09
2.448894096842230139e-02 2.134757450067871195e-09
2.477250954023949708e-02 2.137811173284307515e-09
2.505936168136362052e-02 2.133075666153759649e-09
2.534953541373521912e-02 2.136624613066356537e-09
2.564306919956823791e-02 2.129472220405797907e-09
2.594000194644804219e-02 2.136235642566364736e-09
2.624037301248863946e-02 2.128217998472638815e-09
2.654422221154941960e-02 2.131394930318734464e-09
2.685158981851263130e-02 2.131843732901633600e-09
2.716251657462164654e-02 2.126788967472992197e-09
2.747704369288123810e-02 2.124550598471292736e-09
2.779521286352018214e-02 2.128104899666757917e-09
2.811706625951744878e-02 2.129384819666996016e-09
2.844264654219206059e-02 2.125644715612412810e-09
2.877199686685785740e-02 2.121898926143672273e-09
2.910516088854357350e-02 2.119586928384615413e-09
2.944218276777944496e-02 2.118007861067815093e-09
2.978310717645051356e-02 2.117661727354119252e-09
3.012797930371790070e-02 2.116198503286360170e-09
3.047684486200846407e-02 2.115171348854959379e-09
3.082975009307410696e-02 2.115078983354355632e-09
3.118674177412095530e-02 2.116284615599465275e-09
3.154786722400967913e-02 2.117051488815423249e-09
3.191317430952744089e-02 2.117805752772510104e-09
3.228271145173277484e-02 2.112465779336347685e-09
3.265652763237360950e-02 2.109965520044744891e-09
3.303467240037977898e-02 2.113486238227477792e-09
3.341719587843073463e-02 2.111984663100868565e-09
3.380414876959908499e-02 2.106341901728147155e-09
3.419558236407146262e-02 2.110446553161748609e-09
3.459154854594680834e-02 2.105294001279922110e-09
3.499209980011368931e-02 2.108391317721371028e-09
3.539728921920690108e-02 2.103160875470563895e-09
3.580717051064509493e-02 2.107790620004746454e-09
3.622179800374948633e-02 2.101122029631548138e-09
3.664122665694521247e-02 2.102268272733438979e-09
3.706551206504588025e-02 2.103973145776700648e-09
3.749471046662278262e-02 2.099759520168795021e-09
3.792887875145917187e-02 2.096933116841928189e-09
3.836807446809096384e-02 2.097235224681920326e-09
3.881235583143458762e-02 2.098278774308056737e-09
3.926178173050358378e-02 2.098596928593570803e-09
3.971641173621406201e-02 2.097537785119839584e-09
4.017630610928087792e-02 2.096869659288747668e-09
4.064152580820496602e-02 2.095253847207048406e-09
4.111213249735355679e-02 2.093137415039151528e-09
4.158818855513353452e-02 2.090001106846633858e-09
4.206975708225977467e-02 2.088558147437676016e-09
4.255690191011882867e-02 2.090289464588028715e-09
4.304968760923003068e-02 2.090126210910174508e-09
4.354817949780401959e-02 2.084936826270370191e-09
4.405244365040068139e-02 2.087606926619119446e-09
4.456254690668728924e-02 2.084230443000333226e-09
4.507855688029784730e-02 2.085407807406534942e-09
4.560054196779547708e-02 2.082439099288917309e-09
4.612857135773813788e-02 2.083750140447486274e-09
4.666271503984956853e-02 2.079833258859714452e-09
4.720304381429617224e-02 2.079342574600842311e-09
4.774962930107178732e-02 2.080855881589239403e-09
4.830254394949064223e-02 2.079783049161456168e-09
4.886186104779054878e-02 2.077840433067014470e-09
4.942765473284694427e-02 2.075838394790859091e-09
4.999999999999998890e-02 2.074647394202979368e-09
5.057897271299490599e-02 2.074223959053084745e-09
5.116464961403772299e-02 2.074268838387063066e-09
5.175710833396719723e-02 2.073657504150326696e-09
5.235642740254497357e-02 2.071662900864488064e-09
5.296268625886442483e-02 2.068700575276790637e-09
5.357596526188034003e-02 2.071061520588589288e-09
5.419634570106018207e-02 2.067535921492717415e-09
5.482390980715924622e-02 2.068004817101900614e-09
5.545874076312003881e-02 2.065456419543313787e-09
5.610092271509820039e-02 2.067306681267952141e-09
5.675054078361576465e-02 2.062927990187377057e-09
5.740768107484413296e-02 2.063380941260789943e-09
5.807243069201711849e-02 2.063598128461188391e-09
5.874487774697650933e-02 2.062667316315718036e-09
5.942511137185093467e-02 2.060703210333515663e-09
6.011322173087065013e-02 2.059456408944326225e-09
6.080930003231838771e-02 2.059409133125622792e-09
6.151343854061905314e-02 2.058323683238047142e-09
6.222573058856927658e-02 2.055556092894440246e-09
6.294627058970836408e-02 2.053956425035908640e-09
6.367515405083307156e-02 2.055568926007357750e-09
6.441247758465666606e-02 2.052482174274445350e-09
6.515833892261499449e-02 2.052606110094545347e-09
6.591283692782035075e-02 2.049579066499557414e-09
6.667607160816618750e-02 2.050490802272050350e-09
6.744814412958265171e-02 2.049070248238017939e-09
6.822915682944626081e-02 2.046747635933650028e-09
6.901921323014426068e-02 2.045207431795760451e-09
6.981841805279687119e-02 2.044460372950416744e-09
7.062687723113769689e-02 2.042738905093051927e-09
7.144469792555516174e-02 2.042880797350824767e-09
7.227198853729638328e-02 2.043471981493338842e-09
7.310885872283590103e-02 2.042910072762467296e-09
7.395541940841034168e-02 2.038128832195352474e-09
7.481178280472169928e-02 2.041293014624220098e-09
7.567806242181042420e-02 2.037658220236393851e-09
7.655437308410149855e-02 2.038437496622448134e-09
7.744083094562403957e-02 2.038924174393646743e-09
7.833755350540749784e-02 2.035696904580128164e-09
7.924465962305569933e-02 2.033781639782531991e-09
8.016226953450207582e-02 2.032665246011306040e-09
8.109050486794647239e-02 2.032081624708932077e-09
8.202948865997691796e-02 2.032348378010873133e-09
8.297934537187805215e-02 2.030792531617053802e-09
8.394020090612801244e-02 2.028112782916377365e-09
8.491218262308719567e-02 2.029402226079095912e-09
8.589541935787936566e-02 2.026603847316090492e-09
8.689004143746879849e-02 2.026970765073445446e-09
8.789618069793463107e-02 2.026997895039763359e-09
8.891397050194613239e-02 2.025831713403912524e-09
8.994354575643936922e-02 2.024673859220022066e-09
9.098504293049920755e-02 2.023169655039971402e-09
9.203860007344781546e-02 2.022141072113995939e-09
9.310435683314335908e-02 2.019566572577169405e-09
9.418245447449000163e-02 2.019782704491148454e-09
9.527303589816239759e-02 2.018232879943263657e-09
9.637624565954681921e-02 2.017706718706885013e-09
9.749222998790225969e-02 2.015707785240470315e-09
9.862113680574265129e-02 2.014984100112377106e-09
9.976311574844401453e-02 2.013607903438076738e-09
1.009183181840780652e-01 2.012196477357430266e-09
1.020868972334764563e-01 2.012213920248178701e-09
1.032690077905264459e-01 2.012544380716774987e-09
1.044648065427020295e-01 2.009686511742130753e-09
1.056744519918323688e-01 2.010215982397959365e-09
1.068981044751115966e-01 2.007586212090050451e-09
1.081359261863509835e-01 2.005641315126283058e-09
1.093880811974775741e-01 2.004847869305134353e-09
1.106547354802819155e-01 2.004951736885715540e-09
1.119360569284169882e-01 2.003200435051632039e-09
1.132322153796529590e-01 2.002533517019398671e-09
1.145433826383886050e-01 2.001535216372409250e-09
1.158697324984239718e-01 2.000591884742111179e-09
1.172114407659961138e-01 1.999507270503240858e-09
1.185686852830827448e-01 1.999911027008051961e-09
1.199416459509744792e-01 1.997421265718578896e-09
1.213305047541208270e-01 1.996440125063483861e-09
1.227354457842515373e-01 1.995339586434376233e-09
1.241566552647785093e-01 1.996006062133917368e-09
1.255943215754789510e-01 1.993201545124662177e-09
1.270486352774652938e-01 1.993398097903588882e-09
1.285197891384432245e-01 1.991786240408027109e-09
1.300079781582635929e-01 1.991485605777301085e-09
1.315133995947690426e-01 1.989974593793624287e-09
1.330362529899405399e-01 1.988260520009713745e-09
1.345767401963458010e-01 1.988534384942878164e-09
1.361350654038956109e-01 1.985797969558497892e-09
1.377114351669082859e-01 1.986112347166876008e-09
1.393060584314886052e-01 1.985143347550481079e-09
1.409191465632227414e-01 1.984308950378550752e-09
1.425509133751954594e-01 1.981885492625366665e-09
1.442015751563302528e-01 1.981598228211531742e-09
1.458713507000582721e-01 1.980725653323517302e-09
1.475604613333193205e-01 1.980139165708712686e-09
1.492691309458979987e-01 1.979589272328531251e-09
1.509975860201007714e-01 1.977476751667307716e-09
1.527460556607755926e-01 1.976512762661481458e-09
1.545147716256795867e-01 1.975088935898725079e-09
1.563039683561977533e-01 1.975650072341058857e-09
1.581138830084189428e-01 1.973813946690723596e-09
1.599447554845698227e-01 1.972447487244710942e-09
1.617968284648141908e-01 1.971826440876409921e-09
1.636703474394191060e-01 1.969451113969247510e-09
1.655655607412955255e-01 1.969839934369552833e-09
1.674827195789137801e-01 1.967962676042575053e-09
1.694220780696013284e-01 1.966962024183934030e-09
1.713838932732252018e-01 1.966189862026540396e-09
1.733684252262658043e-01 1.966199594029251489e-09
1.753759369762839249e-01 1.963219280883895700e-09
1.774066946167878189e-01 1.963494577906124981e-09
1.794609673225026625e-01 1.962625532003219289e-09
1.815390273850506775e-01 1.960633916964102984e-09
1.836411502490422898e-01 1.959278965823834379e-09
1.857676145485863684e-01 1.960019559622732564e-09
1.879187021442221273e-01 1.959628860771678937e-09
1.900946981602806007e-01 1.955002798690637646e-09
1.922958910226767459e-01 1.956541737784119876e-09
1.945225724971401948e-01 1.955271794126243995e-09
1.967750377278887908e-01 1.954627125924303419e-09
1.990535852767486291e-01 1.954248291479575874e-09
2.013585171627295112e-01 1.952644816402138176e-09
2.036901389020562836e-01 1.951276033894440980e-09
2.060487595486651669e-01 1.949462427719082007e-09
2.084346917351677098e-01 1.948796372849280171e-09
2.108482517142910850e-01 1.948197005644741121e-09
2.132897594007962250e-01 1.945719652975826580e-09
2.157595384138826788e-01 1.944839309314764929e-09
2.182579161200829954e-01 1.944638102378742966e-09
2.207852236766562337e-01 1.943805511254644172e-09
2.233417960754814635e-01 1.941715348147646434e-09
2.259279721874612734e-01 1.941729824418391961e-09
2.285440948074375644e-01 1.945936847675007296e-09
2.311905106996301196e-01 1.940551280356254074e-09
2.338675706435990320e-01 1.938827311926588251e-09
2.365756294807403459e-01 1.938586086969216209e-09
2.393150461613192115e-01 1.936297988681374804e-09
2.420861837920496862e-01 1.935962986659939279e-09
2.448894096842230417e-01 1.934818017442192124e-09
2.477250954023952345e-01 1.933559621501800637e-09
2.505936168136362330e-01 1.933149008305331115e-09
2.534953541373521912e-01 1.932353315536854521e-09
2.564306919956823583e-01 1.931041761735487341e-09
2.594000194644804358e-01 1.930453161618604794e-09
2.624037301248863807e-01 1.930328374962292756e-09
2.654422221154941752e-01 1.927954432677664946e-09
2.685158981851262783e-01 1.927057888402067456e-09
2.716251657462164792e-01 1.925476162284469892e-09
2.747704369288123671e-01 1.924974340561183854e-09
2.779521286352018006e-01 1.923692757808599510e-09
2.811706625951744809e-01 1.922636666356300156e-09
2.844264654219206268e-01 1.921506633794684853e-09
2.877199686685785740e-01 1.920501856467160562e-09
2.910516088854357419e-01 1.920288312946990488e-09
2.944218276777944010e-01 1.918558726317620183e-09
2.978310717645051287e-01 1.918980509195803761e-09
3.012797930371790001e-01 1.917378260224227110e-09
3.047684486200846199e-01 1.914955632156847748e-09
3.082975009307410419e-01 1.915654226474739989e-09
3.118674177412095183e-01 1.913734602671551827e-09
3.154786722400967358e-01 1.912263830921742321e-09
3.191317430952744227e-01 1.912378279190320210e-09
3.228271145173277623e-01 1.912030571106455315e-09
3.265652763237361089e-01 1.908784436372013986e-09
3.303467240037981645e-01 1.907756552973638794e-09
3.341719587843073880e-01 1.907637178761338900e-09
3.380414876959909054e-01 1.907190514125111980e-09
3.419558236407145846e-01 1.903746296140066544e-09
3.459154854594680417e-01 1.904228068443114601e-09
3.499209980011368515e-01 1.904214393846934027e-09
3.539728921920690108e-01 1.902645780854279525e-09
3.580717051064509771e-01 1.900823021123437281e-09
3.622179800374948910e-01 1.900460760457441575e-09
3.664122665694521941e-01 1.899373064266218969e-09
3.706551206504588025e-01 1.898417355575934066e-09
3.749471046662278817e-01 1.897720820812659323e-09
3.792887875145917742e-01 1.897060238354051508e-09
3.836807446809096245e-01 1.895604574979160590e-09
3.881235583143459178e-01 1.894566122815609158e-09
3.926178173050358100e-01 1.893051129066806742e-09
3.971641173621405785e-01 1.892726526257796846e-09
4.017630610928087931e-01 1.890979350293088101e-09
4.064152580820497018e-01 1.891298074820037428e-09
4.111213249735355402e-01 1.889265228926089692e-09
4.158818855513353729e-01 1.888119401157780824e-09
4.206975708225977328e-01 1.886006468983275475e-09
4.255690191011883283e-01 1.885998081451786791e-09
4.304968760923003068e-01 1.885084013815333502e-09
4.354817949780401820e-01 1.884132936224241504e-09
4.405244365040072441e-01 1.882645672690939148e-09
4.456254690668728924e-01 1.882676634243330288e-09
4.507855688029784313e-01 1.880847732204309560e-09
4.560054196779547708e-01 1.879950803021654126e-09
4.612857135773818507e-01 1.878660428220830720e-09
4.666271503984956714e-01 1.878398773959578501e-09
4.720304381429616947e-01 1.877335806633131096e-09
4.774962930107178871e-01 1.877438590592461297e-09
4.830254394949065055e-01 1.876162860049371706e-09
4.886186104779055572e-01 1.874232226912768246e-09
4.942765473284694844e-01 1.873738836646815337e-09
5.000000000000000000e-01 1.871833803738454058e-09
5.235642740254496941e-01 1.867757723662335490e-09
5.482390980715925455e-01 1.861976539717193058e-09
5.740768107484413019e-01 1.860188443986827791e-09
6.011322173087064735e-01 1.857115555210210833e-09
6.294627058970835298e-01 1.845348469380375185e-09
6.591283692782035075e-01 1.848761263056546268e-09
6.901921323014423848e-01 1.844443455917341311e-09
7.227198853729638328e-01 1.839976492811707636e-09
7.567806242181041032e-01 1.836520683551610505e-09
7.924465962305566880e-01 1.832348675975867545e-09
8.297934537187803272e-01 1.827467482750368341e-09
8.689004143746876796e-01 1.824891244432061468e-09
9.098504293049917147e-01 1.819592428794069504e-09
9.527303589816236151e-01 1.816933349743922753e-09
9.976311574844398677e-01 1.813517172336032462e-09
1.044648065427019601e+00 1.808162623460079108e-09
1.093880811974776268e+00 1.803908275063842313e-09
1.145433826383886355e+00 1.800766336815940294e-09
1.199416459509745181e+00 1.796914574271536530e-09
1.255943215754790065e+00 1.793827113870153038e-09
1.315133995947690870e+00 1.788974728760692420e-09
1.377114351669083137e+00 1.770839303842417771e-09
1.442015751563303194e+00 1.769180296106066475e-09
1.509975860201008047e+00 1.776674948190744194e-09
1.581138830084189539e+00 1.790995875293893804e-09
1.655655607412955588e+00 1.770593907650506824e-09
1.733684252262658321e+00 1.763588634274416736e-09
1.815390273850506775e+00 1.761603451810679191e-09
1.900946981602805730e+00 1.757724793035024766e-09
1.990535852767486125e+00 1.752666311123280470e-09
2.084346917351676876e+00 1.749746663992140201e-09
2.182579161200830065e+00 1.745780873407901087e-09
2.285440948074374923e+00 1.741811069831907403e-09
2.393150461613192004e+00 1.747629703242269862e-09
2.505936168136361886e+00 1.734361514531706402e-09
2.624037301248862697e+00 1.730343584361236023e-09
2.747704369288122450e+00 1.725990572022131111e-09
2.877199686685784741e+00 1.724438300467543750e-09
3.012797930371788890e+00 1.720216398766472879e-09
3.154786722400966248e+00 1.695363023878672885e-09
3.303467240037980091e+00 1.710904375975271073e-09
3.459154854594682416e+00 1.707089659971724362e-09
3.622179800374950354e+00 1.701570051401133698e-09
3.792887875145919185e+00 1.698930882764775755e-09
3.971641173621408338e+00 1.726303225046895680e-09
4.158818855513356283e+00 1.666104184590977174e-09
4.354817949780404263e+00 1.687912680860853648e-09
4.560054196779547375e+00 1.685858328644614742e-09
4.774962930107178316e+00 1.680456987020178249e-09
5.000000000000000000e+00 1.677158076122335647e-09
6.294627058970836408e+00 1.658746316215848700e-09
7.924465962305568212e+00 1.627207949721166283e-09
9.976311574844396901e+00 1.620211638697104506e-09
1.255943215754790110e+01 1.601742314231803948e-09
1.581138830084189451e+01 1.581614564991431079e-09
1.990535852767486347e+01 1.564142905134618427e-09
2.505936168136361886e+01 1.546593828152749595e-09
3.154786722400966426e+01 1.527940258096007577e-09
3.971641173621406296e+01 1.509728754299345816e-09
4.999999999999999289e+01 1.490682400226936386e-09
