3.539728921920685885e-05 5.856226153994628435e-10
3.622179800374952406e-05 6.265098310360799148e-10
3.706551206504588155e-05 6.691711984139728333e-10
3.792887875145917236e-05 7.134757191605422297e-10
3.881235583143463039e-05 7.592937690166802719e-10
3.971641173621410364e-05 8.064349934374150797e-10
4.064152580820497269e-05 8.546737635871354238e-10
4.158818855513353842e-05 9.037419123569698359e-10
4.255690191011879072e-05 9.533378550112508938e-10
4.354817949780396695e-05 1.003077400243552591e-09
4.456254690668728712e-05 1.052580772897174263e-09
4.560054196779547508e-05 1.101419162479245883e-09
4.666271503984951611e-05 1.149058339655119874e-09
4.774962930107184414e-05 1.195016767560424094e-09
4.886186104779056163e-05 1.238661680653818010e-09
4.999999999999999562e-05 1.279479994520573654e-09
5.057897271299490442e-05 1.298631777527716134e-09
5.116464961403767209e-05 1.316869073688133877e-09
5.175710833396714899e-05 1.334086538915534768e-09
5.235642740254491996e-05 1.350228458431632435e-09
5.296268625886447866e-05 1.365220020929867489e-09
5.357596526188034176e-05 1.378995310694318954e-09
5.419634570106018624e-05 1.391494569589403890e-09
5.482390980715925072e-05 1.402653672595739417e-09
5.545874076312003680e-05 1.412430015864449045e-09
5.610092271509815046e-05 1.420745996757379255e-09
5.675054078361570665e-05 1.427558377041234714e-09
5.740768107484407919e-05 1.432869046519610216e-09
5.807243069201718864e-05 1.436649697499510871e-09
5.874487774697650716e-05 1.438829557475254713e-09
5.942511137185093131e-05 1.439443132310368214e-09
6.011322173087064877e-05 1.438485774809894829e-09
6.080930003231839372e-05 1.435960819977752569e-09
6.151343854061905325e-05 1.431898756018286759e-09
6.222573058856921034e-05 1.426339065733985203e-09
6.294627058970830402e-05 1.419353898212288231e-09
6.367515405083314138e-05 1.410995373600865313e-09
6.441247758465673719e-05 1.401334191116880367e-09
6.515833892261499124e-05 1.390488699532254822e-09
6.591283692782035650e-05 1.378551911334507222e-09
6.667607160816619769e-05 1.365661359103285010e-09
6.744814412958265366e-05 1.351966711964847254e-09
6.822915682944618535e-05 1.337623055875609184e-09
6.901921323014417829e-05 1.322821318918387394e-09
6.981841805279680852e-05 1.307707135460988564e-09
7.062687723113775782e-05 1.292504887927944723e-09
7.144469792555517389e-05 1.277425864209180270e-09
7.227198853729638578e-05 1.262689696017666965e-09
7.310885872283590017e-05 1.248534666563127781e-09
7.395541940841035122e-05 1.235147510552005222e-09
7.481178280472162371e-05 1.222806152863934874e-09
7.567806242181034505e-05 1.211761124208366965e-09
7.655437308410142656e-05 1.202200950078242950e-09
7.744083094562412067e-05 1.194373900845767241e-09
7.833755350540750207e-05 1.188472533615439813e-09
7.924465962305569597e-05 1.184736728151319674e-09
8.016226953450208102e-05 1.183340908781600481e-09
8.109050486794647857e-05 1.184418459720362387e-09
8.202948865997692718e-05 1.188142645975391825e-09
8.297934537187796715e-05 1.194604865179535675e-09
8.394020090612794207e-05 1.203852264100626985e-09
8.491218262308729617e-05 1.215950600844642301e-09
8.589541935787945305e-05 1.230892383101121757e-09
8.689004143746878884e-05 1.248615773600226225e-09
8.789618069793464267e-05 1.269007418227997179e-09
8.891397050194614843e-05 1.291955027006618177e-09
8.994354575643935166e-05 1.317268887478644056e-09
9.098504293049911853e-05 1.344660791517311036e-09
9.203860007344770748e-05 1.373914305084363646e-09
9.310435683314326931e-05 1.404609057286669046e-09
9.418245447449010571e-05 1.436413148014375870e-09
9.527303589816240703e-05 1.468889869403198826e-09
9.637624565954682279e-05 1.501610129397079123e-09
9.749222998790226565e-05 1.534078621643065862e-09
9.862113680574266798e-05 1.565778926927501447e-09
9.976311574844392432e-05 1.596288576326110353e-09
1.009183181840780556e-04 1.625013587385052358e-09
1.020868972334764650e-04 1.651502662855866288e-09
1.032690077905264468e-04 1.675291330391912841e-09
1.044648065427019099e-04 1.695968369087745789e-09
1.056744519918323812e-04 1.713164081541498928e-09
1.068981044751116051e-04 1.726573645463693017e-09
1.081359261863509960e-04 1.735949799207605771e-09
1.093880811974775783e-04 1.741188455608613548e-09
1.106547354802819166e-04 1.742210639472337849e-09
1.119360569284169707e-04 1.739125503482014703e-09
1.132322153796529580e-04 1.732077883539610216e-09
1.145433826383886162e-04 1.721408769584632346e-09
1.158697324984239751e-04 1.707477439124744014e-09
1.172114407659961160e-04 1.690816940435064510e-09
1.185686852830827420e-04 1.672090765031675391e-09
1.199416459509744813e-04 1.651965764228172544e-09
1.213305047541206945e-04 1.631277777134486724e-09
1.227354457842515364e-04 1.610800758837373180e-09
1.241566552647784948e-04 1.591487015423776717e-09
1.255943215754789502e-04 1.574129919317033444e-09
1.270486352774653110e-04 1.559623272159466374e-09
1.285197891384432108e-04 1.548727819956863456e-09
1.300079781582635788e-04 1.542119610324551309e-09
1.315133995947690435e-04 1.540367581953170606e-09
1.330362529899404168e-04 1.543873272673242654e-09
1.345767401963458062e-04 1.552828746591564978e-09
1.361350654038956073e-04 1.567277566205873202e-09
1.377114351669082826e-04 1.586982242535264411e-09
1.393060584314884456e-04 1.611526254362287467e-09
1.409191465632227234e-04 1.640249553349754805e-09
1.425509133751954596e-04 1.672291237102029969e-09
1.442015751563302745e-04 1.706588617081652259e-09
1.458713507000582675e-04 1.741901612189136478e-09
1.475604613333193413e-04 1.776980818467686723e-09
1.492691309458980017e-04 1.810449556766958985e-09
1.509975860201007907e-04 1.840971252325028810e-09
1.527460556607755941e-04 1.867302731291236707e-09
1.545147716256795760e-04 1.888343414481878599e-09
1.563039683561977700e-04 1.903221372975048205e-09
1.581138830084189426e-04 1.911368296477045695e-09
1.599447554845698401e-04 1.912516014726620592e-09
1.617968284648140247e-04 1.906819736056825385e-09
1.636703474394191234e-04 1.894796415223670017e-09
1.655655607412954966e-04 1.877331260990276225e-09
1.674827195789138092e-04 1.855715480155803609e-09
1.694220780696013395e-04 1.831532681909935558e-09
1.713838932732252138e-04 1.806559314892499570e-09
1.733684252262658446e-04 1.782751032770460008e-09
1.753759369762839622e-04 1.762007349491578173e-09
1.774066946167876340e-04 1.746156181993658138e-09
1.794609673225026631e-04 1.736695538472142603e-09
1.815390273850506729e-04 1.734814628319907333e-09
1.836411502490422514e-04 1.741146023985714136e-09
1.857676145485863753e-04 1.755763959072989032e-09
1.879187021442221307e-04 1.778179098397935075e-09
1.900946981602805912e-04 1.807189109826680854e-09
1.922958910226767442e-04 1.841021360500245723e-09
1.945225724971402217e-04 1.877459813967092487e-09
1.967750377278886019e-04 1.914068823275607830e-09
1.990535852767486491e-04 1.948162379459400945e-09
2.013585171627295032e-04 1.977151243424005045e-09
2.036901389020562758e-04 1.998933475864459279e-09
2.060487595486651640e-04 2.011823595695348884e-09
2.084346917351676985e-04 2.014964470636709969e-09
2.108482517142910915e-04 2.008336361411503512e-09
2.132897594007962582e-04 1.992886773709803734e-09
2.157595384138825078e-04 1.970480099163416447e-09
2.182579161200830275e-04 1.943738126789883159e-09
2.207852236766562250e-04 1.915839003072762114e-09
2.233417960754814429e-04 1.890237742848126098e-09
2.259279721874613196e-04 1.870244178213238958e-09
2.285440948074375482e-04 1.858650928440014700e-09
2.311905106996301417e-04 1.857477226668579038e-09
2.338675706435990400e-04 1.867546625410544614e-09
2.365756294807401473e-04 1.888361354187139765e-09
2.393150461613192145e-04 1.918137459128667808e-09
2.420861837920496669e-04 1.953829208888715996e-09
2.448894096842230486e-04 1.991581397307352048e-09
2.477250954023952571e-04 2.027052757988507925e-09
2.505936168136362096e-04 2.056030726131613483e-09
2.534953541373522129e-04 2.075066919217542439e-09
2.564306919956823639e-04 2.081910049138974378e-09
2.594000194644804458e-04 2.075987222437858850e-09
2.624037301248860888e-04 2.058585403921417822e-09
2.654422221154941939e-04 2.032721961908080299e-09
2.685158981851263043e-04 2.002865497424338186e-09
2.716251657462165044e-04 1.974252201430204957e-09
2.747704369288123854e-04 1.952128027229576988e-09
2.779521286352018127e-04 1.940877277079819486e-09
2.811706625951744943e-04 1.943189582806378123e-09
2.844264654219206255e-04 1.959558153325309110e-09
2.877199686685782661e-04 1.987967183431725409e-09
2.910516088854357393e-04 2.024217558151964519e-09
2.944218276777944713e-04 2.062406190820569269e-09
2.978310717645051204e-04 2.096093717960537782e-09
3.012797930371790027e-04 2.119363153086560123e-09
3.047684486200846234e-04 2.128245107663407812e-09
3.082975009307410805e-04 2.121470274371800373e-09
3.118674177412095313e-04 2.100903983027562933e-09
3.154786722400964379e-04 2.071419540643852456e-09
3.191317430952743915e-04 2.040052811151124504e-09
3.228271145173277810e-04 2.014409902612321827e-09
3.265652763237360972e-04 2.001176870790575209e-09
3.303467240037981823e-04 2.004330417558371338e-09
3.341719587843073420e-04 2.024182578052283564e-09
3.380414876959908759e-04 2.056927690597990058e-09
3.419558236407145655e-04 2.095480456130929963e-09
3.459154854594681137e-04 2.130934571812945905e-09
3.499209980011365223e-04 2.154914812590028311e-09
3.539728921920689544e-04 2.161750978427724588e-09
3.580717051064508821e-04 2.150176158783845117e-09
3.622179800374948611e-04 2.123641883946487408e-09
3.664122665694521551e-04 2.090584208577447839e-09
3.706551206504588155e-04 2.060999486976610420e-09
3.749471046662278739e-04 2.043243617012832085e-09
3.792887875145918184e-04 2.048224897602253312e-09
3.836807446809092350e-04 2.073178458295644222e-09
3.881235583143459109e-04 2.108253268355622351e-09
3.926178173050358768e-04 2.143300553585371353e-09
3.971641173621406028e-04 2.175921727138619433e-09
4.017630610928087857e-04 2.186780811452802808e-09
4.064152580820496862e-04 2.174235413790431241e-09
4.111213249735355723e-04 2.149745813958264469e-09
4.158818855513353842e-04 2.114923316676046959e-09
4.206975708225972935e-04 2.088983900716685785e-09
4.255690191011883409e-04 2.078904608635613957e-09
4.304968760923003155e-04 2.094313335570947818e-09
4.354817949780402523e-04 2.127689761502328620e-09
4.405244365040072822e-04 2.166348454369210173e-09
4.456254690668729119e-04 2.196619185071573249e-09
4.507855688029784470e-04 2.204046928157056306e-09
4.560054196779548185e-04 2.190542122966848806e-09
4.612857135773813463e-04 2.159853935421941930e-09
4.666271503984952018e-04 2.126860220708404490e-09
4.720304381429617094e-04 2.108612690120921408e-09
4.774962930107178993e-04 2.114469557259747648e-09
4.830254394949064418e-04 2.142958589923221443e-09
4.886186104779055486e-04 2.182091406421264016e-09
4.942765473284694211e-04 2.213228787385424363e-09
4.999999999999999020e-04 2.220092573731645427e-09
5.057897271299491120e-04 2.201066636492570211e-09
5.116464961403767615e-04 2.166761229588410613e-09
5.175710833396719507e-04 2.137428087220601282e-09
5.235642740254497010e-04 2.130734751518713952e-09
5.296268625886442309e-04 2.152499001853135056e-09
5.357596526188034176e-04 2.190179543490417219e-09
5.419634570106019031e-04 2.223527810901163686e-09
5.482390980715924666e-04 2.232456742026326476e-09
5.545874076312003274e-04 2.212228617181541269e-09
5.610092271509814097e-04 2.176908160389569969e-09
5.675054078361570394e-04 2.151080422121958349e-09
5.740768107484413340e-04 2.153145673631919802e-09
5.807243069201712630e-04 2.183209049864332928e-09
5.874487774697650716e-04 2.221643138139907914e-09
5.942511137185093944e-04 2.242170223209445547e-09
6.011322173087065013e-04 2.230803675136315769e-09
6.080930003231838424e-04 2.197063400463204712e-09
6.151343854061905054e-04 2.167844388879092252e-09
6.222573058856920762e-04 2.167329110152142675e-09
6.294627058970836365e-04 2.197427892834596006e-09
6.367515405083307633e-04 2.235111754371367353e-09
6.441247758465673719e-04 2.250268974479594217e-09
6.515833892261499666e-04 2.231110068613490883e-09
6.591283692782035379e-04 2.195173165078935690e-09
6.667607160816619227e-04 2.176049283206805781e-09
6.744814412958264824e-04 2.191992690587678516e-09
6.822915682944618535e-04 2.230195792640554979e-09
6.901921323014425418e-04 2.255682661603436751e-09
6.981841805279686815e-04 2.245385629271792800e-09
7.062687723113776324e-04 2.210312044762793450e-09
7.144469792555517389e-04 2.187214698593718292e-09
7.227198853729639933e-04 2.201312757606570281e-09
7.310885872283591101e-04 2.239414867626594869e-09
7.395541940841035122e-04 2.262145085220135937e-09
7.481178280472163726e-04 2.245915923457631977e-09
7.567806242181036131e-04 2.209958943757532370e-09
7.655437308410150245e-04 2.196663792663827081e-09
7.744083094562405562e-04 2.222905777162776235e-09
7.833755350540748310e-04 2.259050694358166434e-09
7.924465962305569326e-04 2.262628342430309290e-09
8.016226953450208102e-04 2.230416119580000616e-09
8.109050486794647586e-04 2.204386028399822384e-09
8.202948865997692447e-04 2.219490075770213695e-09
8.297934537187797799e-04 2.257392331436483130e-09
8.394020090612802068e-04 2.268744983003443194e-09
8.491218262308720130e-04 2.239255499413094461e-09
8.589541935787945847e-04 2.211396448435849996e-09
8.689004143746881324e-04 2.226401662763531055e-09
8.789618069793465622e-04 2.263537706670647827e-09
8.891397050194613759e-04 2.269144162211110652e-09
8.994354575643935708e-04 2.236044827148522595e-09
9.098504293049911040e-04 2.216617095208855792e-09
9.203860007344780506e-04 2.242035831606582527e-09
9.310435683314337773e-04 2.274111826785592479e-09
9.418245447449009487e-04 2.261503534076026669e-09
9.527303589816239890e-04 2.226119645358615605e-09
9.637624565954683092e-04 2.230017893303248198e-09
9.749222998790225752e-04 2.267223093536021618e-09
9.862113680574266256e-04 2.273452074448782227e-09
9.976311574844392432e-04 2.239621097307636816e-09
1.009183181840779715e-03 2.228113808732598297e-09
1.020868972334764650e-03 2.262592302732538679e-09
1.032690077905264441e-03 2.278641883140750607e-09
1.044648065427020373e-03 2.246462852925571350e-09
1.056744519918323758e-03 2.230814750232979077e-09
1.068981044751116105e-03 2.264215178638511478e-09
1.081359261863509879e-03 2.279055706398068393e-09
1.093880811974775810e-03 2.246696934709217272e-09
1.106547354802818028e-03 2.236482584701008487e-09
1.119360569284169951e-03 2.271167081774586908e-09
1.132322153796529608e-03 2.276729681811144290e-09
1.145433826383887273e-03 2.241751232697748173e-09
1.158697324984239805e-03 2.246986919440624325e-09
1.172114407659961268e-03 2.280886129849098988e-09
1.185686852830827474e-03 2.265726776769010937e-09
1.199416459509744732e-03 2.238766073221892663e-09
1.213305047541207108e-03 2.266193962407962746e-09
1.227354457842515364e-03 2.281876684660595802e-09
1.241566552647785111e-03 2.248556071178868451e-09
1.255943215754791020e-03 2.253244477277372307e-09
1.270486352774653164e-03 2.284188500953426247e-09
1.285197891384432054e-03 2.261424688026143819e-09
1.300079781582635843e-03 2.246499853524483415e-09
1.315133995947690652e-03 2.280865607695145482e-09
1.330362529899404168e-03 2.270215412964316361e-09
1.345767401963456761e-03 2.245338045445225726e-09
1.361350654038956127e-03 2.277533938774368004e-09
1.377114351669082555e-03 2.274162875263134445e-09
1.393060584314885974e-03 2.247148500679640519e-09
1.409191465632227396e-03 2.277033260663804572e-09
1.425509133751954758e-03 2.275071740000338709e-09
1.442015751563302528e-03 2.248836875115667248e-09
1.458713507000582730e-03 2.279714122356338053e-09
1.475604613333191895e-03 2.271576714836682778e-09
1.492691309458979909e-03 2.251690227702434812e-09
1.509975860201007852e-03 2.284131590193161460e-09
1.527460556607757730e-03 2.264119983801887271e-09
1.545147716256795815e-03 2.258765114264519701e-09
1.563039683561977646e-03 2.285349566248618173e-09
1.581138830084189480e-03 2.254476933464362302e-09
1.599447554845698401e-03 2.271539399864179850e-09
1.617968284648140355e-03 2.277927097821439653e-09
1.636703474394191234e-03 2.253448936883818046e-09
1.655655607412955454e-03 2.284549297776234234e-09
1.674827195789139285e-03 2.260589236908930558e-09
1.694220780696013232e-03 2.268613657639931139e-09
1.713838932732252192e-03 2.278730289287146396e-09
1.733684252262658121e-03 2.254989616606331321e-09
1.753759369762839405e-03 2.284983703154478126e-09
1.774066946167876394e-03 2.257987633098578420e-09
1.794609673225024734e-03 2.276041046950699024e-09
1.815390273850506784e-03 2.269881071935388841e-09
1.836411502490422568e-03 2.263938341318209489e-09
1.857676145485863753e-03 2.280480905192768410e-09
1.879187021442221307e-03 2.256542233431189800e-09
1.900946981602806129e-03 2.284076863518274914e-09
1.922958910226767442e-03 2.256365649876551559e-09
1.945225724971402217e-03 2.282720158324667308e-09
1.967750377278885965e-03 2.258723101350953019e-09
1.990535852767486274e-03 2.278921742071501916e-09
2.013585171627295303e-03 2.262001642278517089e-09
2.036901389020564709e-03 2.276204432114842481e-09
2.060487595486651911e-03 2.264413190879680922e-09
2.084346917351677202e-03 2.275167828491531270e-09
2.108482517142911024e-03 2.264346159936174122e-09
2.132897594007962527e-03 2.274863387373200434e-09
2.157595384138824915e-03 2.263349211214039380e-09
2.182579161200830058e-03 2.276236128455568924e-09
2.207852236766562250e-03 2.261135807749379753e-09
2.233417960754816977e-03 2.278284153246354888e-09
2.259279721874612925e-03 2.257323389060738712e-09
2.285440948074375644e-03 2.280100779989781192e-09
2.311905106996301525e-03 2.256972092362783432e-09
2.338675706435990129e-03 2.278541539911884282e-09
2.365756294807401256e-03 2.260766530994318960e-09
2.393150461613189652e-03 2.271031002518796473e-09
2.420861837920496723e-03 2.269915530277388501e-09
2.448894096842230486e-03 2.260399741577611945e-09
2.477250954023952571e-03 2.277912311855641356e-09
2.505936168136362312e-03 2.256745781444375954e-09
2.534953541373521912e-03 2.273783881884766901e-09
2.564306919956823531e-03 2.266359285529796401e-09
2.594000194644804566e-03 2.259296266531457544e-09
2.624037301248860997e-03 2.276607340465708682e-09
2.654422221154942047e-03 2.258248753764389105e-09
2.685158981851263043e-03 2.265103855967250284e-09
2.716251657462167863e-03 2.273351906443959482e-09
2.747704369288123637e-03 2.255486493086289357e-09
2.779521286352018127e-03 2.267880890025470405e-09
2.811706625951744618e-03 2.271097263045456442e-09
2.844264654219206146e-03 2.255112311885746218e-09
2.877199686685782878e-03 2.265471144582432680e-09
2.910516088854357610e-03 2.271333749192462248e-09
2.944218276777944496e-03 2.256346893885922020e-09
2.978310717645054131e-03 2.259677105191089087e-09
3.012797930371790677e-03 2.271852392214634088e-09
3.047684486200846234e-03 2.262486536202367076e-09
3.082975009307410696e-03 2.253735590785515231e-09
3.118674177412094663e-03 2.263548856487925943e-09
3.154786722400964704e-03 2.270114437823433099e-09
3.191317430952740879e-03 2.260005751782727481e-09
3.228271145173277918e-03 2.252437163386277140e-09
3.265652763237360864e-03 2.259710144592740490e-09
3.303467240037981714e-03 2.267906403352032354e-09
3.341719587843074071e-03 2.264082506744924055e-09
3.380414876959908759e-03 2.254385159265442994e-09
3.419558236407146522e-03 2.251859167516970417e-09
3.459154854594680920e-03 2.257941793601950608e-09
3.499209980011365115e-03 2.264581893848255961e-09
3.539728921920689761e-03 2.264561671095077612e-09
3.580717051064509146e-03 2.259145529567316444e-09
3.622179800374952623e-03 2.251993395938076294e-09
3.664122665694521767e-03 2.249070452261576840e-09
3.706551206504587938e-03 2.250759481936768493e-09
3.749471046662278522e-03 2.254217558553701981e-09
3.792887875145917100e-03 2.258265090696154113e-09
3.836807446809092567e-03 2.261093255172125345e-09
3.881235583143458675e-03 2.261422583353835380e-09
3.926178173050358551e-03 2.260410525843548258e-09
3.971641173621410364e-03 2.258337979712133678e-09
4.017630610928087966e-03 2.255769812970725428e-09
4.064152580820497296e-03 2.254346828143537374e-09
4.111213249735355506e-03 2.252549190731810361e-09
4.158818855513353625e-03 2.251435450246982513e-09
4.206975708225973477e-03 2.250725657537220939e-09
4.255690191011879397e-03 2.250581250879949652e-09
4.304968760923003589e-03 2.250810781689217134e-09
4.354817949780402306e-03 2.251666075764353692e-09
4.405244365040072822e-03 2.252863263969214236e-09
4.456254690668728577e-03 2.253661460810592065e-09
4.507855688029784903e-03 2.253969285130654256e-09
4.560054196779547535e-03 2.253432474619319598e-09
4.612857135773813788e-03 2.250691461765047607e-09
4.666271503984952343e-03 2.246637260198137678e-09
4.720304381429616877e-03 2.242210768309480820e-09
4.774962930107178559e-03 2.240089128730333509e-09
4.830254394949069947e-03 2.242004883858306354e-09
4.886186104779055052e-03 2.246798113445567275e-09
4.942765473284694427e-03 2.249540045395362723e-09
4.999999999999999237e-03 2.246591839461350450e-09
5.057897271299491120e-03 2.240002445108833965e-09
5.116464961403772820e-03 2.237981744167078731e-09
5.175710833396719723e-03 2.243121370838154515e-09
5.235642740254497010e-03 2.246676062754816427e-09
5.296268625886441442e-03 2.239582683104850326e-09
5.357596526188034176e-03 2.235457867196624805e-09
5.419634570106018380e-03 2.242875016259675135e-09
5.482390980715924449e-03 2.242505956749120778e-09
5.545874076312003707e-03 2.234423178155448780e-09
5.610092271509814314e-03 2.239398485263032386e-09
5.675054078361576465e-03 2.241084702689665162e-09
5.740768107484414857e-03 2.232360745970978354e-09
5.807243069201713064e-03 2.239126866985991472e-09
5.874487774697644861e-03 2.235965192350295531e-09
5.942511137185094161e-03 2.233520353112175304e-09
6.011322173087064145e-03 2.238524621517223928e-09
6.080930003231838424e-03 2.229958519233307015e-09
6.151343854061904620e-03 2.237983026142534424e-09
6.222573058856927485e-03 2.228453044541607018e-09
6.294627058970836582e-03 2.236663676905188382e-09
6.367515405083306983e-03 2.227539003960050290e-09
6.441247758465666780e-03 2.235045096133653323e-09
6.515833892261499449e-03 2.226873328627780497e-09
6.591283692782036463e-03 2.233305836728474716e-09
6.667607160816619444e-03 2.227633145935149953e-09
6.744814412958265691e-03 2.228454930505054492e-09
6.822915682944625040e-03 2.231307850577752941e-09
6.901921323014425201e-03 2.223697356226511553e-09
6.981841805279686598e-03 2.228475156001590164e-09
7.062687723113769168e-03 2.228857975453285742e-09
7.144469792555517389e-03 2.222527951982676597e-09
7.227198853729638849e-03 2.225358323785682875e-09
7.310885872283590450e-03 2.228093993385759120e-09
7.395541940841034688e-03 2.223759711296077798e-09
7.481178280472170448e-03 2.219943860903276595e-09
7.567806242181042420e-03 2.221470239225861533e-09
7.655437308410151763e-03 2.224752147065977606e-09
7.744083094562404478e-03 2.224675345624067301e-09
7.833755350540741805e-03 2.222190124946612723e-09
7.924465962305568892e-03 2.218559521570032406e-09
8.016226953450207235e-03 2.216299136865391813e-09
8.109050486794647586e-03 2.215289591444400599e-09
8.202948865997691796e-03 2.214444363387899807e-09
8.297934537187806256e-03 2.214499645728750798e-09
8.394020090612802285e-03 2.213591492919486227e-09
8.491218262308719913e-03 2.212892468110662238e-09
8.589541935787937607e-03 2.212414140115351216e-09
8.689004143746880890e-03 2.212034090066354032e-09
8.789618069793463453e-03 2.211711650461109470e-09
8.891397050194612892e-03 2.212777741846301194e-09
8.994354575643936575e-03 2.214372487285221564e-09
9.098504293049921449e-03 2.214915733237895361e-09
9.203860007344780506e-03 2.212750207971106014e-09
9.310435683314336255e-03 2.208755432745347356e-09
9.418245447449000163e-03 2.207899656120148557e-09
9.527303589816240106e-03 2.211124540366676831e-09
9.637624565954681574e-03 2.210170943124633901e-09
9.749222998790225969e-03 2.205184633905649250e-09
9.862113680574265823e-03 2.208080133999983277e-09
9.976311574844402841e-03 2.208293678549219387e-09
1.009183181840780756e-02 2.203499130521960627e-09
1.020868972334764736e-02 2.207369254961662339e-09
1.032690077905264354e-02 2.202390505957541338e-09
1.044648065427019289e-02 2.205820232392412847e-09
1.056744519918323931e-02 2.201316596371855300e-09
1.068981044751116279e-02 2.204272006390240406e-09
1.081359261863509835e-02 2.199414558331421198e-09
1.093880811974775810e-02 2.203168884640908332e-09
1.106547354802819155e-02 2.199557242872341572e-09
1.119360569284169951e-02 2.198325566899880208e-09
1.132322153796529694e-02 2.201331159472661694e-09
1.145433826383886015e-02 2.197878130060237781e-09
1.158697324984239718e-02 2.195372692756147839e-09
1.172114407659960965e-02 2.196906484212852832e-09
1.185686852830827517e-02 2.197828977940019651e-09
1.199416459509744862e-02 2.197060490351281449e-09
1.213305047541208236e-02 2.195625248036611886e-09
1.227354457842515408e-02 2.192937266942658686e-09
1.241566552647785024e-02 2.192129249507045154e-09
1.255943215754789545e-02 2.191051775742193951e-09
1.270486352774653077e-02 2.190387079942113220e-09
1.285197891384432141e-02 2.190225076806478784e-09
1.300079781582636103e-02 2.190288054668280321e-09
1.315133995947690565e-02 2.190759475289594102e-09
1.330362529899405469e-02 2.190971743547000749e-09
1.345767401963458149e-02 2.188558116316886960e-09
1.361350654038956214e-02 2.185731654012132615e-09
1.377114351669082859e-02 2.186095145871033915e-09
1.393060584314884456e-02 2.188029945686985084e-09
1.409191465632227309e-02 2.184210905793470984e-09
1.425509133751954455e-02 2.184347144211238008e-09
1.442015751563302701e-02 2.185033832362992951e-09
1.458713507000582686e-02 2.181387703001274040e-09
1.475604613333193239e-02 2.183795377575665914e-09
1.492691309458979952e-02 2.180095309530957928e-09
1.509975860201007852e-02 2.181217123918397610e-09
1.527460556607755995e-02 2.181127940606484916e-09
1.545147716256795728e-02 2.177737881596339918e-09
1.563039683561977602e-02 2.178905455432846238e-09
1.581138830084189567e-02 2.179265123324803501e-09
1.599447554845698227e-02 2.176870564348288058e-09
1.617968284648142047e-02 2.175020015234205816e-09
1.636703474394191060e-02 2.173892292727236289e-09
1.655655607412955324e-02 2.173629003350386050e-09
1.674827195789137593e-02 2.173411257717138749e-09
1.694220780696013492e-02 2.172293593965361394e-09
1.713838932732252018e-02 2.170949398230593306e-09
1.733684252262658251e-02 2.170238692043679881e-09
1.753759369762839665e-02 2.169949109338870833e-09
1.774066946167878259e-02 2.171006219540628191e-09
1.794609673225026555e-02 2.170610162320204915e-09
1.815390273850506567e-02 2.167615840143738848e-09
1.836411502490422828e-02 2.167896264587791642e-09
1.857676145485861671e-02 2.167615388233358463e-09
1.879187021442221481e-02 2.165227534715790934e-09
1.900946981602805869e-02 2.166336634478974431e-09
1.922958910226767529e-02 2.164040651265861483e-09
1.945225724971402087e-02 2.163735198546486433e-09
1.967750377278888047e-02 2.164573984745447130e-09
1.990535852767486361e-02 2.162426880643698826e-09
2.013585171627295042e-02 2.160388601319998888e-09
2.036901389020562628e-02 2.161084024122736690e-09
2.060487595486651738e-02 2.161052208314874500e-09
2.084346917351677375e-02 2.160864959008637364e-09
2.108482517142910850e-02 2.159925551172828613e-09
2.132897594007962527e-02 2.159173055192364741e-09
2.157595384138826997e-02 2.157364047220308078e-09
2.182579161200830231e-02 2.155830672534104487e-09
2.207852236766562337e-02 2.154792269925766889e-09
2.233417960754814982e-02 2.155856810272103228e-09
2.259279721874612665e-02 2.153931611100781521e-09
2.285440948074375991e-02 2.152999574769329290e-09
2.311905106996301265e-02 2.152837434957300555e-09
2.338675706435990043e-02 2.151762985670072112e-09
2.365756294807403598e-02 2.150546337904976103e-09
2.393150461613192254e-02 2.151663910856905593e-09
2.420861837920496723e-02 2.149916549043086543e-09
2.448894096842230486e-02 2.148199497374213509e-09
2.477250954023949361e-02 2.147427727395632509e-09
2.505936168136362399e-02 2.146448649793159094e-09
2.534953541373521912e-02 2.146179985273384807e-09
2.564306919956823791e-02 2.145125429911667167e-09
2.594000194644804219e-02 2.144209223787051035e-09
2.624037301248863946e-02 2.144244256102964761e-09
2.654422221154941960e-02 2.144132272495236741e-09
2.685158981851263130e-02 2.141905103959204658e-09
2.716251657462165001e-02 2.142402775713906107e-09
2.747704369288123810e-02 2.140247037876715850e-09
2.779521286352018214e-02 2.141146170160831511e-09
2.811706625951744878e-02 2.139279738228398082e-09
2.844264654219206059e-02 2.138373947913055933e-09
2.877199686685785740e-02 2.138658233517779849e-09
2.910516088854357350e-02 2.137690916165319567e-09
2.944218276777944843e-02 2.137328119268779784e-09
2.978310717645051703e-02 2.136202005442213096e-09
3.012797930371790417e-02 2.135188095486331162e-09
3.047684486200846407e-02 2.133532861533830769e-09
3.082975009307410696e-02 2.133190286527518125e-09
3.118674177412095183e-02 2.132827120474130371e-09
3.154786722400967913e-02 2.131170650670890206e-09
3.191317430952744089e-02 2.130999850943826455e-09
3.228271145173277484e-02 2.130767036316668256e-09
3.265652763237360950e-02 2.128945901541084745e-09
3.303467240037978592e-02 2.127711802310964417e-09
3.341719587843074157e-02 2.127032709181957376e-09
3.380414876959909193e-02 2.126900506133278222e-09
3.419558236407145568e-02 2.125531109705115057e-09
3.459154854594680834e-02 2.125309256968966617e-09
3.499209980011368931e-02 2.125303782257585559e-09
3.539728921920690108e-02 2.123483089163523640e-09
3.580717051064509493e-02 2.123321194795353979e-09
3.622179800374948633e-02 2.121788050037910276e-09
3.664122665694521941e-02 2.122317173928252373e-09
3.706551206504588025e-02 2.121465436067624799e-09
3.749471046662278956e-02 2.119889405387736718e-09
3.792887875145917187e-02 2.119030703170727722e-09
3.836807446809096384e-02 2.118482925836297395e-09
3.881235583143459456e-02 2.118311186374330916e-09
3.926178173050358378e-02 2.116155972983589492e-09
3.971641173621406201e-02 2.116194792935223465e-09
4.017630610928087792e-02 2.115219501784694602e-09
4.064152580820497296e-02 2.114891807297244343e-09
4.111213249735355679e-02 2.112838620442576338e-09
4.158818855513353452e-02 2.112371039479940275e-09
4.206975708225977467e-02 2.111513633959314188e-09
4.255690191011883561e-02 2.110382212169727035e-09
4.304968760923003068e-02 2.110055956778964739e-09
4.354817949780401959e-02 2.109880417019446121e-09
4.405244365040068832e-02 2.108543118876873274e-09
4.456254690668728924e-02 2.108441422973281199e-09
4.507855688029785424e-02 2.107409283923812261e-09
4.560054196779547708e-02 2.105792537661933640e-09
4.612857135773814482e-02 2.105367846158824571e-09
4.666271503984956853e-02 2.104025929453507502e-09
4.720304381429617224e-02 2.104118372693974171e-09
4.774962930107178732e-02 2.103476890685045610e-09
4.830254394949064917e-02 2.102310260283917619e-09
4.886186104779054878e-02 2.102329538065628352e-09
4.942765473284694427e-02 2.100826075688361573e-09
4.999999999999999584e-02 2.099311281885273011e-09
5.057897271299490599e-02 2.098825801842353927e-09
5.116464961403772299e-02 2.098487600175551216e-09
5.175710833396720417e-02 2.098115007939487397e-09
5.235642740254497357e-02 2.096361083084005022e-09
5.296268625886442483e-02 2.096124756661107898e-09
5.357596526188034697e-02 2.094831330305475963e-09
5.419634570106018900e-02 2.093839590410529234e-09
5.482390980715924622e-02 2.093101167672402037e-09
5.545874076312003881e-02 2.092548705808866934e-09
5.610092271509820039e-02 2.092524327613186661e-09
5.675054078361576465e-02 2.091098154857262641e-09
5.740768107484413990e-02 2.090972110684591175e-09
5.807243069201713237e-02 2.089261049203347940e-09
5.874487774697650933e-02 2.088274995582145610e-09
5.942511137185094161e-02 2.088151152769678236e-09
6.011322173087065013e-02 2.087670964665757559e-09
6.080930003231838771e-02 2.086548458544508878e-09
6.151343854061904620e-02 2.085995233042414633e-09
6.222573058856928352e-02 2.084492563801979694e-09
6.294627058970836408e-02 2.083398121308637740e-09
6.367515405083307156e-02 2.082741926983076576e-09
6.441247758465666606e-02 2.082594442670277850e-09
6.515833892261499449e-02 2.081374807458748484e-09
6.591283692782036463e-02 2.081604524925412011e-09
6.667607160816618750e-02 2.080410454012729659e-09
6.744814412958265171e-02 2.079142534844735035e-09
6.822915682944624693e-02 2.078484928164740457e-09
6.901921323014424681e-02 2.077668835200315644e-09
6.981841805279687119e-02 2.076647069809506753e-09
7.062687723113769689e-02 2.076062920370303267e-09
7.144469792555517562e-02 2.075015741482338452e-09
7.227198853729638328e-02 2.073976131803931025e-09
7.310885872283590103e-02 2.073514467881874656e-09
7.395541940841035555e-02 2.072516879557146890e-09
7.481178280472171316e-02 2.072043911400051636e-09
7.567806242181042420e-02 2.071464278270540122e-09
7.655437308410151243e-02 2.070323503724564984e-09
7.744083094562405345e-02 2.069601375586746497e-09
7.833755350540749784e-02 2.068771760870513776e-09
7.924465962305569933e-02 2.068314191213925307e-09
8.016226953450207582e-02 2.067155730523024572e-09
8.109050486794648627e-02 2.066550431390720272e-09
8.202948865997693184e-02 2.065663660830090890e-09
8.297934537187805215e-02 2.065246953439162978e-09
8.394020090612802631e-02 2.063968988792577391e-09
8.491218262308720954e-02 2.063155670867687733e-09
8.589541935787937954e-02 2.061885400245282195e-09
8.689004143746879849e-02 2.061541315942661294e-09
8.789618069793463107e-02 2.060854964416221484e-09
8.891397050194613239e-02 2.060155665390408230e-09
8.994354575643935534e-02 2.058748311998165062e-09
9.098504293049920755e-02 2.058603091536908834e-09
9.203860007344778771e-02 2.057716739576591637e-09
9.310435683314335908e-02 2.057128022326068463e-09
9.418245447448998775e-02 2.056204475215019161e-09
9.527303589816239759e-02 2.054772968274650677e-09
9.637624565954683309e-02 2.054003602565140484e-09
9.749222998790225969e-02 2.053257078438973927e-09
9.862113680574266517e-02 2.052998444323990205e-09
9.976311574844402841e-02 2.052064107387766057e-09
1.009183181840780791e-01 2.050762135424213949e-09
1.020868972334764702e-01 2.050487780551535551e-09
1.032690077905264459e-01 2.049791437145993224e-09
1.044648065427020295e-01 2.049085823570316246e-09
1.056744519918323688e-01 2.047879170514018706e-09
1.068981044751116105e-01 2.047387265439128283e-09
1.081359261863509835e-01 2.046879469480813662e-09
1.093880811974775741e-01 2.045432984694030852e-09
1.106547354802819155e-01 2.044975258638461211e-09
1.119360569284169743e-01 2.043579806863421146e-09
1.132322153796529451e-01 2.042881202782380655e-09
1.145433826383886050e-01 2.042173022576091065e-09
1.158697324984239718e-01 2.041671497253696368e-09
1.172114407659961138e-01 2.040438993753676019e-09
1.185686852830827448e-01 2.040229732591584086e-09
1.199416459509744654e-01 2.038960906157411749e-09
1.213305047541208270e-01 2.038340515027303715e-09
1.227354457842515373e-01 2.037842648136630586e-09
1.241566552647784955e-01 2.036246768259636143e-09
1.255943215754789510e-01 2.036061714308715636e-09
1.270486352774652938e-01 2.034979684514420248e-09
1.285197891384432245e-01 2.034104816395957737e-09
1.300079781582635929e-01 2.033003278958500656e-09
1.315133995947690704e-01 2.032496066072816764e-09
1.330362529899405399e-01 2.031708953731564238e-09
1.345767401963458287e-01 2.031511430609559846e-09
1.361350654038956109e-01 2.029869712495809765e-09
1.377114351669082859e-01 2.029379868457183167e-09
1.393060584314885775e-01 2.028632678848841900e-09
1.409191465632227414e-01 2.028024724820301267e-09
1.425509133751954594e-01 2.027448707378658751e-09
1.442015751563302528e-01 2.025871830292363926e-09
1.458713507000582721e-01 2.025573215220353075e-09
1.475604613333193205e-01 2.024565267732084164e-09
1.492691309458979987e-01 2.023768794601925162e-09
1.509975860201007714e-01 2.023414203818208053e-09
1.527460556607755926e-01 2.022446155207816840e-09
1.545147716256795867e-01 2.021455071857938984e-09
1.563039683561977533e-01 2.020709724909454390e-09
1.581138830084189428e-01 2.019424142383289198e-09
1.599447554845698505e-01 2.018973893166411679e-09
1.617968284648141908e-01 2.018304686279733229e-09
1.636703474394191060e-01 2.017295664662171658e-09
1.655655607412955255e-01 2.016457442472773779e-09
1.674827195789137801e-01 2.015847378029348209e-09
1.694220780696013839e-01 2.014740292654219371e-09
1.713838932732252018e-01 2.014109083263991235e-09
1.733684252262658043e-01 2.013593653792768483e-09
1.753759369762839526e-01 2.012316121407525173e-09
1.774066946167878189e-01 2.011807961542335240e-09
1.794609673225026625e-01 2.011295867756419288e-09
1.815390273850506775e-01 2.010072484896760905e-09
1.836411502490422620e-01 2.009431867168684028e-09
1.857676145485863961e-01 2.008628949420852386e-09
1.879187021442221273e-01 2.007949406074637913e-09
1.900946981602806007e-01 2.006702815886372350e-09
1.922958910226767459e-01 2.006209701526034648e-09
1.945225724971402503e-01 2.005457514560397773e-09
1.967750377278887630e-01 2.004405096398898359e-09
1.990535852767486291e-01 2.003660431561647657e-09
2.013585171627295112e-01 2.002784224917703478e-09
2.036901389020562836e-01 2.002466750633166859e-09
2.060487595486651391e-01 2.000984517188094349e-09
2.084346917351677375e-01 2.000627844141743208e-09
2.108482517142910573e-01 2.000025587577058708e-09
2.132897594007962527e-01 1.999218358016452927e-09
2.157595384138827344e-01 1.997795672505474874e-09
2.182579161200830231e-01 1.997487929734439018e-09
2.207852236766562337e-01 1.996487184903169174e-09
2.233417960754814913e-01 1.996002594053375555e-09
2.259279721874612734e-01 1.994900479139702669e-09
2.285440948074375922e-01 1.994014008614322444e-09
2.311905106996301473e-01 1.993677666996458234e-09
2.338675706435990320e-01 1.992325235573653328e-09
2.365756294807403459e-01 1.991449130085726761e-09
2.393150461613192670e-01 1.991189543453508883e-09
2.420861837920496584e-01 1.990250355136651744e-09
2.448894096842230417e-01 1.989047325530821494e-09
2.477250954023952623e-01 1.988708149328417107e-09
2.505936168136362330e-01 1.987386415288002735e-09
2.534953541373521912e-01 1.987041390433415328e-09
2.564306919956823583e-01 1.986176876092606428e-09
2.594000194644804358e-01 1.985719182841853142e-09
2.624037301248863807e-01 1.984706425487222163e-09
2.654422221154941752e-01 1.983973922885348059e-09
2.685158981851263338e-01 1.983219812865787792e-09
2.716251657462164792e-01 1.982234651403391238e-09
2.747704369288123671e-01 1.981340447624629114e-09
2.779521286352018006e-01 1.980804708264125623e-09
2.811706625951744809e-01 1.979558156237160987e-09
2.844264654219206268e-01 1.978738675216722277e-09
2.877199686685785740e-01 1.978021936317336200e-09
2.910516088854357419e-01 1.977358321442453110e-09
2.944218276777944565e-01 1.976503512090793370e-09
2.978310717645051287e-01 1.975821892679012442e-09
3.012797930371790001e-01 1.975294622492805157e-09
3.047684486200846199e-01 1.973995675742264602e-09
3.082975009307410419e-01 1.973659119294086335e-09
3.118674177412095183e-01 1.972959304475257179e-09
3.154786722400967913e-01 1.971835519456574996e-09
3.191317430952744227e-01 1.971262690779188280e-09
3.228271145173277623e-01 1.970021024497625196e-09
3.265652763237361089e-01 1.969242706699526185e-09
3.303467240037981645e-01 1.968826539589658866e-09
3.341719587843073880e-01 1.967474593886435735e-09
3.380414876959909609e-01 1.966687072760829792e-09
3.419558236407145846e-01 1.965977332561264435e-09
3.459154854594680972e-01 1.965383273045737309e-09
3.499209980011367960e-01 1.964321194441997343e-09
3.539728921920689553e-01 1.963547845099681181e-09
3.580717051064509215e-01 1.962959534589362014e-09
3.622179800374948355e-01 1.962386411487449222e-09
3.664122665694521941e-01 1.961391762644604747e-09
3.706551206504588025e-01 1.960358676917515122e-09
3.749471046662278817e-01 1.960101310388414369e-09
3.792887875145917187e-01 1.958840993168885391e-09
3.836807446809096245e-01 1.958623787411175042e-09
3.881235583143459178e-01 1.957688884233415729e-09
3.926178173050358655e-01 1.956607219053729731e-09
3.971641173621406340e-01 1.955614125373513926e-09
4.017630610928087931e-01 1.954831954733521784e-09
4.064152580820497018e-01 1.954605558756833779e-09
4.111213249735355402e-01 1.953267846772523183e-09
4.158818855513353729e-01 1.952591677362487275e-09
4.206975708225977328e-01 1.951726164044850843e-09
4.255690191011883283e-01 1.951338819101059113e-09
4.304968760923003068e-01 1.950231215543959689e-09
4.354817949780401265e-01 1.949191551662305928e-09
4.405244365040072996e-01 1.949101220868943593e-09
4.456254690668728924e-01 1.947917113749300537e-09
4.507855688029784313e-01 1.947477711549953986e-09
4.560054196779547708e-01 1.946592452354033137e-09
4.612857135773818507e-01 1.945260272606409843e-09
4.666271503984956714e-01 1.944645222113970594e-09
4.720304381429617502e-01 1.943760653291006430e-09
4.774962930107179426e-01 1.942951885950761207e-09
4.830254394949065055e-01 1.942658182538692727e-09
4.886186104779055017e-01 1.941322404427624449e-09
4.942765473284694844e-01 1.941029053410167440e-09
5.000000000000000000e-01 1.939776732399141628e-09
5.235642740254498051e-01 1.936646779610499731e-09
5.482390980715924345e-01 1.933869455286675379e-09
5.740768107484414129e-01 1.930240809354217857e-09
6.011322173087064735e-01 1.927219472671171552e-09
6.294627058970836408e-01 1.924456966633956970e-09
6.591283692782035075e-01 1.920743984699689593e-09
6.901921323014423848e-01 1.918158976371115978e-09
7.227198853729637218e-01 1.914421360565198400e-09
7.567806242181041032e-01 1.911309510081568051e-09
7.924465962305567990e-01 1.908143450448945094e-09
8.297934537187803272e-01 1.905205209259056113e-09
8.689004143746877906e-01 1.901875485262158042e-09
9.098504293049917147e-01 1.899023654701368536e-09
9.527303589816236151e-01 1.895798734234638584e-09
9.976311574844397567e-01 1.892413681915868934e-09
1.044648065427019823e+00 1.889811291742270537e-09
1.093880811974776268e+00 1.886369269884037370e-09
1.145433826383886577e+00 1.883107436616823741e-09
1.199416459509745181e+00 1.880047319930561072e-09
1.255943215754790065e+00 1.877084035070805191e-09
1.315133995947690870e+00 1.874248225811560204e-09
1.377114351669083137e+00 1.870621330321274705e-09
1.442015751563302750e+00 1.867460154773751677e-09
1.509975860201008047e+00 1.864335061397888202e-09
1.581138830084189761e+00 1.861284963306582097e-09
1.655655607412955588e+00 1.858053475427588147e-09
1.733684252262658099e+00 1.855268070161942970e-09
1.815390273850506997e+00 1.852049545038867738e-09
1.900946981602805730e+00 1.849045210486638939e-09
1.990535852767486125e+00 1.845602302516460259e-09
2.084346917351676876e+00 1.842551634334193593e-09
2.182579161200830065e+00 1.839637325065882706e-09
2.285440948074375367e+00 1.836310438468567881e-09
2.393150461613192004e+00 1.833270640145133363e-09
2.505936168136361886e+00 1.830500249394193716e-09
2.624037301248862697e+00 1.827453382510279223e-09
2.747704369288122894e+00 1.824245165773701165e-09
2.877199686685784741e+00 1.821410021614642397e-09
3.012797930371788890e+00 1.817860499853410692e-09
3.154786722400966692e+00 1.814756109190155530e-09
3.303467240037980091e+00 1.811790289261153649e-09
3.459154854594682416e+00 1.808515533137847840e-09
3.622179800374950798e+00 1.805531520658989997e-09
3.792887875145919185e+00 1.802412947834167662e-09
3.971641173621407894e+00 1.799425355941035145e-09
4.158818855513356283e+00 1.796499485458632805e-09
4.354817949780404263e+00 1.793205379811245397e-09
4.560054196779547375e+00 1.790464746629535447e-09
4.774962930107179204e+00 1.787620259992114483e-09
5.000000000000000888e+00 1.784119733399713635e-09
6.294627058970837297e+00 1.768857494710628170e-09
7.924465962305567324e+00 1.754014469871020708e-09
9.976311574844396901e+00 1.738605227497337662e-09
1.255943215754790110e+01 1.723529472087472642e-09
1.581138830084189451e+01 1.708543747345183813e-09
1.990535852767486347e+01 1.693732992490540719e-09
2.505936168136361886e+01 1.678793358495548124e-09
3.154786722400966426e+01 1.664519886115391598e-09
3.971641173621406296e+01 1.649302763812645194e-09
4.999999999999999289e+01 1.635030055238651352e-09
