2.393150461613189841e-05 1.511907602370911537e-14 8.180768340893135804e-13
2.448894096842227708e-05 4.299234996638165722e-09 9.100415517603830340e-13
2.505936168136362570e-05 1.281722601403973237e-08 1.005659086509940393e-12
2.564306919956823707e-05 2.087684144749592462e-08 1.103702722840766776e-12
2.624037301248861295e-05 2.595694069663562621e-08 1.202972660365320878e-12
2.685158981851265889e-05 2.723576809016699009e-08 1.301494307194005337e-12
2.747704369288124057e-05 2.504927024835537548e-08 1.397943731618178911e-12
2.811706625951745350e-05 2.044984462368849190e-08 1.489569081695805879e-12
2.877199686685782864e-05 1.474162119100194975e-08 1.574514626166314331e-12
2.944218276777941324e-05 9.155541765366295747e-09 1.650038438719253531e-12
3.012797930371789620e-05 4.609460066426716264e-09 1.714329769647647974e-12
3.082975009307410534e-05 1.608894640491333708e-09 1.764638560230393326e-12
3.154786722400964650e-05 2.095700725143044017e-10 1.798839463896307056e-12
3.228271145173280656e-05 1.186551416368051886e-10 1.815061506459746431e-12
3.303467240037981687e-05 8.268214085218168916e-10 1.812066966009244920e-12
3.380414876959908759e-05 1.769835278064073345e-09 1.788669224763631169e-12
3.459154854594680595e-05 2.477349433322141466e-09 1.745209033570551648e-12
3.539728921920685885e-05 2.671155115035527367e-09 1.682272065506917686e-12
3.622179800374952406e-05 2.316103504622655192e-09 1.601856804472568776e-12
3.706551206504588155e-05 1.582836065272950817e-09 1.506985154852896443e-12
3.792887875145917236e-05 7.712190830055571230e-10 1.402709827254037571e-12
3.881235583143463039e-05 1.943368398035561941e-10 1.293583620461427899e-12
3.971641173621410364e-05 7.291822835398728060e-11 1.187336390442748548e-12
4.064152580820497269e-05 4.565318574076336286e-10 1.091377604867876690e-12
4.158818855513353842e-05 1.209139477419074463e-09 1.013817730158029421e-12
4.255690191011879072e-05 2.056655217057634205e-09 9.629843979932635879e-13
4.354817949780397373e-05 2.681382201241899997e-09 9.473503404581071147e-13
4.456254690668728712e-05 2.842125913397361228e-09 9.735928975694036351e-13
4.560054196779547508e-05 2.469421555685008881e-09 1.046961615712034140e-12
4.666271503984951611e-05 1.696634917973791683e-09 1.169955931776747916e-12
4.774962930107184414e-05 8.281019560411168025e-10 1.341935413113676948e-12
4.886186104779054808e-05 2.222850812446060567e-10 1.557888128642196868e-12
4.999999999999999562e-05 1.499527326745828082e-10 1.809477807756244021e-12
5.077344962165403252e-05 4.392250067455600819e-10 1.990408879135029388e-12
5.155886372965278575e-05 9.528717360918817313e-10 2.176170840008297662e-12
5.235642740254491996e-05 1.597274525941170238e-09 2.361795319541065593e-12
5.316632858185802379e-05 2.250885207653266509e-09 2.540603585009529165e-12
5.398875811638547008e-05 2.780873025664031920e-09 2.707243975985890598e-12
5.482390980715925750e-05 3.076085348637215019e-09 2.854786039259119056e-12
5.567198045311809001e-05 3.068021645731982988e-09 2.977528153019772549e-12
5.653316989748198356e-05 2.750091539981269112e-09 3.069833675200693240e-12
5.740768107484407919e-05 2.185062301622648578e-09 3.127985208933100209e-12
5.829572005899154823e-05 1.490905478879141629e-09 3.148364443854728888e-12
5.919749611146507643e-05 8.246204604726386706e-10 3.129941186418855723e-12
6.011322173087064877e-05 3.437837253755731621e-10 3.072226387315674495e-12
6.104311270295358267e-05 1.711084473117455088e-10 2.978761830136604161e-12
6.198738815144726427e-05 3.610041919435002396e-10 2.854314601467567860e-12
6.294627058970830402e-05 8.816128900442234223e-10 2.705867563859720407e-12
6.391998597315114226e-05 1.616010114044731174e-09 2.542290855091586416e-12
6.490876375249243866e-05 2.385926687638986846e-09 2.374441814858175164e-12
6.591283692782035650e-05 2.991629916712200663e-09 2.214392818401896741e-12
6.693244210349969913e-05 3.268670161451043884e-09 2.074617055561252603e-12
6.796781954392634262e-05 3.130089086454108917e-09 1.967031273262400373e-12
6.901921323014417829e-05 2.604100358213391707e-09 1.902765578814090879e-12
7.008687091733845661e-05 1.828821485117848418e-09 1.890974854411743101e-12
7.117104419321706554e-05 1.024775938280394242e-09 1.937003802732744734e-12
7.227198853729638578e-05 4.344792912707349927e-10 2.043561954975006045e-12
7.338996338110351377e-05 2.477250177154113927e-10 2.207448140010547266e-12
7.452523216930986860e-05 5.396793271650553321e-10 2.422014584295643993e-12
7.567806242181034505e-05 1.235855955476524051e-09 2.674977486034634340e-12
7.684872579676353069e-05 2.122989648976242623e-09 2.950480505392992675e-12
7.803749815460556355e-05 2.912968234168309411e-09 3.228441484920612121e-12
7.924465962305569597e-05 3.331174425620484256e-09 3.488838296939959358e-12
8.047049466312679192e-05 3.221172036302806591e-09 3.709481831809675440e-12
8.171529213615679041e-05 2.605571867851397103e-09 3.871627985649248187e-12
8.297934537187796715e-05 1.697874440494916201e-09 3.960219108951358978e-12
8.426295223753753360e-05 8.348703069573461581e-10 3.968297274576954072e-12
8.556641520808903466e-05 3.547519398518906729e-10 3.892398078896412015e-12
8.689004143746880239e-05 4.643700028619820745e-10 3.741352415501061937e-12
8.823414283097507044e-05 1.140506195534957069e-09 3.534357724935394889e-12
8.959903611876659493e-05 2.121642533715590700e-09 3.295056755707532534e-12
9.098504293049911853e-05 2.998063161765654137e-09 3.053827734949658819e-12
9.239248987111451750e-05 3.384012533107118767e-09 2.844012124004253600e-12
9.382170859780427524e-05 3.091475621853428949e-09 2.697746228122217186e-12
9.527303589816240703e-05 2.234922828358385178e-09 2.639283576822910667e-12
9.674681376954767664e-05 1.206712198904292305e-09 2.684818599610221291e-12
9.824338949967329252e-05 5.029792330714429378e-10 2.839933130680300342e-12
9.976311574844392432e-05 4.876796835950750453e-10 3.085502240043163773e-12
1.013063506310571432e-04 1.192227279323781926e-09 3.401622436342861558e-12
1.028734578023919724e-04 2.270429530685782939e-09 3.743927423634237072e-12
1.044648065427019234e-04 3.154626047825481007e-09 4.070704826860312204e-12
1.060807718446342277e-04 3.353504746327077696e-09 4.328271878552001969e-12
1.077217345015941974e-04 2.732782872896539501e-09 4.486719486773814381e-12
1.093880811974775648e-04 1.633298958397572746e-09 4.511965107900988698e-12
1.110802045977905735e-04 7.006898827872398436e-10 4.404293843433537585e-12
1.127985034421788413e-04 5.135975085986421365e-10 4.186555663724681898e-12
1.145433826383886162e-04 1.213721998266395533e-09 3.897037959637973415e-12
1.163152533576812840e-04 2.376161807313741497e-09 3.603322576999012722e-12
1.181145331317231227e-04 3.244524199606235119e-09 3.357041675155454782e-12
1.199416459509744813e-04 3.222483965764967536e-09 3.227962027306834939e-12
1.217970223646013407e-04 2.300850483915940889e-09 3.249821007233857380e-12
1.236810995819311043e-04 1.119812180967134687e-09 3.431031352252988910e-12
1.255943215754789502e-04 5.445796004676839602e-10 3.741129641881690842e-12
1.275371391855679331e-04 1.028129840011909287e-09 4.128110505687861259e-12
1.295100102265662556e-04 2.224266918450795085e-09 4.502354001964074107e-12
1.315133995947690435e-04 3.201133698109102786e-09 4.779247710046575184e-12
1.335477793779492502e-04 3.156121867006336492e-09 4.899217805174616277e-12
1.356136289666014618e-04 2.101645068564150358e-09 4.829138929324624587e-12
1.377114351669082826e-04 9.247457279413625638e-10 4.598277421619565473e-12
1.398416923154538580e-04 6.655220565385407884e-10 4.265783023948376928e-12
1.420049023957106640e-04 1.583453038238757573e-09 3.934181280377506446e-12
1.442015751563302745e-04 2.853264156214174715e-09 3.713516919855835215e-12
1.464322282312618484e-04 3.271202367249327553e-09 3.682099835929729822e-12
1.486973872617303768e-04 2.409976071569498340e-09 3.863354422113925061e-12
1.509975860201007907e-04 1.109967387920168914e-09 4.217379798875195759e-12
1.533333665356591551e-04 7.082712298842418374e-10 4.637799472092764674e-12
1.557052792223378925e-04 1.654254594219975348e-09 4.995312581196506015e-12
1.581138830084189426e-04 2.949830043190064332e-09 5.174504651558819514e-12
1.605597454682411787e-04 3.151002694441280118e-09 5.111075466138322293e-12
1.630434429559467473e-04 2.010248196228220195e-09 4.841609118244139980e-12
1.655655607412955237e-04 8.454554807414275438e-10 4.460891853829704313e-12
1.681266931475813744e-04 1.064191335196724927e-09 4.143554741275588719e-12
1.707274436916800156e-04 2.424467528611036740e-09 4.028255045298547346e-12
1.733684252262658175e-04 3.221218919505293380e-09 4.180836486867242957e-12
1.760502600842260167e-04 2.407711832593158525e-09 4.550582593550220802e-12
1.787735802253106055e-04 1.046413484547271873e-09 5.002824032480593111e-12
1.815390273850506729e-04 9.968716221928695259e-10 5.324349254431047404e-12
1.843472532259786401e-04 2.352492224551943038e-09 5.384680900911251069e-12
1.871989194911905094e-04 3.180232479958157661e-09 5.157885596085012152e-12
1.900946981602805912e-04 2.251920441979955345e-09 4.764444821633925217e-12
1.930352716076907493e-04 9.515388734629679933e-10 4.420555545429773149e-12
1.960213327635075575e-04 1.298940908474036008e-09 4.326360375192148613e-12
1.990535852767486491e-04 2.761698479219927673e-09 4.557404698132119786e-12
2.021327436811720321e-04 2.973780436534297630e-09 4.994854978720741508e-12
2.052595335636539064e-04 1.563414997110133298e-09 5.440646252694182288e-12
2.084346917351677527e-04 9.355512218736749261e-10 5.568171909710115265e-12
2.116589664044105285e-04 2.202873451169935025e-09 5.375909285044708478e-12
2.149331173541137825e-04 3.107176675829122204e-09 4.966711571787678067e-12
2.182579161200830003e-04 1.983446379932094898e-09 4.620225883021527885e-12
2.216341461730042691e-04 9.369000737930427399e-10 4.595919458838364821e-12
2.250626031030667764e-04 1.991084508584862039e-09 4.897952151008963423e-12
2.285440948074375753e-04 3.080898485659600597e-09 5.404002581518074041e-12
2.320794416806391098e-04 2.005522680737944228e-09 5.696166240995376281e-12
2.356694768078702418e-04 9.836828917786355062e-10 5.589503963411615465e-12
2.393150461613192145e-04 2.180762230793664942e-09 5.183335023460435491e-12
2.430170087995107563e-04 3.013441564068793288e-09 4.825736886937397846e-12
2.467762370697402867e-04 1.643377068551200749e-09 4.812559307853665360e-12
2.505936168136362096e-04 1.169421512008009874e-09 5.201731080414152074e-12
2.544700475759043923e-04 2.693790364547229801e-09 5.671432467387163203e-12
2.584064428163017259e-04 2.612346833557134428e-09 5.812342597778283082e-12
2.624037301248863599e-04 1.136387695005109920e-09 5.516200300624819068e-12
2.664628514406001242e-04 1.905371203272123821e-09 5.105758638180111562e-12
2.705847632732318194e-04 2.977900799288447317e-09 4.912207441717091025e-12
2.747704369288123854e-04 1.605362661331788069e-09 5.278103280331993071e-12
2.790208587384981659e-04 1.400031242985626236e-09 5.764523650662637349e-12
2.833370302909956110e-04 2.902646615101598063e-09 5.901519131672053341e-12
2.877199686685782661e-04 2.015802030716504005e-09 5.558239655138919890e-12
2.921707066867587155e-04 1.237013163884208614e-09 5.142781837448522420e-12
2.966902931376639977e-04 2.769266479586911303e-09 5.152743956604531080e-12
3.012797930371790027e-04 2.157293268892856790e-09 5.627232298538981095e-12
3.059402878759109228e-04 1.237273585457093962e-09 5.983900474213189123e-12
3.106728758740379126e-04 2.763657559064582221e-09 5.820810143292350205e-12
3.154786722400964379e-04 2.058193665574332172e-09 5.347067963105250427e-12
3.203588094337768118e-04 1.353923813753029311e-09 5.231772164715701890e-12
3.253144374327786347e-04 2.867724423832297111e-09 5.642866606438975658e-12
3.303467240037981823e-04 1.730929408474865062e-09 6.046651449118285564e-12
3.354568549777055850e-04 1.701144581538439630e-09 5.895880532046536378e-12
3.406460345289806990e-04 2.818654935536993394e-09 5.432648823373594095e-12
3.459154854594680595e-04 1.319359409471231762e-09 5.392574537050730771e-12
3.512664494865259967e-04 2.353570558894460066e-09 5.869946892076916613e-12
3.567001875356281908e-04 2.273226356903497700e-09 6.120913999741203847e-12
3.622179800374952406e-04 1.431374915450759942e-09 5.767540716644249879e-12
3.678211272298206468e-04 2.834844421425390132e-09 5.417440982247306732e-12
3.735109494636659126e-04 1.425288236210894233e-09 5.701294444928073793e-12
3.792887875145917642e-04 2.365872534895103201e-09 6.137678294836035819e-12
3.851560028986073490e-04 2.099109228836396228e-09 5.994869868438745432e-12
3.911139781930014878e-04 1.696420941803525537e-09 5.537385022379765310e-12
3.971641173621406028e-04 2.654642611202200408e-09 5.699162461153154002e-12
4.033078460883067766e-04 1.354150772049366272e-09 6.178827883085412023e-12
4.095466121076488000e-04 2.774953846403085140e-09 6.055660441457805501e-12
4.158818855513353842e-04 1.423401921458850406e-09 5.613149598805577387e-12
4.223151592919843181e-04 2.622103159803081680e-09 5.803630309664601927e-12
4.288479492954472044e-04 1.628833601249850838e-09 6.204352214232108910e-12
4.354817949780401981e-04 2.412728161289081445e-09 6.028185434629813103e-12
4.422182595692998380e-04 1.781763297864383517e-09 5.652383982264118452e-12
4.490589304803470241e-04 2.303818060878746280e-09 6.040757407052181944e-12
4.560054196779547643e-04 1.858083032272438967e-09 6.292112794889316219e-12
4.630593640643968336e-04 2.299303686970060379e-09 5.852242507206276268e-12
4.702224258631761155e-04 1.812396676554905208e-09 5.854221468568062583e-12
4.774962930107179535e-04 2.421418008539034559e-09 6.373294804291738702e-12
4.848826795541247335e-04 1.645532853007333489e-09 6.105219954445980765e-12
4.923833260550788699e-04 2.588476769419983047e-09 5.800875523436114945e-12
4.999999999999999020e-04 1.520477807826104283e-09 6.184830767448285349e-12
5.077344962165402167e-04 2.698829393446325855e-09 6.238721360054580142e-12
5.155886372965279253e-04 1.530931051248723981e-09 5.837908394028128771e-12
5.235642740254497010e-04 2.497449998393678834e-09 6.199652911142302384e-12
5.316632858185807529e-04 1.903967280200181300e-09 6.327157104109041719e-12
5.398875811638546331e-04 1.940918679325996969e-09 5.863907559663676448e-12
5.482390980715924666e-04 2.540375691781430540e-09 6.262541845273490735e-12
5.567198045311809408e-04 1.531717576224330717e-09 6.342747845355038134e-12
5.653316989748198356e-04 2.529538358875336358e-09 5.923061055303030075e-12
5.740768107484413340e-04 2.039936292932144036e-09 6.369445908333984160e-12
5.829572005899154958e-04 1.739710820805639295e-09 6.287916962193384981e-12
5.919749611146507507e-04 2.615765707341096238e-09 5.994059366885210415e-12
6.011322173087065013e-04 1.823228825434529306e-09 6.496731773276309630e-12
6.104311270295357996e-04 1.855687388873695973e-09 6.149154495384060035e-12
6.198738815144725885e-04 2.617587636518005636e-09 6.216050973258087393e-12
6.294627058970836365e-04 1.877121586457508530e-09 6.406619734119675807e-12
6.391998597315114768e-04 1.766624849154064454e-09 6.012767364922215588e-12
6.490876375249243595e-04 2.506567859947677042e-09 6.481438850319519554e-12
6.591283692782036463e-04 2.258759751810755113e-09 6.244979409030531453e-12
6.693244210349969100e-04 1.629336585744704985e-09 6.329271047360077259e-12
6.796781954392627214e-04 2.044897962347343210e-09 6.449851618777689904e-12
6.901921323014425418e-04 2.576197256291681952e-09 6.202458708710614399e-12
7.008687091733846204e-04 2.162243772741749504e-09 6.550512297665028508e-12
7.117104419321707096e-04 1.687957788695038117e-09 6.145427072416586029e-12
7.227198853729638849e-04 1.895087156828943236e-09 6.571425951795782134e-12
7.338996338110352190e-04 2.406224418243782476e-09 6.232125935697856677e-12
7.452523216930980084e-04 2.516780969787202874e-09 6.461191141496608864e-12
7.567806242181042637e-04 2.133529626187759041e-09 6.337976206163569775e-12
7.684872579676353069e-04 1.757092638920019088e-09 6.410620145069710005e-12
7.803749815460556084e-04 1.714382036430662115e-09 6.456226433110365150e-12
7.924465962305569326e-04 1.975747978767215534e-09 6.371876568962981181e-12
8.047049466312678921e-04 2.306701234156697769e-09 6.459886744758505016e-12
8.171529213615688798e-04 2.488419061540111789e-09 6.370562863325155782e-12
8.297934537187797799e-04 2.480263231258693845e-09 6.486416596795126075e-12
8.426295223753753902e-04 2.388734298498984006e-09 6.516767356101047104e-12
8.556641520808904279e-04 2.247842872970694400e-09 6.362358371190170721e-12
8.689004143746880239e-04 2.129702535545107907e-09 6.570833271267592303e-12
8.823414283097507586e-04 2.050117536455077522e-09 6.374969578187883807e-12
8.959903611876668438e-04 1.982709304881360149e-09 6.569172413900637049e-12
9.098504293049911040e-04 1.940871547618247801e-09 6.371765929239952217e-12
9.239248987111452292e-04 1.948304481806586947e-09 6.672194844980574379e-12
9.382170859780426982e-04 1.991088773628035775e-09 6.375093254960632333e-12
9.527303589816240974e-04 2.070077593458093244e-09 6.511489703191679608e-12
9.674681376954768477e-04 2.180183300620829687e-09 6.553496339686571373e-12
9.824338949967338468e-04 2.312158938872641167e-09 6.355644375926138423e-12
9.976311574844392432e-04 2.437728453026394478e-09 6.691989351181859818e-12
1.013063506310571621e-03 2.452551521788474006e-09 6.498410092156095083e-12
1.028734578023919859e-03 2.329935151900675372e-09 6.440246949865023757e-12
1.044648065427020373e-03 2.078342774078015531e-09 6.695353556857711556e-12
1.060807718446342114e-03 1.847034912414804838e-09 6.465918260148866119e-12
1.077217345015942136e-03 1.879780226790873701e-09 6.488124434911962053e-12
1.093880811974775810e-03 2.190333112862985240e-09 6.738241336374296587e-12
1.110802045977905654e-03 2.432482959999644946e-09 6.499394096483072979e-12
1.127985034421788305e-03 2.195732601667735730e-09 6.464533798357119434e-12
1.145433826383887273e-03 1.839248697252898890e-09 6.699453688299408874e-12
1.163152533576812921e-03 2.076391605091741482e-09 6.649630089898385407e-12
1.181145331317231227e-03 2.404281810753369107e-09 6.467452599620049610e-12
1.199416459509744732e-03 2.050542653525156585e-09 6.546800763158382826e-12
1.217970223646013461e-03 1.931610108607346298e-09 6.703204944276580209e-12
1.236810995819310989e-03 2.399448309405958734e-09 6.679352051066191159e-12
1.255943215754791020e-03 2.000054073640848360e-09 6.539587590186960336e-12
1.275371391855679385e-03 2.062074485790613560e-09 6.536564291798327145e-12
1.295100102265661201e-03 2.305691994977504018e-09 6.666671864480196646e-12
1.315133995947690652e-03 1.882485556250777250e-09 6.749242602235327886e-12
1.335477793779492502e-03 2.384049359822972901e-09 6.705936716236155228e-12
1.356136289666014672e-03 1.886118648835005526e-09 6.569848382996750186e-12
1.377114351669084290e-03 2.361581113786216811e-09 6.552775753464215284e-12
1.398416923154538688e-03 1.892975259175466976e-09 6.554323778486708497e-12
1.420049023957106749e-03 2.375512171143169964e-09 6.639309263347797815e-12
1.442015751563302745e-03 1.924301755192999977e-09 6.731039313595388242e-12
1.464322282312618484e-03 2.256078774550038512e-09 6.767888545145715338e-12
1.486973872617303660e-03 2.164987172364284844e-09 6.763417151023910904e-12
1.509975860201009370e-03 1.931390005169580099e-09 6.798213942663020076e-12
1.533333665356591659e-03 2.326171873968866655e-09 6.746259778153308062e-12
1.557052792223378654e-03 2.166680363691866470e-09 6.762354034500054285e-12
1.581138830084189697e-03 1.917922255047900112e-09 6.750441759910901529e-12
1.605597454682411570e-03 2.157077390584166028e-09 6.763684059451673478e-12
1.630434429559467473e-03 2.336137052705635044e-09 6.758099520295715794e-12
1.655655607412955237e-03 2.194390476945879168e-09 6.790119386791494562e-12
1.681266931475813853e-03 1.988001528489789216e-09 6.793442658728106997e-12
1.707274436916800210e-03 1.930091041670884966e-09 6.830177745987759426e-12
1.733684252262658121e-03 2.015858030918233571e-09 6.778565613632599439e-12
1.760502600842260221e-03 2.123424703323865587e-09 6.764925706900269054e-12
1.787735802253107844e-03 2.189451215571579174e-09 6.729503119239797486e-12
1.815390273850506784e-03 2.220913799420211228e-09 6.666967477396460547e-12
1.843472532259788623e-03 2.226959397623355981e-09 6.663032526445425800e-12
1.871989194911905094e-03 2.188034655232385326e-09 6.696833316795042984e-12
1.900946981602806129e-03 2.117617563139319026e-09 6.805908709812024992e-12
1.930352716076907385e-03 2.019786273439784091e-09 6.829333401185809741e-12
1.960213327635077635e-03 1.963320224529300181e-09 6.739818702218734591e-12
1.990535852767486274e-03 2.028253202388531672e-09 6.690770220899548880e-12
2.021327436811720321e-03 2.224393110047595566e-09 6.756657574709792712e-12
2.052595335636538901e-03 2.284432186833192972e-09 6.851947556026446062e-12
2.084346917351677202e-03 2.052964554068412688e-09 6.746527573444456712e-12
2.116589664044105177e-03 2.018191799990437163e-09 6.726594897358286752e-12
2.149331173541140210e-03 2.284536532088556706e-09 6.849217574763454602e-12
2.182579161200830058e-03 2.067576801305993513e-09 6.745635728701056757e-12
2.216341461730042799e-03 2.104493669343977170e-09 6.757966651328971693e-12
2.250626031030667981e-03 2.211501680171786494e-09 6.844343316130945841e-12
2.285440948074375644e-03 2.043200611891938007e-09 6.722626331876433516e-12
2.320794416806390773e-03 2.208453887926946334e-09 6.852353483490067873e-12
2.356694768078702092e-03 2.105288328944105273e-09 6.738958027070413146e-12
2.393150461613192254e-03 2.074937151480978165e-09 6.849436575160238361e-12
2.430170087995107888e-03 2.262001973085735787e-09 6.743782115136027688e-12
2.467762370697402976e-03 2.037472136839885527e-09 6.870108663742000109e-12
2.505936168136362312e-03 2.055719064091509893e-09 6.743740284772839909e-12
2.544700475759046742e-03 2.241318768658547109e-09 6.866420732357310857e-12
2.584064428163017259e-03 2.248706341387245182e-09 6.776487398655272966e-12
2.624037301248864033e-03 2.138303917518402780e-09 6.795632842827573680e-12
2.664628514406000917e-03 2.059771696439837738e-09 6.870420865837013617e-12
2.705847632732318302e-03 2.018687041880122629e-09 6.782533320320529496e-12
2.747704369288123637e-03 2.012883462150215768e-09 6.795324157152446318e-12
2.790208587384984153e-03 2.020598964496363301e-09 6.881303371618819377e-12
2.833370302909956218e-03 2.062295521901661036e-09 6.851364266714640758e-12
2.877199686685782878e-03 2.160628710400819936e-09 6.788003030105138096e-12
2.921707066867587372e-03 2.244255730191917138e-09 6.785471287477345531e-12
2.966902931376639869e-03 2.181683012546513799e-09 6.832375279145600738e-12
3.012797930371790243e-03 2.021644067540894811e-09 6.871502322333256222e-12
3.059402878759112047e-03 2.127760415486264730e-09 6.891176984314329151e-12
3.106728758740378259e-03 2.207012373645205278e-09 6.890248119627581653e-12
3.154786722400964704e-03 2.023897707558544932e-09 6.893225765085925407e-12
3.203588094337768335e-03 2.239766180128360184e-09 6.887696051700973707e-12
3.253144374327786130e-03 2.029167730804884325e-09 6.894256571053961334e-12
3.303467240037982148e-03 2.203242705455342545e-09 6.902151190554183373e-12
3.354568549777058994e-03 2.144872206449162176e-09 6.903422992347600487e-12
3.406460345289807640e-03 2.027061621874406579e-09 6.885749436643239498e-12
3.459154854594680487e-03 2.148498090784666161e-09 6.843996539436891407e-12
3.512664494865260292e-03 2.223121322770375687e-09 6.813379971143473736e-12
3.567001875356281583e-03 2.204279278702902073e-09 6.843610398152765930e-12
3.622179800374953056e-03 2.162378018168526173e-09 6.903032128690781277e-12
3.678211272298206793e-03 2.165385232192664471e-09 6.874413495248413229e-12
3.735109494636659668e-03 2.186065415240315021e-09 6.827252687355366128e-12
3.792887875145917100e-03 2.212812800548707774e-09 6.901200238528820683e-12
3.851560028986073057e-03 2.176339167780723404e-09 6.862496918266075844e-12
3.911139781930013902e-03 2.055266103225745145e-09 6.864586053064651337e-12
3.971641173621410364e-03 2.111493355096961149e-09 6.897143488766824913e-12
4.033078460883066790e-03 2.197148008429636933e-09 6.862253006918954134e-12
4.095466121076488109e-03 2.036511291376789799e-09 6.890639333316187742e-12
4.158818855513353625e-03 2.201572964443961492e-09 6.894673829906878945e-12
4.223151592919843073e-03 2.063375302963354396e-09 6.857240195079511366e-12
4.288479492954471936e-03 2.112283048003720990e-09 6.922820220610187132e-12
4.354817949780406643e-03 2.195879767950360675e-09 6.895403042778152670e-12
4.422182595692998597e-03 2.144037959479287305e-09 6.853894915634600930e-12
4.490589304803470350e-03 2.076706068211948216e-09 6.880624832103143078e-12
4.560054196779547535e-03 2.069346708657272577e-09 6.918521731704473423e-12
4.630593640643968119e-03 2.072258854603471125e-09 6.927287439465603072e-12
4.702224258631760613e-03 2.110315269471765387e-09 6.929112012425974300e-12
4.774962930107183763e-03 2.179965899595475393e-09 6.923017001725344070e-12
4.848826795541247119e-03 2.151892771053046243e-09 6.920570587965675826e-12
4.923833260550788266e-03 2.046647930412062340e-09 6.928296319424617860e-12
4.999999999999999237e-03 2.178583220910692778e-09 6.934567251556558057e-12
5.077344962165402167e-03 2.058969613508544982e-09 6.912484554724937092e-12
5.155886372965279470e-03 2.180129399367440730e-09 6.881813791157807514e-12
5.235642740254497010e-03 2.099597306947311744e-09 6.883567768707023408e-12
5.316632858185807095e-03 2.056915591592951302e-09 6.936766019561015916e-12
5.398875811638551535e-03 2.086104502015561892e-09 6.885585101689500998e-12
5.482390980715924449e-03 2.104224834983942076e-09 6.894710247745850390e-12
5.567198045311808757e-03 2.087597527702732978e-09 6.931069462218805810e-12
5.653316989748198573e-03 2.058117671475062470e-09 6.893715178486617046e-12
5.740768107484413990e-03 2.087930565127548128e-09 6.925794284833726041e-12
5.829572005899160379e-03 2.172597356410605604e-09 6.924814956933013784e-12
5.919749611146507724e-03 2.062095141867466117e-09 6.888554121968028963e-12
6.011322173087065013e-03 2.166168215911819580e-09 6.925201770830920685e-12
6.104311270295358430e-03 2.061048014640275261e-09 6.948314418179141002e-12
6.198738815144719597e-03 2.101804021632688307e-09 6.923227430665363957e-12
6.294627058970835715e-03 2.153557495719792989e-09 6.926161999214576648e-12
6.391998597315120406e-03 2.163027710042350054e-09 6.917388302435580101e-12
6.490876375249243595e-03 2.157460071485804372e-09 6.921122147348244271e-12
6.591283692782035596e-03 2.116521563041593124e-09 6.939789119274566152e-12
6.693244210349969317e-03 2.059831622713214126e-09 6.951261005831827064e-12
6.796781954392626564e-03 2.142114485027840606e-09 6.937951060503226537e-12
6.901921323014425201e-03 2.081661470127440986e-09 6.906128343243287888e-12
7.008687091733854443e-03 2.154517431387565335e-09 6.939295498755049915e-12
7.117104419321706663e-03 2.083601393098951835e-09 6.931839687666049134e-12
7.227198853729638849e-03 2.060653991531494819e-09 6.936067469238269107e-12
7.338996338110350889e-03 2.058887563269047144e-09 6.931369014047107661e-12
7.452523216930980084e-03 2.063024899267817448e-09 6.946943219443729806e-12
7.567806242181042420e-03 2.108636826342815735e-09 6.914146509781913572e-12
7.684872579676361309e-03 2.144092315148547845e-09 6.922681943649981680e-12
7.803749815460557168e-03 2.063129789783589476e-09 6.945429334892683334e-12
7.924465962305568892e-03 2.130455227621855483e-09 6.959613965137290025e-12
8.047049466312680005e-03 2.134860981802854238e-09 6.954387832902040006e-12
8.171529213615687931e-03 2.100402208664884610e-09 6.948559105577628298e-12
8.297934537187806256e-03 2.101203972551293684e-09 6.936780570062390279e-12
8.426295223753762359e-03 2.134506410208135018e-09 6.921008681504136760e-12
8.556641520808903195e-03 2.123779928711574151e-09 6.950127601414848231e-12
8.689004143746880890e-03 2.069028241362670723e-09 6.944404449240618632e-12
8.823414283097498478e-03 2.121261746761339244e-09 6.936979822274518735e-12
8.959903611876669088e-03 2.125835147539145409e-09 6.937468051849083508e-12
9.098504293049921449e-03 2.099543473535050150e-09 6.961152630983136291e-12
9.239248987111451858e-03 2.104704254201070514e-09 6.932601379844960578e-12
9.382170859780427849e-03 2.134649247230273022e-09 6.931581361075084676e-12
9.527303589816240106e-03 2.093865402264893009e-09 6.943126096605700598e-12
9.674681376954760020e-03 2.104012949378945523e-09 6.937919454771353137e-12
9.824338949967339335e-03 2.065210368410817236e-09 6.933131250966911409e-12
9.976311574844402841e-03 2.098988466804508252e-09 6.932789476165845730e-12
1.013063506310571578e-02 2.099201383054692280e-09 6.964582064904338760e-12
1.028734578023919946e-02 2.071550848386436366e-09 6.948088861210088456e-12
1.044648065427020329e-02 2.091016415711709029e-09 6.951595245703329124e-12
1.060807718446342071e-02 2.098553186306630603e-09 6.945892597908352539e-12
1.077217345015942136e-02 2.121168354866665350e-09 6.967074380439913535e-12
1.093880811974776851e-02 2.099804304370239456e-09 6.959958207624850248e-12
1.110802045977905654e-02 2.107992803536530824e-09 6.950961389771902941e-12
1.127985034421788435e-02 2.121462335460116727e-09 6.950715085028540723e-12
1.145433826383887230e-02 2.064396838292174381e-09 6.956121941167683654e-12
1.163152533576812878e-02 2.118939502746169293e-09 6.969616489668951511e-12
1.181145331317231227e-02 2.115715191723898253e-09 6.949355885473780130e-12
1.199416459509746076e-02 2.117706064097207084e-09 6.961704070587954364e-12
1.217970223646013331e-02 2.113004422493818321e-09 6.953179732940169210e-12
1.236810995819310859e-02 2.065410250239155991e-09 6.970769210237871599e-12
1.255943215754790933e-02 2.106845946039294587e-09 6.959984650268745906e-12
1.275371391855679472e-02 2.116823991598383355e-09 6.953644616869852279e-12
1.295100102265662502e-02 2.115485844951338310e-09 6.961095293935565737e-12
1.315133995947691953e-02 2.080296147442507633e-09 6.970863828645439720e-12
1.335477793779492675e-02 2.095065298613905891e-09 6.965248685536341567e-12
1.356136289666014585e-02 2.064589354823116032e-09 6.952250807423390684e-12
1.377114351669082859e-02 2.065528321399412955e-09 6.972333321357602200e-12
1.398416923154538472e-02 2.068741155061933813e-09 6.963764357822917959e-12
1.420049023957108136e-02 2.112239792560877385e-09 6.953011985895912628e-12
1.442015751563302701e-02 2.072705506057615455e-09 6.954037502759251061e-12
1.464322282312618267e-02 2.064094819011404210e-09 6.955033380229448788e-12
1.486973872617303530e-02 2.076366973118027005e-09 6.971147811238062655e-12
1.509975860201007852e-02 2.110296997667409317e-09 6.964610777883793337e-12
1.533333665356591616e-02 2.073925979890288113e-09 6.966992070429787503e-12
1.557052792223380389e-02 2.065978944909850226e-09 6.958337160652860852e-12
1.581138830084189567e-02 2.079698504877487131e-09 6.963725113420424891e-12
1.605597454682411787e-02 2.103817107968235996e-09 6.966364990855676528e-12
1.630434429559467560e-02 2.091079055573150354e-09 6.964164031485288242e-12
1.655655607412955324e-02 2.087276732107800507e-09 6.956894877129208378e-12
1.681266931475813853e-02 2.106140708870131654e-09 6.976462301073510452e-12
1.707274436916801988e-02 2.066269360290620585e-09 6.957060670903374920e-12
1.733684252262658251e-02 2.077169563907309093e-09 6.970510582076313935e-12
1.760502600842260221e-02 2.067468947335469446e-09 6.971922549355521593e-12
1.787735802253108061e-02 2.089270154686018919e-09 6.962215839034536575e-12
1.815390273850506567e-02 2.064815652695323946e-09 6.954255641691668083e-12
1.843472532259788493e-02 2.066758074057190510e-09 6.979024678501619268e-12
1.871989194911907045e-02 2.087163713765630387e-09 6.965382323510407339e-12
1.900946981602805869e-02 2.068918694938537176e-09 6.962862708820492659e-12
1.930352716076907255e-02 2.075051240604535776e-09 6.961938184293399502e-12
1.960213327635077635e-02 2.070722248215845817e-09 6.962148739815995303e-12
1.990535852767486361e-02 2.089718528168739132e-09 6.977521165045753150e-12
2.021327436811722403e-02 2.097028374610173811e-09 6.965655312166012244e-12
2.052595335636539162e-02 2.070290628403860303e-09 6.975619286514303340e-12
2.084346917351677375e-02 2.098581347856255172e-09 6.978717688249952167e-12
2.116589664044105437e-02 2.097288555022661623e-09 6.981839155793799172e-12
2.149331173541137868e-02 2.082686959209579784e-09 6.965962063699708667e-12
2.182579161200830231e-02 2.096843902822880783e-09 6.981485447871873675e-12
2.216341461730045315e-02 2.096884026714823105e-09 6.981028490848408669e-12
2.250626031030667981e-02 2.066975841254216645e-09 6.969952418048855162e-12
2.285440948074375644e-02 2.090573405094430028e-09 6.982110184657486853e-12
2.320794416806390773e-02 2.067715548384452362e-09 6.971849890451801246e-12
2.356694768078702179e-02 2.093399201471773494e-09 6.981761809819376797e-12
2.393150461613192254e-02 2.089088001220691992e-09 6.973095363649572633e-12
2.430170087995110056e-02 2.087987263691121987e-09 6.979886568669852234e-12
2.467762370697402716e-02 2.095179873952587262e-09 6.979027953865272859e-12
2.505936168136362399e-02 2.088674661877722802e-09 6.974038407167858800e-12
2.544700475759046482e-02 2.082283149179779017e-09 6.969821601017618750e-12
2.584064428163017693e-02 2.084492047395613091e-09 6.971745958110544821e-12
2.624037301248863946e-02 2.080624705410071447e-09 6.980718291775890040e-12
2.664628514406003693e-02 2.090785463276758552e-09 6.977397009979369868e-12
2.705847632732318736e-02 2.064581568339997902e-09 6.977909571401190658e-12
2.747704369288124157e-02 2.065032654234488795e-09 6.995631139006392427e-12
2.790208587384984326e-02 2.072635539693713605e-09 6.974133904201235508e-12
2.833370302909956479e-02 2.080900776719934685e-09 6.981871925597323273e-12
2.877199686685785740e-02 2.071029180957995607e-09 6.981543474342669035e-12
2.921707066867589714e-02 2.090914086965057779e-09 6.982077166903208063e-12
2.966902931376639782e-02 2.079619698286813627e-09 6.974086263366902333e-12
3.012797930371789723e-02 2.095666008600452457e-09 6.990296753490242503e-12
3.059402878759109184e-02 2.092575783289057104e-09 6.985615373457168037e-12
3.106728758740378432e-02 2.091314981144459947e-09 6.977736280994774984e-12
3.154786722400967913e-02 2.092784638800558618e-09 6.987835971579086675e-12
3.203588094337768422e-02 2.092939014078556230e-09 6.980442224079887345e-12
3.253144374327786303e-02 2.093260118870910441e-09 6.984660599194819837e-12
3.303467240037982061e-02 2.096283094280067445e-09 6.976181117959954371e-12
3.354568549777055264e-02 2.081243300287432399e-09 6.969933441335315335e-12
3.406460345289807207e-02 2.077339278044417524e-09 6.978342732304669914e-12
3.459154854594684303e-02 2.093578861891975898e-09 6.983580205135708484e-12
3.512664494865259945e-02 2.096598086197348928e-09 6.978048452872114119e-12
3.567001875356282103e-02 2.081346615262700124e-09 6.972068458773576502e-12
3.622179800374952796e-02 2.097867630163118263e-09 6.985843657757583052e-12
3.678211272298206186e-02 2.091756092105242877e-09 6.987214701985304110e-12
3.735109494636659061e-02 2.086606801453461706e-09 6.986726502396284535e-12
3.792887875145921350e-02 2.082704303271718918e-09 6.984406858629097989e-12
3.851560028986072970e-02 2.093660072153635125e-09 6.980319448804696523e-12
3.911139781930014075e-02 2.086398233313748323e-09 6.984375014184902003e-12
3.971641173621410364e-02 2.091050017403290031e-09 6.977571500484270811e-12
4.033078460883067484e-02 2.084369031876702753e-09 6.977020189806260124e-12
4.095466121076488109e-02 2.101152149683567217e-09 6.988547379631128829e-12
4.158818855513358309e-02 2.104726561237112308e-09 6.959258430274308234e-12
4.223151592919843073e-02 2.098000636057116173e-09 6.950044708070888505e-12
4.288479492954472283e-02 2.093560489199174051e-09 6.979400868630802611e-12
4.354817949780406816e-02 2.089037557186655694e-09 6.979406577752894728e-12
4.422182595692998597e-02 2.090540249660512852e-09 6.982532350938460112e-12
4.490589304803474513e-02 2.101180572856891824e-09 6.972247834617637726e-12
4.560054196779552566e-02 2.095821177359698825e-09 6.986915237469315110e-12
4.630593640643967945e-02 2.123916594486395775e-09 6.981620314607315383e-12
4.702224258631761133e-02 2.107755475824422351e-09 6.987585920382651756e-12
4.774962930107178732e-02 2.098849686818995177e-09 6.982388219124786811e-12
4.848826795541247292e-02 2.103275462885111512e-09 6.982050465568186149e-12
4.923833260550793123e-02 2.077136557102071266e-09 6.987260261344933966e-12
4.999999999999999584e-02 2.111564020845980996e-09 7.005505162950670191e-12
5.077344962165403208e-02 2.112642094113589722e-09 6.974900097355613597e-12
5.155886372965279296e-02 2.113324402499734077e-09 6.993674607152919802e-12
5.235642740254497357e-02 2.107863346492105725e-09 6.976586328442154762e-12
5.316632858185806748e-02 2.108016076471361076e-09 6.983132732025845447e-12
5.398875811638551708e-02 2.116333078087825542e-09 6.978637010136687769e-12
5.482390980715925316e-02 2.107969358858725006e-09 6.976872093272872422e-12
5.567198045311808757e-02 2.104341188898675934e-09 6.973039217073697179e-12
5.653316989748199267e-02 2.119844504911871455e-09 6.979677570713016332e-12
5.740768107484413990e-02 2.113855322440718216e-09 6.998672094515879887e-12
5.829572005899161247e-02 2.113249081698468102e-09 6.952950948283314994e-12
5.919749611146513102e-02 2.118049848192717993e-09 6.982360419461684496e-12
6.011322173087065013e-02 2.126407848246029725e-09 6.988479381388362084e-12
6.104311270295358083e-02 2.126149638690121236e-09 6.976100280171889314e-12
6.198738815144726189e-02 2.121998924255914624e-09 6.997486493023637780e-12
6.294627058970836408e-02 2.124423056348816478e-09 6.974353392645456806e-12
6.391998597315121100e-02 2.132763190286744153e-09 6.987480447251943120e-12
6.490876375249250707e-02 2.124690653971856429e-09 6.986211329894204262e-12
6.591283692782036463e-02 2.136261994538294788e-09 6.989570062107507756e-12
6.693244210349968970e-02 2.127188796600167744e-09 6.978250344781867903e-12
6.796781954392633329e-02 2.136201145107565904e-09 6.984595801611246803e-12
6.901921323014424681e-02 2.142760145064192396e-09 6.981115459759959627e-12
7.008687091733853403e-02 2.143509045759823254e-09 6.987718563582152589e-12
7.117104419321707010e-02 2.140857886518498439e-09 6.987060020737561660e-12
7.227198853729638328e-02 2.140286475711151959e-09 6.987395173345078505e-12
7.338996338110351236e-02 2.146010733088989635e-09 6.983008292742137549e-12
7.452523216930979910e-02 2.151299531983115867e-09 6.984381895061659101e-12
7.567806242181042420e-02 2.151684218171712821e-09 6.993351284851178069e-12
7.684872579676362003e-02 2.149246860127564350e-09 6.955038129078417591e-12
7.803749815460556127e-02 2.153186578581245613e-09 6.984129778464771931e-12
7.924465962305569933e-02 2.159213932918288614e-09 6.991442160240985076e-12
8.047049466312679311e-02 2.120508126520896846e-09 7.003192696140471100e-12
8.171529213615687237e-02 2.166058732642288872e-09 6.983106827345681364e-12
8.297934537187805215e-02 2.159178978491093097e-09 6.985216531817696532e-12
8.426295223753761665e-02 2.162173348617712977e-09 6.998718491525611599e-12
8.556641520808903889e-02 2.171190059681106658e-09 6.981671066521905906e-12
8.689004143746879849e-02 2.168778216381155505e-09 6.983539711327365442e-12
8.823414283097506805e-02 2.178531250718809104e-09 6.999937719277025379e-12
8.959903611876668394e-02 2.176175742177182254e-09 6.982920648515789855e-12
9.098504293049920755e-02 2.184394628127215829e-09 6.986969977476539627e-12
9.239248987111461919e-02 2.180427190170325774e-09 7.030339281724775721e-12
9.382170859780426808e-02 2.190761486914333224e-09 6.983425103196264924e-12
9.527303589816239759e-02 2.187108590279496092e-09 6.983348233068088980e-12
9.674681376954769041e-02 2.194264325867987462e-09 6.985266130329106216e-12
9.824338949967340029e-02 2.197384680650957515e-09 6.982022574451105122e-12
9.976311574844401453e-02 2.203701164815015810e-09 6.990524475473665654e-12
1.013063506310572376e-01 2.204094782692949949e-09 6.985031153513549851e-12
1.028734578023919877e-01 2.203276023196177826e-09 6.986445883383470686e-12
1.044648065427020295e-01 2.209818702174307649e-09 6.986178341311407009e-12
1.060807718446342279e-01 2.215359310023279051e-09 6.985185012743834502e-12
1.077217345015941963e-01 2.216030564045292314e-09 6.995450405454677632e-12
1.093880811974776990e-01 2.225084150826704583e-09 7.025430593422004736e-12
1.110802045977905550e-01 2.226552991166179711e-09 6.984896650004179462e-12
1.127985034421788435e-01 2.231872114355597847e-09 6.987314162639428422e-12
1.145433826383887160e-01 2.243890395329419297e-09 6.984496089908677383e-12
1.163152533576813086e-01 2.233524280587766001e-09 6.993777045000698119e-12
1.181145331317231262e-01 2.238130622182313258e-09 6.986636807181353852e-12
1.199416459509746041e-01 2.243641959237956927e-09 6.982421833468585741e-12
1.217970223646013539e-01 2.250678020306073574e-09 6.989899741738768892e-12
1.236810995819311032e-01 2.274544832431397006e-09 7.038629362233176802e-12
1.255943215754790898e-01 2.261659978421531498e-09 6.987721356742986126e-12
1.275371391855679437e-01 2.273778897497920964e-09 6.986270847045517610e-12
1.295100102265662467e-01 2.271887784133510582e-09 6.989017738921550623e-12
1.315133995947691814e-01 2.271887809865560883e-09 6.987073626687091109e-12
1.335477793779492606e-01 2.275579931718588090e-09 6.991301947863356351e-12
1.356136289666014794e-01 2.280139658293690263e-09 6.968291190896569866e-12
1.377114351669084247e-01 2.293896796866276627e-09 6.986419567503368120e-12
1.398416923154538749e-01 2.290804964232471600e-09 6.985883848001884966e-12
1.420049023957108136e-01 2.296788580645126192e-09 7.037390452480035326e-12
1.442015751563304193e-01 2.309065788360238752e-09 6.986114508338174626e-12
1.464322282312618406e-01 2.312845573455182062e-09 6.989000484089826842e-12
1.486973872617303738e-01 2.320716486522418661e-09 6.993035527181024152e-12
1.509975860201009379e-01 2.327838840931944588e-09 6.977432289100847521e-12
1.533333665356591546e-01 2.331342702136652571e-09 7.049804452076886793e-12
1.557052792223380666e-01 2.343706489622144148e-09 6.991045675289903491e-12
1.581138830084191094e-01 2.340394919864236518e-09 6.987099664120546776e-12
1.605597454682411718e-01 2.348590790489298898e-09 6.966855882543010432e-12
1.630434429559467491e-01 2.346724301767052242e-09 6.982091959786430074e-12
1.655655607412955255e-01 2.361001951525568186e-09 6.984385717356528674e-12
1.681266931475813853e-01 2.371827977828029850e-09 6.981280970774491702e-12
1.707274436916801919e-01 2.374109355147769928e-09 6.986332042879372965e-12
1.733684252262658043e-01 2.381330569767107238e-09 6.988300522587368931e-12
1.760502600842260290e-01 2.390052575250080715e-09 6.980536232041065481e-12
1.787735802253107853e-01 2.396758836802478030e-09 6.948104939869104518e-12
1.815390273850506775e-01 2.401082313226393471e-09 6.958310585064860651e-12
1.843472532259788355e-01 2.413074398423964071e-09 6.987403935136855804e-12
1.871989194911906906e-01 2.419555068537557113e-09 6.987233350646100579e-12
1.900946981602806007e-01 2.429165999464721256e-09 6.991260897345525669e-12
1.930352716076907393e-01 2.441372177638762493e-09 6.991515305234347009e-12
1.960213327635077496e-01 2.515022033302505787e-09 6.986276016551085662e-12
1.990535852767486569e-01 2.455508293613571971e-09 6.986011843507783191e-12
2.021327436811722333e-01 2.464201999145266463e-09 7.005445741485501761e-12
2.052595335636541174e-01 2.473846277809518686e-09 6.985729701074964211e-12
2.084346917351677098e-01 2.485554940281990055e-09 6.988717167270775199e-12
2.116589664044105368e-01 2.494330373920481452e-09 6.992833730341161692e-12
2.149331173541140227e-01 2.506070648585330500e-09 6.960081621063076379e-12
2.182579161200830231e-01 2.516149525428982995e-09 6.979000548949594080e-12
2.216341461730045315e-01 2.524428813929559148e-09 6.979275462142590454e-12
2.250626031030670271e-01 2.532262220270661009e-09 7.009091116024624074e-12
2.285440948074375367e-01 2.544749561037726234e-09 6.987183198020513931e-12
2.320794416806390703e-01 2.554150582531862971e-09 6.985483369956305158e-12
2.356694768078704816e-01 2.566744375617337628e-09 6.994345368150987478e-12
2.393150461613192392e-01 2.581121609094076975e-09 6.981059905482335082e-12
2.430170087995110195e-01 2.585593804571670839e-09 6.990347077179014184e-12
2.467762370697402785e-01 2.578650794349834703e-09 6.981131814030791425e-12
2.505936168136362330e-01 2.618629441235422442e-09 6.852466728707597898e-12
2.544700475759046343e-01 2.625205349872700256e-09 6.994759506042695020e-12
2.584064428163017069e-01 2.637634032089218017e-09 6.965209075795267754e-12
2.624037301248863807e-01 2.644397005166282209e-09 6.988181558265925694e-12
2.664628514406003901e-01 2.672367436675778787e-09 6.993343975520053903e-12
2.705847632732318320e-01 2.675769253604427032e-09 6.983124095235914836e-12
2.747704369288123671e-01 2.689337230004960609e-09 6.991524308518838424e-12
2.790208587384984118e-01 2.703031034813698743e-09 7.032873510121222943e-12
2.833370302909956062e-01 2.718224926707836452e-09 6.942557580815528505e-12
2.877199686685785740e-01 2.731962021465684684e-09 6.995694090335857452e-12
2.921707066867590408e-01 2.677842345398351501e-09 6.868696777931298032e-12
2.966902931376639851e-01 2.767452654783781120e-09 6.993925332817803517e-12
3.012797930371790001e-01 2.779300967008375259e-09 6.984370682142704631e-12
3.059402878759112099e-01 2.790917439257440673e-09 7.028151672570956519e-12
3.106728758740379126e-01 2.807950103691120642e-09 6.978990266043141399e-12
3.154786722400967913e-01 2.826259790788804203e-09 6.979020500177492208e-12
3.203588094337771475e-01 2.842046621442857720e-09 6.995806439102774537e-12
3.253144374327786581e-01 2.864168700556614430e-09 6.986043902207088942e-12
3.303467240037981645e-01 2.882347198738522698e-09 6.984139579825183542e-12
3.354568549777058872e-01 2.899456712465898881e-09 6.985829684462052531e-12
3.406460345289807345e-01 2.909086073962685238e-09 6.970412337563392932e-12
3.459154854594684303e-01 2.937715880390436605e-09 6.998945988108430403e-12
3.512664494865263554e-01 2.961307845945389063e-09 6.976368854939382034e-12
3.567001875356281548e-01 2.977755948370126851e-09 6.998479102027347958e-12
3.622179800374952241e-01 3.004396526561119994e-09 6.985348532172571822e-12
3.678211272298206325e-01 3.017916646677347026e-09 6.981678035693165590e-12
3.735109494636659200e-01 3.038132597793913581e-09 7.012766012694550958e-12
3.792887875145921073e-01 3.062665672716661389e-09 6.992443907092082055e-12
3.851560028986072970e-01 3.084065681490336551e-09 6.985280489505928109e-12
3.911139781930014214e-01 3.110246705581088788e-09 6.974228080748691151e-12
3.971641173621410781e-01 3.135039230319688809e-09 6.926140327988326072e-12
4.033078460883067207e-01 3.158202004538241985e-09 6.985861046637026217e-12
4.095466121076487553e-01 3.181640669125603993e-09 6.986374072645268602e-12
4.158818855513357615e-01 3.205770300506751809e-09 6.986794393475075811e-12
4.223151592919842656e-01 3.229796744439799819e-09 6.984643754846622620e-12
4.288479492954472283e-01 3.251732255280291096e-09 6.990914165806257595e-12
4.354817949780406261e-01 3.290526294367336644e-09 6.990674484606267262e-12
4.422182595692998874e-01 3.316691302836796938e-09 6.981929917320071365e-12
4.490589304803475068e-01 3.303635363120837461e-09 6.955664914430147480e-12
4.560054196779551594e-01 3.375768864043576167e-09 6.983607071104885957e-12
4.630593640643968500e-01 3.400857166464071082e-09 6.903390895663001016e-12
4.702224258631761411e-01 3.426674949034441214e-09 6.938842709436055457e-12
4.774962930107183867e-01 3.468522098435474911e-09 6.983587586151429791e-12
4.848826795541247847e-01 3.502168769007647772e-09 6.977795605755089219e-12
4.923833260550793400e-01 3.577438970662897339e-09 6.993614094917563683e-12
5.000000000000000000e-01 3.655499411734426208e-09 6.976737514991714982e-12
